211.14951617408016
84.76682104066691
201.63017217292344
347.09225818456537
142.22332170189551
2.6768830543815554
94.08108284058402
-66.46038450306082
49.66633313943913
41.585004090433756
58.0027534506025
37.43706422132942
6.710672609298854
19.242577454617145
-153.85882518354123
-50.30136965366388
-22.75914543168143
10.882505262010277
131.36812805203078
-60.34325264467798
56.35106444913878
-8.734039121831463
-74.31382684198324
356.06007375827596
63.02807682989676
87.9224729114139
142.9191651023689
225.31757711710114
342.5633239255262
250.50382693641694
16.371229977911483
-110.17613535991298
98.47282627137635
323.0403594899593
329.2501015017777
460.3453998897321
400.95167284839283
235.70761766887205
105.06273436235736
126.56605865705728
86.04858493064006
234.64068138457606
106.21974082897555
25.157768973226528
286.49882010830174
24.360735115176986
397.68509854320166
454.5022886096918
98.13589607227743
144.06077619454615
31.844635798807193
60.13213932926649
7.1088441597676475
54.00614180342153
-1.5061388704950556
301.8296932962268
175.69531503065627
41.07185023636817
34.620139595209636
12.550692437991465
2.349196161904467
316.34266389522816
186.72186510332355
135.65832898779544
249.3215537938156
65.30633341221751
-27.19683772339676
-12.686169656684797
-56.071039944584776
10.787721311692803
-104.04958948733758
-21.13838649614307
-273.5050858258486
-40.34308256390966
-145.38982497933895
118.33758746232994
331.1436055572416
55.42799351330724
197.03768746386885
192.51030234393227
282.94176595430423
168.56337413278794
354.68108380539445
166.3341675521768
131.93604016457545
349.82803509202955
340.7799384746135
191.6304178042248
78.90817991296785
111.29165439986639
