416.57791030036907
217.8407467939293
254.3428781014145
35.412384367964805
161.4474196608115
176.0497435547075
-20.465530304937054
97.66133502397379
319.0568239940367
167.23967732383935
280.5665794490827
280.2937341617768
180.81819193698502
109.06531488487684
25.5797455889485
-18.618339357867555
-265.2552918364793
32.71980115472683
50.66692753341432
134.39545261093943
75.40927327196307
1.5015735338955118
-1194.562314862562
253.40920654113745
434.71309721602046
378.7041069647777
45.70718296257456
289.2792103243239
245.7008812717443
453.1518992336246
208.30817926308038
325.8122614447944
473.7167183509249
103.04737011353741
336.7965901354253
127.99892233099033
389.78152744251605
195.82690985236994
181.07123011156176
329.42559144197423
279.0644546294333
181.86139101543404
247.3670922882589
118.67787272892141
258.8089710015263
48.73741442923334
548.029747981909
93.50847464510169
375.13856292627656
307.01185572323675
382.9674298804954
333.6878990394621
359.48972445452205
315.0735599861513
436.57764276610254
273.2761548800335
514.1901690280166
435.67282863577583
192.88511390021574
236.17605519611064
-249.00582411366494
322.9925871453004
239.92641854691806
264.37540196523355
151.69582896950047
180.56716880290853
185.4691244688605
83.94551344275023
146.31506285114864
52.35116232377576
27.243614108695606
0.10414023768793967
-14.783228505509273
-200.73003773535848
-19.445109374305368
-220.22129166981733
-45.19032372090584
-45.99107010824543
-337.77151965646846
-118.74972391707387
-9.055658012616018
-418.3843409444626
-32.935380359299394
-238.9584593682088
-9.529639917522303
-47.979202512337366
-125.90601127956037
156.59294741377747
220.7934212929901
296.30533779851885
