-0.9333016092326929
-321.14043366530296
-148.33492521310362
-16.923706053971344
-115.21838122829995
-136.8008746791408
-136.95031608569695
-235.95277707030772
-293.71578915829764
-284.2574379179584
-198.837345690902
-444.0647796927725
-66.6308675580341
-436.45703965795633
-240.61053949005347
-577.9346672990972
-713.8818011624883
-265.416842894454
-150.44772523714326
-212.68301496088444
-260.9014500242322
-318.89015472208894
-231.78577191746405
-378.79875855146395
-321.6678717973763
-188.44807093761642
-135.0951586110155
-157.09820008054317
-180.26744167024043
-129.88362527662434
-151.67841292667129
-74.24027849491159
-110.45823652062158
-36.06610309163675
-62.772664629081696
-90.75418268244147
-255.8592723326142
-495.7029083292921
-136.78787224397925
-305.9717801936983
-304.9003593879422
-168.20102544940713
-434.2236892680368
-246.74732863219663
-61.234280197446296
-130.38595107842406
-174.09620728452484
-173.42257690885427
-615.7244349260982
-578.6697140379251
-1806.3016868679051
-599.9613867815158
-860.9344177115809
-595.7534931565117
-799.6722734035263
-1927.7610251630806
-602.5056494927214
-535.3216876077389
-554.8858297812933
-580.931032463043
-475.7839050720623
-824.9985766427646
-832.7033359563403
-891.053482869499
-744.2858734558266
-2389.779227770955
-534.0086939931783
-1019.6240506286339
-642.2728444987727
-1014.9063854853808
-528.530585037691
-652.4641224422896
-1329.2047295984485
-1232.2617131685588
-1119.3775480501558
-660.1248609611023
-1736.203049423283
-860.4511208112762
-968.5089361314535
-491.9734920286324
-552.9683820194671
-608.9562091890971
-776.2508939645897
-741.7699838500818
-615.3512393326276
-1091.29288279069
-671.0630767577079
-626.3561758360307
-604.9340865727534
-958.649006742689
-496.5779441816769
-1062.7024191020591
-1029.0949447391965
-761.3770312965792
-1207.3185802542619
-580.4760945777974
-1032.5546407198617
-921.9399780771479
-516.5456611600403
-441.4603694512287
-531.713172244117
-875.3582132286242
-628.1130864636748
-462.3453621169567
-1463.2000897293772
-549.7362105790619
-635.6571872276661
-765.5138758988046
-543.6561349749655
-760.263202299056
-585.7399840645963
-887.7036830245875
-671.8326280972858
-790.4797864870748
-739.8601729212528
-546.8603986721598
-1749.7489929718377
-847.3431798925842
-619.5912764577895
-974.2840822105669
-670.9806311160335
-759.7361480499944
-504.4892234220691
-1522.4224835180632
-763.4100122046166
-1069.5557831480698
-641.2572591655469
-864.6061787545488
-609.4267702980437
-921.3334787490421
-650.3014084986821
-569.785089807928
-700.0743288651104
-683.7736171157721
-582.9858656670492
-605.8311899295495
-481.90909270668385
-503.8798549495513
-524.2909104041829
-1542.7441610855674
-943.116299472613
-654.3470081014456
-774.0910413711392
-578.7652504008847
-622.9214599120485
-574.3451765410198
-567.5886329117001
-726.5857588361893
-1310.6781083004264
-658.2193665555104
-776.8467839958954
-638.0928497116537
-833.8397541767035
-561.0256509253604
-799.3198488932493
-603.3288118358819
-671.6558497540866
-602.196648594243
-560.717221323147
-513.6267557277603
-709.1982210565939
-941.3968429572608
-1372.0247510333315
-489.36796459206096
-668.3633209148521
-821.7267864441837
-431.78453789576656
-615.2496087382927
-830.2265706526557
-533.3235406722426
-2243.0386326647968
-1873.708566652473
-643.0179283467488
-527.76854247808
-1029.0000422695362
-672.4883016946853
-899.3411983400201
-554.492396611108
-600.1685396103037
-825.4108484949013
-590.5626141205469
-614.4946473351991
-754.1874673338071
-623.4838713076881
-600.9503346814056
-844.9003911446799
-1087.5541502015174
-743.9764297908557
-813.6038246442893
-551.5305997931337
-583.0811728276938
-665.1969644102417
-1362.8302543651025
-1250.3630580025174
-860.3137181498939
-628.8494092729926
-693.2687564248481
-596.6484771269534
-515.2018095016173
-586.3086641713317
-1151.6135343962133
-2210.5518686669643
-706.4415705658018
-763.4423068754222
-523.2191502319496
-641.2196565531242
-821.1988396624238
-611.6845875116613
-1163.5161276831761
-1333.174994730914
-560.8926969845897
-748.7830788585065
-726.4534132911151
-1096.1728443399375
-1537.3092527016922
-562.5015193152899
-577.0554420466299
-584.5600294170542
-564.7005697274466
-566.0281287637555
-697.3998019889898
-1712.637373964139
-535.4941945857503
-540.5763706537011
-893.0282667561842
-2673.7322133742737
-653.1989825420843
-603.4275486210729
-593.3628531684554
-2353.550614820635
-594.5525501623465
-880.737987450493
-487.27181955671426
-1279.8570907529324
-546.195252862228
-545.5307048547743
-723.044701043485
-1165.228155433304
-664.1693247230147
-1681.921982868306
-482.08327270941095
-764.4731630338815
-918.7195254857097
-528.1221021714143
-1047.623244722494
-1176.906002264631
-1018.35557512055
-616.1672741091252
-1116.4452866691909
-784.8841953209658
-602.5491009897567
-734.316080396942
-709.5073813503301
-1006.3636173273051
-668.9423144084462
-1229.4899101906842
-520.6693105040592
-579.0840221014287
-663.1927568882265
-722.9212939127331
-1360.0904578274735
-650.3304705721094
-760.0768850577147
-431.1643312198597
-862.6830542864866
-678.2985099160062
-673.8691833381129
-1283.5221308970467
-523.2599217205486
-438.23504711481326
-1097.1507791868173
-865.5523223044338
-416.3993918426063
-583.3102914127783
-997.1247994889745
-610.3221130281815
-1396.682550229662
-832.8358965226427
-1211.0701608597608
-791.0090470828352
-1496.8924242864368
-1056.9175634389992
-564.6030390329478
-803.7321549676769
-780.2569536822652
-979.3166675331333
-1441.7628889891098
-675.8729588154123
-810.8912936118684
-928.4638560321877
-632.3922845956696
-552.3672632447467
-548.6379200448234
-665.7535674720418
-663.0536524892067
-586.7383694967023
-1569.0062785195732
-870.3317063591726
-626.5528856115346
-1265.466678666941
-546.1991468534737
-611.9723538787077
-1814.5089643030565
-488.05018529001705
-464.3533520773689
-720.6060212363054
-544.5272120760549
-494.7959395534115
-862.5296580976401
-505.43599189498354
-653.3098382041914
-710.0346308166189
-839.2069848641435
-627.1960666508799
-884.3876354893359
-656.9499922131034
-755.0976758189686
-505.30606890401043
-674.8483382566184
-695.9209164177178
-641.0205227335794
-731.2977558412031
-805.5119911765511
-1212.3436515231463
-689.3941388111047
-533.5508647923695
-752.3382251752378
-1280.4268140791953
-1174.1664251284058
-720.7729237660471
-985.9060042552388
-875.0577285146857
-660.802597810831
-687.514235218032
-719.1108663511345
-462.3094463181777
-561.0485512153253
-919.9638958784799
-1580.8534062963527
-520.1618721638681
-916.6618682316971
-1805.1078933850422
-761.4441020900912
-512.976269344951
-500.78473321496955
-1282.8941905257716
-637.4142462339266
-1795.2465719818451
-608.9497511775985
-532.4387203748697
-588.5067193454056
-1307.7748903628762
-750.892298003933
-588.3945008860622
-1247.283270526636
-834.4003060561416
-1499.3821743539502
-731.6608870347493
-923.853756844137
-595.0716540244605
-835.3302449373568
-616.522098356661
-1020.5405392178484
-597.9530117903973
-633.2281248321524
-639.5729315492396
-458.06850521010927
-702.2304929935754
-922.079552540711
-572.2381984531753
-952.3968298496279
-691.4221275811897
-1175.6567626225265
-1771.190092927714
-736.8000365731714
-701.2182604025534
-1536.3323245352071
-623.8289062265076
-427.8846314251807
-1172.3479864287428
-915.2608749721661
-630.2125096810731
-619.5962551150624
-688.6430874259247
-538.293352530707
-502.82178202560146
-934.9546531481392
-1213.6029740236504
-1332.0467009596116
-1182.1441609599249
-704.6877079438643
-909.147215767156
-716.3257673666808
-563.0501429090675
-941.0004635899304
-903.6565583346633
-539.9921678564795
-769.0836133304829
-654.5771347129756
-587.5104628016168
-1062.700719813475
-735.2599726422005
-579.031120106114
-632.4596173146681
-555.5591164300381
-783.039243500687
-477.4007297579851
-2192.2372735920558
-1097.5550257200507
-837.0876914230519
-916.4384008631424
-684.2076345029461
-662.7633441175449
-551.7844349535505
-1093.119025290532
-1594.065735811372
-883.4363439580948
-509.5350619335322
-647.2809358005491
-767.7849033479523
-1373.204606363313
-841.32281271837
-1270.4670478958124
-902.1022501141936
-782.0228399630514
-711.808266105134
-570.2766130897355
-643.3603261217166
-778.7866320272669
-935.4899593284589
-768.1872163860771
-845.1278169266348
-497.66330753914207
-995.4845859136403
-551.1363581833035
-624.9068145950564
-451.5264154968993
-539.3263887282303
-723.8433410260385
-756.5831432016718
-847.7490811040697
-1182.5320630240162
-1160.4943405288286
-980.5950765788873
-1453.2213535568424
-834.0454595612028
-625.1504821962683
-1234.8055810873293
-616.3892409351201
-710.9443781200152
-425.68862394853966
-861.5638808468328
-596.3782367020176
-717.9823464126662
-1685.394260570271
-630.4074086566571
-753.8213226137449
-489.901190035449
-534.1981259809285
-630.842467846533
-658.6351563158994
-647.9323418149547
-602.8011434792306
-916.3521470815489
-1288.4233310009138
-650.9814441377969
-886.8271955566076
-734.927660968899
-824.0087851802994
-777.1125934571513
-541.7241446162557
-589.9404487405976
-502.73519233431756
-1239.8986104858086
-1350.471444177741
-646.8241101590726
-2161.2134702913336
-890.6322729362089
-600.3473390463851
-551.0057798651914
-703.5334157782966
-481.8104831174351
-521.2278672818262
-1293.2454424737189
-853.1619235967878
-668.9907940443022
-1055.5716970689257
-1621.9591703672495
-546.9314083658156
-1100.9795978050388
-833.6754805322885
-687.443422317218
-907.6282021528789
-966.4867793080778
-2405.7487570034964
-758.5712495938496
-714.8730969948332
-539.1053115099181
-491.7228052815079
-650.2442123830825
-877.9409163647879
-703.300667607991
-636.7522098672098
-808.9349809737223
-801.6715497014038
-708.6089669638573
-1085.1259010773072
-589.7495431276269
-639.945654029506
-701.0321870603325
-855.2671609059582
-689.869126287628
-803.9839027985754
-995.6789771980643
-2302.2530368696484
-485.0622434688197
-603.1989022430482
-780.0561298983716
-730.2189519907974
-489.6729262698408
-477.8174532303618
-628.6808594482043
-578.514206127762
-1012.0023175684468
-729.0066886687832
-1336.6525359228337
-1583.5784748262263
-496.4532534338819
-741.4407008065186
-958.1562425004045
-1859.3030201228162
-504.49325364415654
-508.0951531578091
-573.7959305036637
-493.62477665249
-600.4718262552867
-2113.49538303347
-654.7956599706034
-589.7260677438028
-617.1898281278243
-590.6321421333746
-564.491787827317
-572.9777611254572
-838.7512999448261
-779.9287589066628
-552.1293128282111
-639.5863939211033
-715.2064938690671
-446.9334801829101
-622.5827720076907
-712.303622801283
-692.7383522225533
-798.7112402688143
-970.3246744907068
-521.3244805305985
-519.3718749079263
-642.6561743488281
-1304.1786936334554
-2585.415092009648
-887.1404879833862
-651.2358705382748
-902.3835864638384
-588.5666778081281
-1896.626973453243
-1666.094927385629
-555.6097158157067
-1109.534932073433
-948.0654298675333
-1778.7473737924659
-657.1989175882779
-1593.7620203082133
-595.7908456096659
-530.0922963103653
-652.7309473268256
-953.9991161625896
-865.1833499699513
-891.9579023124722
-531.5045559907444
-992.9650470938659
-1180.1574283831378
-845.8721391455581
-576.0016033826965
-486.32023554968055
-627.3299647754029
-937.1335870480453
-620.8690074266005
-983.3614290232829
-856.3876208426913
-927.2401060945595
-566.7771046129596
-487.51711158284706
-1031.5357031276
-668.105634949259
-2300.656082981392
-735.8445053411435
-441.3547679977546
-636.516452153485
-722.3576612088216
-586.7034803778537
-1415.2583145483795
-371.7638202059395
-589.531992673746
-759.2891198540474
-718.5691851286113
-594.7582361175391
-471.2716519805747
-1179.5986868387704
-751.4556194876428
-605.9965027695691
-734.6709712519389
-658.9526035118777
-694.5931295602338
-627.5706573666455
-874.6729376631235
-677.8539985082606
-742.4483123828586
-841.935816582743
-867.6526310415396
-1010.4918573718271
-777.0249982652443
-725.6722732650894
-689.0935696352576
-781.8787271921819
-451.09654041856925
-597.8940916937049
-605.4547076386116
-611.5996138714104
-444.70155569129224
-556.4035488361376
-357.0064283944323
-434.9171191602079
-746.0085425565619
-559.8221629362066
-738.203274078647
-721.6388833879945
-549.0720805019776
-454.2449966435721
-536.5839691390661
-419.1060439832403
-460.31698960360706
-654.5497333121134
-685.664026524949
-562.5140164334572
-387.21121070820374
-579.0140538351526
-647.4293051481534
-519.4966873127596
-551.8478555358699
-501.90597100515026
-484.46960802095236
-581.4196787906831
-518.4046275190515
-615.630233176011
-390.692298256071
-626.172619401582
-543.7467738377159
-638.269679420428
-587.1276487893508
-654.6058046395324
-491.99989399625406
-475.5649370046556
-672.9646625075196
-598.3965421948797
-585.5525137481266
-671.9476225623966
-745.6847549290104
-513.8761146388704
-670.4148727621184
-338.83006376089315
-751.3726950610742
-589.6077735198166
-610.9768518832371
-612.6966082787125
-609.9164908598383
-487.6407780801456
-675.853947003673
-606.449681209103
-714.717604616869
-400.94974922822144
-538.066703741533
-608.9798036757379
-729.2625312748268
-604.4577173852249
-587.2436811993582
-522.8931211856745
-660.5518339472696
-462.6443500573835
-431.95810746023375
-602.3926596181511
-621.6659068224262
-495.3480681526157
-583.6441932604313
-728.9128198651985
-611.3946841941789
-416.67452666117333
-626.2978933392935
-591.4532328537445
-880.0140769447039
-632.3824484266288
-720.4853427191322
-373.28612610537823
-674.5779452250952
-334.2904526268238
-606.4175707606145
-652.1466259436354
-641.9705865796798
-671.4592743716441
-526.2328823869245
-663.2023857519682
-728.7469729434847
-631.0418737449793
-629.8293000479434
-456.6021320138311
-750.7874880364747
-526.3128811027556
-658.2262650356463
-487.35174143173487
-471.89799400107927
-645.4352110841153
-479.2929540650427
-327.9538087973621
-698.9605465573259
-599.1315794479782
-464.8610903115823
-689.3781878136122
-503.22792139207223
-865.6519330772052
-419.29128948890565
-817.0761332238638
-677.5418728173213
-532.4498427280628
-401.0596580633802
-744.8241698001307
-787.9483717824794
-687.9220180534896
-484.7979493515122
-423.44401274007475
-513.1944556390349
-549.505535683008
-653.8003679576364
-959.1957377773547
-559.61475504248
-416.1173013223346
-785.6861851189228
-506.10467264222945
-521.535201677724
-458.4278317643237
-622.7695278183269
-691.3124858023458
-629.3005820721887
-596.2275944639866
-637.2546787302867
-429.90419249749795
-418.39584941382526
-607.1124594921953
-429.563411070719
-592.6519195661521
-708.0552022178772
-645.4435617704914
-535.6032814821241
-524.1879733801734
-791.6057823677372
-616.900947062369
-513.1074331898412
-644.3606013479183
-633.2724695036111
-488.36054827093983
-477.33569324252323
-647.4445821877566
-792.6151348761064
-660.7209410243183
-510.9477889610858
-642.2819539366754
-463.8591285046763
-536.4167904910803
-817.9670924812067
-606.8435249771669
-429.3879776461846
-440.7435499254792
-547.3090437506081
-453.19343250595057
-654.6213823824646
-591.4882321496751
-577.7997507372398
-409.32141817606646
-619.5788398643554
-727.9472075920419
-637.0271640165806
-523.9491291388397
-656.012940995993
-509.950995636298
-456.9093073753636
-442.73127122913144
-443.5031070041655
-444.3928806592557
-506.1552488685265
-389.2380316125052
-766.2856612393673
-482.71137854247814
-505.9112137502618
-445.92392510697283
-664.5846753018901
-452.6402176069824
-454.5282645991576
-642.0517186316322
-431.5071240674164
-495.9320275315511
-650.4665155202756
-617.061644850623
-780.68533964571
-582.4367390119475
-858.3908177778541
-440.5241306716503
-648.2106635433219
-440.98277618993967
-853.8365663082245
-565.1126536400052
-504.24401004482456
-488.54824690621615
-436.49731744493107
-646.3392601842368
-729.8638842606222
-668.7050105171331
-529.7937233840078
-605.7027386431739
-477.1210229587518
-529.2515373754402
-671.8247688015257
-690.1910503073495
-614.062824956411
-722.602920683181
-569.6135619679661
-530.2706146468934
-432.0259311547016
-519.6911823292706
-659.0607695132393
-742.1183060661788
-898.5367956678786
-482.15931447571415
-454.37007537694507
-635.7150233103963
-512.3221574190806
-837.0692726499635
-512.3686118958776
-589.5236718791851
-480.3262640109829
-472.6842175453487
-423.87575300530034
-475.70613870728175
-593.0439996157313
-776.5199036665372
-455.84001396836317
-665.2364541743943
-352.75558444735356
-562.9358613176187
-515.2979427412795
-605.4797508063548
-777.8667432577097
-622.2005658882238
-418.608303653406
-559.1321699763589
-394.998966567772
-587.9803731461441
-617.1739608712774
-447.4188440898887
-780.246767905209
-661.9568204242046
-489.61613302596027
-662.7814053157049
-535.0620553330764
-691.6440952119495
-518.9087827790753
-742.0931485549834
-475.01991915286567
-581.9536789728545
-462.61252713781425
-683.7953642404381
-500.2164642978748
-387.17675349604315
-476.5796513126379
-475.4268597293183
-606.101562284327
-563.1986296598516
-584.0807678803017
-710.635427819627
-622.1520353168592
-538.4398551206966
-484.22034915619685
-413.11467735697204
-436.972508819674
-688.456702000236
-664.1018033233456
-535.4468226736986
-530.0581107543237
-576.1571434652574
-404.9004337576072
-694.6761884147462
-729.9565628908147
-458.1522983722248
-627.5429426563223
-978.596697961905
-656.5622031887436
-723.5321760884315
-520.9346492627952
-560.5315413484989
-588.0700747061225
-641.6431055588196
-736.2185156457543
-577.8404435202342
-597.7371077953633
-622.3326393524471
-490.60383548890263
-511.45636256876844
-477.1131657654287
-494.18937250583605
-456.9775958748588
-565.2970806280568
-796.6318461183145
-613.1452021967419
-518.3516281420729
-759.6098246830331
-800.1418970525103
-701.7319577051811
-594.6461468838493
-686.9979547557684
-427.59410168958226
-558.9406045060941
-426.4161529253189
-555.8828502047946
-611.6569212434462
-588.8107814969967
-695.509819971913
-601.7117086322676
-568.9904683848147
-453.7757339737052
-652.6579603514224
-470.37222160450926
-703.014314828943
-593.4374409205042
-752.774720641438
-428.248639947555
-608.7987968523566
-640.1210361591586
-696.3715908923605
-595.9522431434849
-551.0151079885923
-671.3477658172498
-594.9758821702176
-443.6314900010595
-418.4160186366532
-504.5209122496106
-738.0734045934939
-660.9192002834676
-420.02596681989064
-683.610352435493
-472.69505240596226
-512.8206925449856
-539.365198682211
-515.9980600240293
-545.9655826173463
-460.7381718184409
-572.908312480394
-666.0060312526767
-419.2141932266899
-505.42325011423543
-780.3957191670577
-538.9588151393193
-520.6934394761452
-570.5458735985501
-462.3552611283916
-512.5706808032461
-379.15839134232203
-519.9362288537748
-634.2661873814204
-503.062018554602
-561.1436414801158
-495.05883161063343
-641.5582107417126
-818.9188990115151
-424.3209248428476
-461.25619541460514
-430.4867219807536
-531.0187707369519
-472.36233432285377
-374.1753751431824
-484.6452013164782
-592.893879911254
-813.286447615302
-591.5525007538216
-526.464223182088
-602.2767875426839
-471.45602686067707
-649.5829004193736
-561.7640797579917
-529.8373160170132
-456.1915001371109
-625.8129444937936
-713.7697291597477
-542.4618483858977
-458.612121839383
-452.8477164630409
-559.3025832957051
-469.4003610542877
-552.4772430806262
-577.4322508362825
-470.14943278324745
-787.3217127557941
-577.8704542296852
-765.4936705776977
-739.7988146754753
-495.40103474120235
-752.2189081612164
-582.5825611227201
-523.7091086626497
-577.1285755835976
-604.234791779806
-557.6597790303814
-516.1168572806636
-625.2415960989947
-680.9643808232836
-396.8087367775332
-593.2114162051578
-657.9440754842893
-490.73726790777357
-583.3603787925294
-656.9830067490541
-631.3339792617082
-740.1555418894831
-465.21962787518123
-366.5690424064387
-446.65151149911935
-491.9949488024658
-535.5163923468181
-520.0107398193987
-794.960883881769
-608.3520892853215
-494.66356720702777
-553.0913528056243
-481.8888006308409
-820.9515801912503
-551.0221712221887
-507.62108461358537
-477.82886459778086
-560.0784218815461
-601.1156268764234
-622.0449199854432
-543.027055836231
-367.317262699048
-674.7094610613424
-530.1068596572802
-720.4111188321997
-636.6875074299255
-734.8300828101854
-446.47991806291225
-616.8002066514813
-558.9832632785482
-784.6392334811735
-582.793080146381
-488.5088100913307
-633.079609812586
-727.6210185117399
-459.19305209073764
-547.677986526463
-856.4181283730196
-402.7725950767064
-403.919326516487
-465.6737384866858
-762.4895174020381
-411.8071731023248
-619.8545108740288
-912.1559904342051
-529.5673964071707
-515.010608572653
-381.2625701358723
-523.2507247909069
-510.009427848373
-512.5767836615083
-745.9645264976539
-621.0819650131987
-585.233957473114
-591.652171449412
-687.9321187394999
-472.3611135191097
-412.4048451788919
-470.28561867777194
-411.763455966685
-624.390087116399
-422.85974782198696
-465.78982633267003
-500.31054375332604
-640.7597382268877
-527.8745717313997
-665.389534350216
-569.4953497044788
-433.89953975180885
-449.01253441854146
-540.0066590013255
-463.5680181482114
-418.6799885874397
-642.8590853036653
-546.6411358066039
-598.7982662883478
-473.84936450570297
-429.0868150334659
-422.9217376414091
-637.8850398620282
-550.4461309645687
-496.6446985457109
-559.0279635522115
-496.68367882169
-398.4994139218308
-590.1904709286865
-606.6214576585605
-730.3955639608084
-614.600424620848
-507.6929419188037
-612.536208198264
-460.42435355023224
-655.2047222827728
-735.4234750569892
-449.28881481320474
-540.7274827394251
-645.7861943654591
-723.5725994172354
-548.4567036583089
-607.6766033318158
-685.706737542786
-486.62701329474663
-448.12747879458584
-637.3405515522868
-743.6182748448061
-493.55746283376277
-450.3977755340985
-645.1761714483778
-482.27620302041066
-596.4315852167863
-388.4507535613805
-784.0873193881689
-681.0193978589855
-451.886568605763
-506.72557794769256
-491.6997723328137
-502.18521119087166
-764.3741983696139
-644.6234107807026
-456.8589038579915
-667.1209797700851
-489.8814848484618
-431.82680344708365
-693.8274530139875
-666.6741163300962
-421.0240120925819
-489.4947492985929
-460.704991259326
-786.4295437083953
-614.4436003149627
-770.4174938974336
-597.2422684587564
-397.1368947606486
-470.7680097793427
-612.5154373144211
-570.5020121710677
-643.8286484680341
-507.27962175906225
-658.7727884429745
-555.758996235372
-464.5884091920301
-549.2748295163407
-546.5294100227118
-514.4745094654703
-512.7011220721585
-701.5111274927908
-704.1034261953689
-577.2977119146558
-575.2657511894256
-900.4051630246464
-703.7394137816381
-476.48140284142073
-836.2654345787412
-1326.8393515138703
-991.8522856172141
-555.5698168281767
-542.102253162226
-2897.0132615829925
-607.5039506112957
-580.5112494985797
-1043.5512135064973
-772.7127604352979
-856.015655946905
-627.9953575057987
-848.5851787936747
-450.36535731730237
-547.2492680959774
-464.9571142403888
-489.12653116717354
-866.8486696715456
-662.5083554409125
-557.8045492691415
-731.2127923097778
-856.3556324294871
-542.9817766403094
-599.5843559292492
-519.1889184655032
-1279.209712203551
-570.1446218843114
-481.4646483565065
-599.0439357057197
-804.4003956321732
-615.8591582794362
-455.49228019123376
-695.6961590950739
-592.3069946540039
-480.448845249717
-471.6076506573628
-580.5587460789009
-548.3726367270597
-548.9719794218363
-511.5129066614521
-681.5528994118772
-460.90783936746
-656.8847434043917
-721.8327285335668
-783.5690748068994
-587.070317093019
-575.4972804128056
-760.4376472458148
-810.4409401850485
-731.1573346987743
-445.09874978740515
-822.3764791719033
-573.8196481277708
-564.201322593103
-449.057171038355
-519.7139222025478
-485.2578065775158
-523.7323928650944
-372.53828161442016
-475.8209403594037
-700.527185830428
-448.2831119740863
-964.8137236249125
-557.3002093137193
-600.0260696090235
-593.1848415780239
-514.3020008870778
-752.2502380143542
-590.7766559702245
-732.7573114635106
-434.07248794950124
-517.3440548050041
-513.5788237862494
-572.8199492367065
-489.7341829983774
-672.7212839257231
-758.2234788243716
-597.433751048835
-485.18073216107655
-563.7387900641672
-646.627887410405
-441.77156134721497
-460.8931625715008
-590.0640036555687
-666.1448294086246
-761.1788577984046
-799.9344836309642
-604.3021294864582
-528.64003343108
-466.32511935329853
-591.9146832310987
-660.3684259085251
-558.6623590641275
-466.9158149314459
-427.6949430945683
-465.6838162814434
-573.2969930730724
-610.4665486804539
-618.4588861855893
-533.8923842272163
-390.3026000003789
-617.8252976806507
-789.6752858902294
-538.5717520518565
-453.5967084846613
-369.5788678620055
-614.612553366889
-695.788969211613
-783.2691679275775
-455.39173587068206
-521.708390643237
-370.2480853607996
-609.3637262394066
-661.4985686560713
-712.6271382570928
-442.5949372651333
-700.8662571020968
-541.4419656099583
-647.0123850711561
-469.1499015680368
-696.5922354558785
-775.0063891537495
-500.0348346904623
-687.8118127471746
-448.44995053970695
-568.2879002079269
-645.7189600619661
-685.4241355740797
-578.0394290326024
-460.33860205307474
-385.2133063317433
-489.4002122018335
-405.98053672314245
-484.85969095892494
-412.0277920655431
-450.3929732516138
-638.1883196036542
-638.6306525793009
-496.54170500261347
-497.77129262112885
-486.40812521576436
-494.8257521473863
-628.5972800178345
-591.6310067384803
-736.9247707542984
-556.0984038561653
-522.0852023912828
-646.9196929058423
-535.0761620726014
-574.9309952817789
-670.2882420394009
-601.0515060450871
-670.9537151390956
-803.4311383884714
-461.45627830542395
-698.98557499868
-610.9713100020132
-432.4014418298219
-484.2557160823213
-697.1697148643873
-559.9323708556391
-399.7513008458827
-849.9425161274037
-497.5379173809598
-518.8843636122698
-445.3142703974314
-484.0535357753365
-440.61507729607456
-627.2822715927848
-471.3287917653288
-524.9353329437835
-713.1553162071632
-486.8859052361601
-511.2197911929296
-640.0286655488834
-646.4597857033189
-482.0760891374513
-737.1348901723536
-658.780557003566
-730.5395468426232
-830.1283633849532
-455.28963253702227
-898.7300305295603
-437.9478068172663
-761.3822383389288
-390.8882017573793
-626.7463859304269
-809.0678265005961
-431.9939044561105
-608.8961506228493
-558.7507413541849
-525.1972498211271
-569.8043870779393
-547.4495401763471
-812.3753801503657
-613.1997769391264
-801.6309623173872
-446.53119810678993
-667.2890268223055
-470.821752411015
-508.96068129044056
-490.8009034345997
-595.4855777001897
-587.7472978228823
-481.7447236866322
-553.025166623595
-611.2917304464104
-509.9191684819124
-449.6025535630894
-508.99153113906647
-431.00794987026416
-648.5338835264336
-681.3273679343989
-460.0684678358715
-598.069382636975
-503.77415053809796
-463.6330840550187
-452.4154693818602
-459.067615217965
-829.9727045898029
-407.5285354246947
-595.9525441664001
-605.6554569239984
-692.3927469427902
-619.2984020034702
-663.1023916636334
-544.3282442820682
-505.64850528419083
-436.92183669851545
-593.989287758427
-566.2409077128866
-555.1031054631865
-545.3421693830937
-624.1313152053598
-461.1252138894929
-636.4796032143422
-439.19905272042934
-647.1828769622549
-438.1079111645796
-615.5863523059733
-427.0247446764509
-569.195025715168
-913.1108841695386
-630.5644837388395
-623.281908999068
-457.69078183952223
-578.554477617389
-592.4859536282863
-534.9456310029434
-428.05615587212344
-370.5159098315065
-433.65078807725564
-641.8880055207278
-604.6369257291922
-776.3594515968938
-720.2787807116376
-786.5087156312524
-531.0503553146518
-574.8248988377194
-596.1528011093905
-493.6363986443734
-455.315949699844
-727.0296182966076
-427.20155484131027
-624.5868994913628
-475.61273547589104
-713.5619881299299
-503.7373611262286
-620.0918294188757
-495.5341961580665
-537.27466391265
-689.6531190048591
-529.7270810379584
-400.2819299697161
-649.5656273857678
-671.7151969485168
-672.4156416670655
-676.4040180041536
-644.8517727384983
-724.320480022405
-486.98887072234163
-596.8372080856075
-551.2619570617111
-595.0862977457164
-735.733074594023
-471.0080511953622
-539.6803980783714
-522.6227081979448
-648.5348391795847
-572.0186502802837
-705.2258222413941
-437.515840303805
-444.97622143842705
-514.8780098164751
-436.4821880748387
-636.7040423936648
-526.3275961942722
-545.1346501103192
-473.26394999210083
-632.1868684995097
-466.6973169410756
-495.524705936553
-489.1687482499206
-467.6222713680933
-932.3819038992581
-633.0331936389696
-463.38414836058064
-605.6101430371161
-709.0863708670681
-489.1297906531705
-541.5338412579829
-573.378041463018
-761.8739474990269
-692.0031517111232
-472.84523870550606
-554.0015068017021
-363.8856890446471
-577.5236217301922
-539.990209655236
-739.224007631997
-573.4522401332063
-539.5628924045867
-710.4455486192893
-517.469878640617
-597.9477336093262
-808.9807690930754
-433.5350711168519
-593.3029927047517
-665.8815822488748
-590.6091187901382
-681.074640174453
-636.5668003842172
-655.6122083906791
-492.48594880918614
-653.3733377057861
-590.2143672168572
-730.7620215281772
-448.7710748761576
-424.4949917940655
-409.5157945827024
-649.9051625391318
-603.8994922333529
-763.3806944019707
-670.7291657123656
-448.1840302037412
-509.4831918740898
-760.9756155522232
-559.5671551353214
-420.26826126138945
-479.57779987787933
-572.7858173505081
-428.62558092339077
-576.967972093666
-579.497911680478
-558.5298357594583
-492.6952835383295
-495.9574609282534
-828.0701415953246
-599.0497834020432
-434.5534798757475
-536.8885279385672
-496.9495619066538
-677.5713590859428
-744.8479891386631
-628.4123350549091
-651.9149990250531
-382.0831472673905
-504.30813499894776
-908.544892349914
-598.9036648139742
-514.61406928324
-568.3848317603345
-927.7750096282734
-938.7463594501546
-484.4983896822217
-606.2701125940603
-423.8846274660667
-455.03105536114816
-663.0394904986422
-513.9095636120751
-529.0226531068743
-496.39705577564257
-447.06149662047227
-578.4539690648235
-518.2547653375757
-493.85523651831176
-576.5888689589759
-449.42620627127815
-680.3206053752893
-529.3397900789762
-489.6577489873886
-542.8911322959499
-568.4574450040869
-590.7662133035636
-718.6099167071237
-749.6313445204677
-612.4957963287768
-601.0805241713516
-441.3393734174902
-618.382221294941
-500.1298662312896
-475.49836616393793
-821.60346111995
-526.6670188102021
-748.7661850072582
-482.4946301728017
-471.5811684751151
-438.1184813167946
-526.2704342274399
-596.989153164081
-495.17263906397613
-555.0535801152397
-570.5195627970056
-640.0290875871649
-602.3088829612709
-853.6116528627629
-653.5262684229035
-574.2347507690436
-533.5494974810836
-659.6221758831903
-527.5668827083687
-619.3324137332429
-1125.9738710556746
-694.113191390268
-777.4348071023293
-837.7931962352285
-513.4750725369641
-1055.293216960472
-2434.434086752414
-547.6776061540443
-696.2857073617531
-3308.423772061765
-3244.563507037662
-627.8632706812405
-827.76685203885
-900.4879847651813
-2849.8603661014013
-1374.2299287684077
-1890.5983155123677
-2357.79914554939
-506.4455019283371
-501.48425085960724
-667.149960255091
-2849.315493411111
-3147.2327299073618
-651.0068699931757
-608.7131894604606
-822.2428074720093
-1054.586812068098
-545.3014878799213
-557.1385901278031
-725.5800495818496
-703.6673418640002
-592.8312527351985
-563.8674335971332
-573.8583157454871
-887.2180405479075
-495.0606211986325
-708.5853492154529
-1151.9621408055207
-839.5441665783912
-775.6624574637012
-750.3553466169956
-643.1485483678849
-636.0390478935697
-661.3266457494736
-856.4859394277398
-1995.1800822562586
-896.4567161631288
-455.8796504411961
-472.8210758044525
-657.8657971363967
-603.8884859690958
-1322.2401279658507
-501.9759951581647
-521.4757383253549
-524.6490134102368
-686.8461942262359
-2789.7128229908635
-774.6993698428312
-1072.0271573450088
-729.9957199705351
-613.7875917041367
-766.2787309349869
-569.2388566144696
-648.6481351894593
-1283.817010085837
-446.4343368082591
-745.4201867662874
-2606.6608466000484
-577.7206190106035
-518.8999601117605
-714.4190462028182
-492.5666496743986
-842.7262739381512
-654.9037753450699
-636.5513996533023
-680.8697595209036
-492.0129455077658
-929.6803046850227
-563.9101517837436
-750.5434154250231
-829.9062257855269
-539.1534301131786
-617.8516963144211
-892.9737245246968
-512.7881365412459
-641.6850645167881
-643.9596158290904
-2695.2796227648532
-543.4962218745845
-521.859576919976
-619.0544379978858
-688.0155200574129
-504.9012762333665
-547.300053332852
-1309.7746696737604
-536.1128631366905
-575.4359483742186
-540.7493068275321
-913.2834842846368
-729.6559712739038
-2637.8638835337406
-1119.78618573516
-886.0187640656611
-501.56615130818807
-644.3127510482525
-747.3322631642658
-512.4043672256621
-788.8383251681241
-849.3120617483314
-1822.7129281870973
-557.2628743887435
-958.7113321212116
-3051.542848226769
-1304.079681440834
-484.2717669653355
-565.4007261056654
-577.8161876790729
-888.254686953226
-916.5146433516237
-558.879616357613
-812.1401008842328
-1457.39438715078
-735.4052780356865
-1049.0579597393769
-469.4528225021055
-1188.6417748315375
-642.4879928913782
-801.3009724107194
-2285.402930516438
-612.7364094386319
-496.017137972953
-620.1428504272006
-463.53705679438247
-833.1936591380895
-601.8643288170364
-575.7361364328731
-777.7368220965915
-631.6020780766839
-2876.1979748477092
-755.5643076208214
-962.5892800019359
-475.826842860673
-630.1279300344509
-671.9342994283004
-521.6340520391743
-1235.1081560291098
-487.43291927845206
-843.1839477842417
-787.7988423392147
-1171.2194295940546
-552.851954802104
-704.9980154709726
-641.5594373340693
-1455.3396251540348
-894.487368708437
-591.0830095299976
-1934.0602271887124
-623.006225417086
-472.07973920400224
-618.7258898468622
-559.1641141914617
-597.3844168871822
-732.9846925448176
-1859.5534068560128
-710.6461093112258
-672.0047618387492
-659.0149159397763
-1581.2024946787112
-868.9540984305418
-585.7470656759681
-598.3879843560261
-519.2468179727515
-787.5957860790625
-898.6865005410342
-853.588076272729
-1007.854454804426
-836.6615682697372
-636.0469918421809
-600.013410051521
-694.2690371833979
-510.8240021459285
-542.7806459927851
-536.6256514495739
-2727.1307428890113
-2125.1416744208136
-680.6390347610295
-862.7059739301417
-1226.602828530804
-715.3841215257385
-1075.1032064477486
-3041.4672696688126
-544.2482610083849
-2153.2732390341303
-1613.997127955733
-3392.534565693391
-654.6248659576789
-713.4635894695693
-1214.4143889799793
-1236.9734410757242
-642.1668095874393
-726.0538233249927
-710.9007117409019
-628.4468368695198
-654.0794739298407
-506.8528453709825
-823.3436259128682
-636.6511704394626
-1597.947405533447
-702.4944949967214
-623.8381787504238
-743.0114159545657
-675.0207191795787
-851.0094284446672
-753.0206069937047
-884.5266672845922
-430.9114123103045
-461.5506680939495
-1129.9245308563468
-987.5467762181712
-475.8525093633817
-561.7695186892456
-3060.522463215286
-789.685872842993
-835.6094531890316
-740.0126254753623
-566.1190806450077
-581.5857116644378
-1182.1006393476446
-1384.375988970412
-710.3784350652145
-473.07687487383953
-1949.3408365394662
-1156.3270487985446
-1426.4472360498803
-983.723761650341
-1940.3752219843097
-518.8433626812889
-737.4783969205102
-957.0526791873924
-469.2392681520132
-731.3810893035568
-466.30870210583464
-670.7813859348074
-698.3361239138337
-611.0415595338168
-1045.944869833791
-660.1035005293546
-783.4385636120802
-689.9085164416554
-581.4051443132474
-2083.2997453621183
-984.3263039434453
-627.2251230917558
-675.3134322667271
-482.5012822450125
-820.8046255980314
-450.5030575064224
-2295.623973646582
-594.3280417229412
-978.99806281571
-1597.574122987256
-871.9407731829956
-559.2521262108951
-1233.3013683635136
-1507.5246832940347
-655.5296792943032
-603.8652103917414
-634.9471284524045
-501.4114474191929
-729.6305996155171
-642.9116030050463
-1935.2864002515153
-508.36751079706227
-695.1371734816805
-574.4214333403371
-600.6348714150872
-624.1257600036702
-683.3579784280389
-638.0155421207573
-537.9747675749545
-643.4077077212005
-1113.9048189660389
-953.8620330790493
-576.8548673499904
-759.1106864543838
-1294.2882556882369
-577.1793653426681
-509.8709933626534
-623.2672038925608
-517.8696196105177
-655.5741065246125
-592.1040820010385
-700.3355439199734
-706.3588836243819
-739.6486807482219
-549.504365379461
-1038.0174800262914
-568.7187170409846
-683.6264887741766
-871.8556305565804
-1215.7681114996467
-706.3239171852547
-514.3417809008872
-451.26196905709014
-537.6722611353298
-1116.68345796441
-549.8054286575798
-862.1710848724646
-649.1795160335204
-1029.184214765242
-1062.2598647765788
-521.1371171666269
-700.0837954157034
-865.6422999882502
-440.68157384924814
-545.3566367555286
-1073.5594457469379
-626.5881879374488
-875.2829405332402
-898.0141309121323
-670.2494492070587
-1027.7652634501214
-608.5781504112831
-1309.3328546126527
-464.046990094004
-1050.1717589573614
-941.6944413215358
-702.3366400970394
-1078.7487551907866
-601.9131977155203
-700.8059089941548
-483.93327497916073
-664.4604828113067
-875.9956834448442
-685.3399264809084
-791.6016541175358
-1832.8804923957925
-625.1645406473036
-884.6047050189893
-691.7032216520687
-487.89878587984083
-649.9710652507215
-815.7169753801746
-1544.7357055334994
-1691.8254472234821
-1375.3665493787898
-609.5283892915218
-606.82826565778
-797.5135414546605
-565.6013734217374
-760.5093366075273
-628.2785584749433
-745.218574474934
-830.8692402100523
-620.1758874881007
-589.6585706907118
-500.3933439742711
-769.5147299439614
-481.1527880378702
-612.7152742312164
-534.5947697137934
-650.675198453333
-989.511334512995
-712.2687327484757
-454.7639852697302
-2305.895266183308
-1064.9263421412873
-740.2205675068706
-625.8030495253491
-658.6571486834504
-1574.73998059191
-1035.0399630049346
-1123.2477238662177
-1557.8867232968923
-804.0215867142364
-839.1486970496502
-684.2908151254002
-905.1813703644377
-668.6572587332471
-695.1656657959203
-1122.9632223568278
-706.6230903109599
-634.4645247677415
-522.1511375141919
-589.2524953583844
-519.2150259965673
-554.1818211369005
-555.268181130031
-650.0988294948844
-756.3835966354748
-727.4489730040966
-506.80645246435563
-789.4507016204833
-793.7046569627978
-561.9468932692723
-964.9227481433987
-1139.9649778696225
-576.8211005055557
-919.9815586996144
-1371.1317322972186
