24.500000000000007
39.99999999999999
12.000000000000002
11.0
15.500000000000002
13.5
16.000000000000004
21.000000000000007
12.500000000000004
19.000000000000004
17.0
48.0
43.499999999999986
72.99999999999997
118.49999999999999
83.99999999999999
100.0
131.5
148.0
28.500000000000007
33.99999999999999
141.99999999999997
63.99999999999998
68.99999999999999
99.5
76.99999999999999
96.5
143.99999999999997
89.99999999999997
104.0
66.5
143.49999999999997
20.0
47.0
9.5
9.5
29.499999999999993
83.49999999999999
57.99999999999999
347.0
79.99999999999997
100.5
188.0
400.0
62.499999999999986
114.99999999999997
33.00000000000001
35.00000000000001
35.5
101.5
112.5
151.99999999999997
138.0
151.49999999999997
140.5
175.49999999999994
168.49999999999994
84.49999999999997
131.0
126.0
154.49999999999997
35.0
53.49999999999999
65.49999999999997
52.99999999999998
66.99999999999997
91.49999999999997
26.000000000000007
23.500000000000007
65.99999999999999
103.99999999999999
121.0
58.499999999999986
73.49999999999997
135.5
246.0
28.500000000000007
31.000000000000007
32.0
59.499999999999986
57.999999999999986
52.99999999999999
41.99999999999999
33.0
50.999999999999986
32.50000000000001
39.0
54.999999999999986
47.999999999999986
32.5
53.999999999999986
33.5
44.5
47.999999999999986
36.5
51.499999999999986
39.499999999999986
47.499999999999986
55.499999999999986
28.500000000000007
26.500000000000007
31.00000000000001
28.000000000000007
21.500000000000007
31.500000000000004
25.500000000000007
32.00000000000001
28.000000000000004
28.000000000000007
33.00000000000001
27.500000000000007
24.500000000000007
17.000000000000007
9.5
9.0
9.5
10.0
9.5
9.5
9.5
9.5
9.5
9.0
8.5
10.5
9.0
10.0
8.5
10.5
9.5
9.5
9.0
9.5
9.5
9.0
10.0
8.5
9.0
9.5
9.0
9.5
10.0
9.5
9.0
9.0
9.5
10.0
9.0
9.5
10.0
10.5
10.0
8.5
9.5
9.5
9.5
9.0
9.5
9.0
9.0
8.5
9.0
9.0
10.0
8.5
9.5
9.0
10.5
9.5
9.0
10.0
10.0
8.5
9.0
9.5
8.5
10.0
10.0
9.0
10.0
9.5
8.5
9.5
8.5
9.0
10.5
10.0
9.0
9.0
9.5
10.0
8.5
9.5
10.0
9.5
8.5
9.5
9.5
10.5
9.5
8.5
10.0
9.0
9.0
9.5
9.5
9.0
9.5
10.0
9.5
10.0
10.0
10.0
8.5
10.5
9.0
9.0
10.0
9.0
9.5
9.5
8.5
8.5
9.5
10.5
9.5
9.5
10.0
10.0
8.5
8.5
9.0
9.0
8.0
8.5
9.5
9.0
9.5
8.5
8.5
9.5
9.5
9.5
9.5
10.0
9.0
9.0
9.0
8.5
9.5
9.5
9.5
9.5
9.5
9.5
10.0
9.5
9.5
9.5
10.0
9.0
8.5
9.5
9.0
9.5
9.5
10.0
9.5
9.0
10.0
9.0
9.5
9.5
9.0
9.0
9.5
8.5
10.5
9.5
9.5
10.0
9.5
10.0
8.5
9.0
9.0
9.5
10.0
10.0
9.0
10.0
9.0
9.5
9.5
8.5
9.0
9.5
8.5
10.0
10.0
8.0
9.5
8.5
9.5
8.5
9.5
9.0
9.0
9.5
10.0
9.5
9.5
9.5
9.0
9.5
9.5
9.5
10.0
9.5
9.0
9.0
9.0
9.5
9.5
9.5
10.0
10.0
9.0
9.0
10.5
9.5
8.5
9.5
10.5
9.5
9.5
10.0
9.5
9.5
10.0
10.0
8.5
10.0
9.5
10.0
10.0
9.5
10.5
8.5
9.5
9.5
9.5
10.0
9.5
10.0
9.5
9.5
8.5
9.5
9.0
9.5
8.5
9.0
9.0
8.5
9.5
10.0
9.5
9.0
9.5
9.0
9.5
9.0
8.5
9.0
10.0
9.5
9.5
9.5
9.5
8.5
9.0
9.5
10.5
9.0
9.5
10.0
9.5
9.0
9.5
9.0
9.0
9.0
10.0
9.5
10.0
9.0
10.0
9.5
10.0
9.0
9.0
9.0
9.0
9.5
9.5
8.5
10.0
9.0
9.5
9.0
9.5
9.0
9.0
10.0
9.0
9.0
10.0
9.5
10.5
8.5
9.0
8.0
9.5
10.0
8.5
9.0
8.5
9.5
9.5
8.5
10.0
9.5
8.5
9.0
9.5
9.5
8.5
9.5
9.5
8.5
8.5
9.5
9.0
9.0
9.0
10.0
9.0
9.5
8.5
9.0
10.0
10.0
9.5
9.5
9.5
9.5
9.5
9.0
10.0
9.5
8.5
9.5
9.5
9.0
9.5
9.0
9.5
8.5
10.0
9.0
9.0
10.0
10.5
8.5
9.5
8.5
10.0
9.5
9.0
9.5
9.5
9.5
9.0
8.0
10.0
10.0
9.0
10.0
9.0
9.5
9.0
8.5
9.5
10.0
10.5
10.5
9.5
9.0
9.5
10.0
9.0
9.0
10.0
10.0
8.5
9.5
9.0
9.5
9.5
9.5
9.0
9.0
9.5
10.0
9.0
9.5
9.5
9.5
8.5
10.0
10.0
9.5
10.0
10.0
9.5
10.0
9.5
9.5
10.0
9.5
9.5
9.5
9.5
9.0
9.5
8.5
9.5
9.5
9.0
9.5
9.0
9.0
9.5
8.5
9.5
10.0
9.0
10.0
8.5
10.0
9.5
10.0
9.0
9.5
10.5
8.5
10.0
9.5
9.5
9.5
8.5
10.0
8.5
10.0
9.5
9.0
9.0
8.0
8.5
10.0
9.5
9.5
9.0
10.0
9.0
9.5
9.5
9.0
9.5
8.5
8.5
9.5
9.0
8.5
9.5
10.0
9.5
9.5
10.5
10.0
9.5
8.5
8.5
9.0
9.5
9.0
9.5
10.0
9.0
8.5
9.5
9.5
9.5
10.0
10.0
9.5
9.0
10.0
10.0
9.5
10.0
10.5
9.0
10.0
9.5
8.5
8.0
8.5
9.5
9.0
8.0
8.0
9.0
9.5
10.0
9.0
10.0
8.5
10.0
9.0
9.0
9.5
9.5
9.0
9.5
9.5
9.0
9.0
10.0
8.5
10.0
9.0
9.0
9.0
9.0
10.0
9.5
9.0
9.5
10.0
9.5
9.0
9.5
10.5
9.5
9.5
9.5
9.5
9.0
10.0
9.0
10.0
8.5
10.0
9.5
8.5
9.0
9.5
9.5
9.0
9.5
9.0
10.0
9.5
9.0
10.0
9.5
9.5
10.0
8.5
10.0
9.0
9.0
9.5
8.5
9.0
10.0
9.5
8.0
9.0
9.5
8.5
9.0
9.5
10.0
9.5
9.0
10.0
9.5
10.0
9.5
9.0
10.0
9.0
9.0
9.5
9.5
9.5
9.0
10.0
9.0
9.0
10.5
9.5
9.5
10.0
10.0
9.0
9.5
9.0
10.0
10.0
9.0
9.5
9.5
9.5
8.0
9.5
9.0
9.0
9.5
9.5
10.0
8.5
9.0
9.0
8.5
9.0
10.5
9.5
8.0
10.0
9.0
8.5
10.5
9.0
9.0
9.0
9.5
9.0
9.0
8.5
9.0
9.5
9.5
10.0
9.5
9.0
9.0
9.0
9.0
9.5
10.0
10.5
9.0
9.5
9.0
9.5
9.5
10.0
9.5
10.0
9.0
9.0
8.5
9.5
9.0
9.5
9.5
9.0
10.5
9.5
10.0
9.5
9.5
9.5
9.5
9.0
10.0
9.0
9.5
9.5
9.5
9.5
9.5
9.5
9.5
9.0
9.5
11.5
11.5
47.499999999999986
20.500000000000007
14.500000000000004
9.5
10.0
9.5
10.5
10.0
10.0
9.5
9.5
10.5
10.0
8.5
9.0
9.5
9.0
10.0
9.5
9.5
10.0
10.0
9.0
9.5
9.5
9.5
10.0
9.5
9.0
9.5
10.0
9.5
8.5
8.5
9.0
9.0
9.5
9.5
9.0
9.5
9.0
10.0
9.5
9.5
8.5
10.0
10.5
9.0
9.0
9.0
9.0
9.5
9.5
9.0
9.5
9.0
9.0
10.0
9.5
10.0
10.0
10.0
10.0
9.5
9.5
10.0
10.0
9.5
10.0
9.5
9.0
8.5
9.5
9.5
10.0
10.5
9.5
9.5
9.0
10.0
10.0
9.5
9.5
9.0
9.0
9.0
10.5
9.0
9.0
9.5
10.0
9.5
8.5
9.0
8.5
10.0
8.5
9.5
10.0
9.5
10.0
9.5
8.5
9.5
8.5
9.0
9.5
10.0
10.0
9.0
9.5
8.5
10.0
8.5
8.5
9.5
9.5
10.0
9.5
10.0
9.0
10.0
9.0
9.5
9.5
9.5
9.0
9.5
8.5
9.5
8.5
10.0
9.0
10.0
10.0
8.5
8.0
9.5
9.0
9.5
10.0
10.0
9.0
9.5
9.0
8.5
9.0
9.5
9.5
9.5
9.5
9.0
9.0
9.0
9.5
10.0
9.0
9.0
9.5
8.5
9.5
9.0
10.0
9.5
10.0
9.5
8.5
9.5
9.0
10.0
10.5
10.0
8.5
10.0
9.0
9.0
9.5
8.0
8.0
10.0
9.5
9.0
9.0
10.0
9.0
9.0
9.5
9.0
9.5
8.5
9.0
10.0
10.0
9.0
9.5
10.0
9.0
10.0
12.500000000000004
14.000000000000004
10.5
14.500000000000004
13.500000000000004
10.0
13.000000000000004
15.500000000000002
11.500000000000002
12.000000000000002
10.0
14.000000000000004
12.000000000000002
11.0
13.000000000000002
11.5
11.0
13.500000000000004
10.5
12.000000000000002
10.5
12.000000000000002
12.000000000000002
11.0
10.5
11.500000000000002
12.500000000000002
15.000000000000004
12.000000000000002
11.0
13.500000000000004
12.500000000000002
11.0
13.500000000000004
11.0
10.0
12.500000000000002
12.000000000000002
12.000000000000002
12.500000000000004
11.0
11.0
14.000000000000004
12.500000000000002
12.500000000000004
14.500000000000004
14.500000000000004
10.5
11.5
13.000000000000004
13.500000000000004
10.5
12.000000000000002
12.000000000000002
13.000000000000004
12.500000000000002
11.500000000000002
12.000000000000002
9.5
9.5
10.0
9.0
9.0
9.5
9.5
10.0
10.0
8.5
9.0
9.5
9.5
8.5
11.0
9.5
10.0
9.0
9.5
9.0
9.5
9.0
9.5
10.0
9.0
9.5
9.5
9.5
8.5
10.0
9.0
9.5
10.0
9.0
9.5
10.0
9.5
9.0
9.5
8.5
10.0
9.5
9.5
8.5
9.5
9.0
8.5
10.0
9.0
9.0
9.5
9.5
9.5
8.5
9.0
8.5
8.5
9.5
8.5
9.5
8.5
9.5
9.5
10.0
9.0
9.0
8.5
9.5
9.5
9.5
10.0
9.5
9.5
9.0
10.0
10.0
9.5
9.0
9.5
9.0
9.5
10.5
10.0
10.0
10.0
8.5
10.5
9.5
8.5
9.0
9.5
10.5
10.0
9.5
8.5
9.0
8.0
9.0
8.5
9.5
9.5
9.5
9.0
9.0
9.0
9.5
9.5
10.0
9.5
9.5
9.0
10.0
10.0
9.0
9.0
10.0
10.0
9.0
9.0
9.5
9.5
9.0
9.5
9.5
9.5
9.0
9.0
9.5
9.5
9.5
9.5
9.5
9.5
9.5
9.5
9.5
8.0
9.0
10.0
9.5
10.0
9.0
9.5
9.5
9.5
10.0
9.5
9.5
8.5
9.0
9.5
10.0
9.0
9.5
9.0
10.0
10.0
9.5
9.5
9.0
9.5
8.0
9.5
9.0
9.0
9.0
9.0
9.0
10.5
9.5
9.5
9.5
9.5
9.0
9.5
9.0
10.0
10.0
9.0
9.0
9.5
10.0
9.0
8.5
9.5
9.5
9.5
9.5
10.0
10.0
9.0
10.0
10.0
9.0
9.0
9.5
9.0
8.5
9.5
9.5
9.5
9.0
9.5
9.0
9.5
9.5
9.0
9.5
9.0
9.0
9.0
9.0
9.5
10.0
8.5
8.5
9.0
9.0
9.5
9.0
9.0
9.5
10.5
10.5
9.5
10.0
9.5
9.5
10.5
9.0
10.0
9.5
9.5
8.5
9.0
9.0
9.0
8.5
9.0
9.0
9.0
10.0
9.0
8.0
8.5
9.5
9.5
9.0
9.5
10.0
9.0
9.5
9.0
9.0
9.0
10.0
9.0
9.5
9.0
9.0
9.5
9.5
8.5
9.0
9.5
9.0
10.0
10.0
9.5
8.0
10.0
9.0
9.5
9.5
9.5
9.5
8.5
10.0
10.0
9.0
10.0
10.0
8.5
9.5
9.5
9.5
9.5
10.5
9.0
9.5
10.0
10.0
9.0
10.0
10.0
9.5
8.5
10.0
8.5
9.0
9.5
9.5
10.0
9.0
9.5
9.5
9.0
9.5
10.0
10.0
9.0
8.5
8.5
9.5
10.0
9.5
9.0
9.0
10.0
9.5
9.0
9.5
9.5
9.0
9.5
9.5
10.0
9.5
9.0
9.0
9.5
10.0
9.0
9.0
9.5
8.5
9.0
9.5
10.0
9.5
9.0
9.5
10.0
9.5
9.0
10.0
9.0
9.5
10.5
9.0
9.0
9.0
9.0
10.0
9.5
8.5
9.0
9.5
10.5
9.0
10.5
9.5
10.0
9.0
9.5
9.5
9.5
9.5
10.0
9.5
10.0
10.0
10.0
9.5
9.5
9.5
10.0
9.0
9.5
10.0
9.0
10.0
10.0
10.5
9.5
8.5
9.0
10.0
9.0
9.5
9.5
10.5
9.5
9.5
10.0
8.5
9.5
9.5
10.0
10.5
9.5
9.0
9.0
9.5
10.5
9.0
9.0
9.0
9.5
9.0
9.5
9.5
9.0
10.0
9.5
10.0
10.0
8.5
10.0
9.0
9.0
9.5
10.0
9.0
9.5
10.0
10.0
9.0
9.0
9.5
10.0
9.5
10.0
10.0
10.0
9.5
9.0
9.0
9.0
9.5
10.0
10.0
9.0
9.5
9.0
9.5
8.5
8.5
10.0
9.0
9.0
9.5
8.0
8.5
8.5
8.5
10.0
8.0
9.0
9.0
9.5
9.5
10.0
9.5
9.5
9.5
10.0
9.5
9.0
9.0
10.0
9.0
8.0
9.5
9.0
9.5
10.0
9.5
9.0
9.5
9.5
9.5
9.5
8.5
10.5
10.0
8.5
10.0
8.5
9.0
9.5
10.0
9.0
10.0
9.0
9.5
9.0
9.0
9.0
10.0
9.5
9.0
8.5
9.0
9.0
9.0
9.0
9.5
9.5
9.0
10.0
8.5
10.0
9.5
8.5
9.5
9.5
9.0
9.5
9.0
8.5
9.0
9.5
9.0
9.0
9.0
8.5
9.0
9.5
9.5
9.5
9.5
9.0
9.5
9.5
9.0
10.0
9.0
8.5
9.0
8.5
9.5
9.0
10.0
9.5
9.5
8.0
9.0
9.5
9.0
10.0
9.5
9.5
9.0
8.5
9.0
10.0
8.5
10.5
8.5
9.5
10.0
9.0
9.5
9.0
8.5
9.0
9.5
8.5
9.5
9.5
10.0
9.0
9.5
9.0
9.0
9.5
10.0
10.0
9.0
9.5
9.0
10.0
9.5
9.5
9.5
9.0
9.5
9.5
9.0
8.5
9.0
9.5
8.5
8.0
9.5
10.0
9.5
9.5
9.0
9.0
10.0
10.0
9.0
9.0
10.0
9.0
9.5
10.0
10.0
10.0
10.0
9.0
9.0
10.0
9.0
9.0
8.5
9.5
9.0
9.0
9.0
9.5
9.5
9.0
9.5
9.5
8.5
9.5
9.5
9.0
9.5
9.5
9.5
10.0
9.5
9.5
10.0
9.5
10.0
10.0
9.5
10.0
8.5
9.5
9.5
9.0
10.0
9.0
9.0
8.5
10.5
9.0
9.0
10.0
9.0
9.0
9.5
9.5
9.5
10.5
9.0
10.5
9.5
10.0
9.5
9.0
9.5
9.0
9.5
9.0
10.0
10.0
9.0
9.5
10.0
10.0
9.5
10.0
9.0
9.5
9.0
8.5
8.5
8.5
9.5
9.5
9.0
10.0
9.5
9.5
9.5
9.0
9.5
8.5
10.0
9.5
10.0
9.0
8.5
9.0
8.5
9.0
8.5
9.5
9.5
9.0
9.5
9.0
8.5
9.5
9.5
9.5
9.0
9.5
9.0
9.0
9.5
9.0
10.0
9.5
9.0
9.5
9.5
9.5
10.0
9.5
9.5
9.5
9.5
9.0
9.5
9.5
10.0
10.0
9.0
9.0
8.5
10.0
8.5
10.5
8.5
9.5
10.0
9.0
9.0
10.0
9.5
8.0
10.0
9.0
9.5
9.5
10.0
8.0
10.0
9.5
8.5
9.5
9.5
9.5
10.0
10.0
9.5
9.5
8.5
10.0
9.5
10.0
10.0
9.0
9.5
9.0
9.0
9.0
9.5
9.0
10.0
9.0
10.0
9.5
9.0
10.0
10.0
10.0
8.5
9.0
9.0
9.5
9.0
9.0
8.0
10.0
9.0
9.0
9.0
10.0
9.5
8.5
9.5
9.5
9.5
10.5
9.5
10.0
9.5
8.5
10.5
9.0
9.5
10.0
9.5
10.0
9.5
9.0
9.0
9.0
10.0
9.0
9.0
10.0
9.5
9.0
9.5
10.0
8.5
9.5
9.5
9.0
9.5
9.0
10.0
8.5
9.0
9.5
9.5
8.5
9.5
9.0
9.5
9.5
9.5
8.5
9.5
9.0
8.5
8.5
9.0
10.0
9.0
9.0
9.5
9.5
9.0
9.5
9.5
10.5
9.5
8.5
8.5
10.0
9.0
8.5
9.5
9.0
9.5
9.5
9.0
10.0
10.5
9.0
8.5
10.0
8.0
9.5
10.0
10.0
9.5
9.5
10.0
9.0
10.0
8.5
9.0
8.5
10.5
9.5
9.0
9.0
9.0
8.0
9.5
9.5
10.0
9.0
10.0
9.0
9.0
9.5
10.0
9.0
8.0
9.5
9.5
9.0
8.0
8.0
9.0
9.0
9.0
9.5
10.0
9.5
9.5
9.0
9.5
9.5
10.0
9.5
8.5
9.0
9.0
9.0
9.5
9.0
10.0
9.0
9.0
9.5
9.5
9.5
9.0
9.5
8.5
9.0
9.0
8.5
9.5
9.5
8.5
10.0
9.5
22.000000000000004
14.500000000000004
13.500000000000004
21.000000000000007
29.500000000000007
14.500000000000004
20.000000000000004
19.000000000000004
26.000000000000007
18.000000000000004
32.99999999999999
9.0
11.500000000000002
27.5
38.5
41.0
54.0
123.99999999999999
81.99999999999997
33.499999999999986
62.99999999999997
39.50000000000001
93.0
102.49999999999999
48.49999999999999
100.49999999999999
123.49999999999999
49.49999999999999
99.99999999999999
116.99999999999997
169.0
181.0
69.49999999999997
45.999999999999986
77.99999999999997
79.49999999999997
125.5
116.49999999999997
120.99999999999999
135.99999999999994
115.0
129.99999999999997
146.49999999999997
303.5
270.99999999999994
262.5
340.4999999999999
144.99999999999997
132.5
162.99999999999997
11.0
10.0
25.000000000000007
10.0
49.49999999999998
102.99999999999999
17.0
47.499999999999986
242.00000000000003
400.0
211.5
28.500000000000007
33.5
33.49999999999999
20.500000000000007
17.500000000000004
10.0
10.5
22.000000000000004
31.500000000000004
38.99999999999999
43.499999999999986
14.0
17.5
28.000000000000007
37.00000000000001
45.99999999999998
47.999999999999986
52.99999999999998
52.99999999999999
77.99999999999997
74.99999999999999
80.49999999999999
46.49999999999999
62.499999999999986
65.99999999999999
116.5
10.0
9.0
29.0
33.5
48.999999999999986
225.0
41.99999999999999
38.0
35.50000000000001
22.000000000000004
26.000000000000007
40.5
32.5
34.00000000000001
39.0
35.0
54.999999999999986
34.0
61.49999999999999
52.0
50.499999999999986
52.499999999999986
51.499999999999986
116.99999999999996
69.49999999999997
232.0
199.5
61.999999999999986
48.0
66.49999999999999
115.99999999999997
35.0
31.000000000000007
25.500000000000007
19.000000000000004
10.5
22.500000000000004
10.0
20.5
9.0
28.000000000000007
10.0
25.000000000000007
10.0
34.0
8.5
18.000000000000004
10.0
16.000000000000004
28.0
41.49999999999999
32.5
35.99999999999999
45.5
44.0
42.499999999999986
39.0
46.499999999999986
45.99999999999999
36.00000000000001
40.5
47.499999999999986
45.0
38.0
42.49999999999999
45.99999999999999
44.99999999999999
46.999999999999986
41.49999999999999
60.49999999999998
63.49999999999998
86.49999999999997
49.49999999999999
226.0
68.99999999999999
51.499999999999986
398.0
248.0
96.49999999999999
68.5
79.99999999999999
229.5
182.00000000000003
83.99999999999999
89.49999999999999
154.0
112.49999999999997
65.49999999999997
82.99999999999997
45.99999999999999
90.99999999999999
45.499999999999986
46.499999999999986
40.5
41.0
45.49999999999999
113.49999999999999
52.0
60.499999999999986
60.99999999999997
50.999999999999986
51.499999999999986
90.0
80.99999999999997
57.99999999999997
63.49999999999998
45.99999999999999
62.999999999999986
69.49999999999999
171.0
60.499999999999986
195.0
197.99999999999994
12.000000000000002
13.000000000000004
13.500000000000004
12.000000000000002
11.5
11.5
12.000000000000002
10.5
13.500000000000004
11.500000000000002
12.500000000000002
12.000000000000002
11.0
9.0
9.5
10.5
9.5
9.0
8.5
9.5
9.5
9.5
9.5
9.0
9.5
9.5
10.0
9.0
10.0
10.0
9.5
10.5
9.0
9.5
9.5
10.0
8.5
10.0
10.0
9.0
9.5
10.0
9.5
9.5
10.0
9.5
9.5
10.5
10.0
10.0
9.5
9.0
10.5
9.0
9.0
9.5
9.0
8.5
9.5
10.0
9.5
9.0
9.0
9.0
10.0
9.5
9.0
10.5
9.0
9.0
8.5
9.5
9.0
9.0
9.0
9.0
9.0
9.0
10.0
9.0
8.5
9.5
8.5
10.0
9.0
9.5
10.0
9.5
9.5
8.5
9.5
9.5
9.5
9.5
10.0
10.0
8.5
9.0
8.5
9.5
9.5
9.0
9.5
9.5
9.5
9.0
9.5
9.5
9.5
8.5
10.0
9.0
9.5
10.0
9.5
9.0
8.5
9.5
10.0
9.0
9.5
9.0
9.0
9.0
9.5
9.5
10.0
9.5
9.0
9.5
9.5
9.0
9.5
10.0
8.5
9.0
8.5
9.5
9.5
9.5
10.0
10.5
9.0
9.5
10.0
9.5
9.0
9.0
9.5
10.0
8.5
10.5
11.0
9.5
9.5
10.0
9.5
10.0
10.0
9.5
9.0
9.5
9.5
9.5
9.0
10.0
9.0
10.0
9.5
9.0
8.0
9.0
10.0
9.0
9.0
9.5
9.5
8.5
10.0
10.0
8.5
9.0
9.0
10.0
9.0
9.5
9.0
9.5
10.5
9.0
8.5
9.5
9.0
10.0
10.0
9.5
10.0
9.5
9.5
9.5
11.500000000000002
10.0
10.5
10.5
11.0
11.0
10.5
10.5
10.0
9.5
11.5
11.0
11.0
11.0
11.0
10.5
11.5
11.0
9.0
10.5
10.0
11.0
10.0
11.0
11.0
10.5
10.0
9.5
11.0
9.5
11.5
9.5
10.0
12.000000000000002
11.0
12.000000000000002
12.500000000000004
16.5
106.99999999999999
106.5
94.99999999999997
109.99999999999997
90.49999999999997
132.0
15.500000000000002
16.0
12.000000000000002
13.000000000000004
12.500000000000002
49.49999999999999
36.5
39.49999999999999
40.5
40.0
40.5
35.5
14.000000000000004
11.5
10.0
11.0
14.500000000000004
13.000000000000002
12.500000000000002
11.5
14.500000000000004
12.000000000000002
11.5
14.500000000000004
14.500000000000002
10.0
12.500000000000002
13.500000000000004
13.500000000000004
12.500000000000004
13.500000000000004
13.000000000000004
13.500000000000004
14.500000000000002
13.500000000000004
11.500000000000002
13.5
14.000000000000004
11.0
13.000000000000004
13.500000000000004
10.5
12.000000000000002
13.000000000000004
13.500000000000004
14.500000000000004
15.000000000000002
14.500000000000004
14.000000000000004
11.5
12.000000000000002
13.500000000000004
12.500000000000004
13.000000000000004
12.000000000000002
11.5
12.000000000000002
13.500000000000004
13.500000000000004
9.0
10.0
10.0
10.5
11.5
10.0
11.0
9.0
11.0
8.5
10.0
10.0
10.0
10.0
10.5
10.5
10.0
11.0
11.0
10.0
10.0
9.5
10.0
9.0
10.0
11.0
11.0
9.5
11.5
11.5
11.0
11.5
9.5
10.0
11.0
10.5
11.5
12.000000000000002
10.0
10.5
12.000000000000002
11.0
10.0
10.5
11.5
12.000000000000002
10.0
11.0
11.0
10.0
11.5
10.5
10.0
10.5
12.000000000000002
9.5
10.0
10.5
10.5
11.0
10.0
11.0
10.5
11.0
12.000000000000002
11.5
9.5
10.0
10.5
10.5
10.0
10.0
12.000000000000002
10.5
11.0
10.5
10.5
10.0
11.5
10.5
11.5
9.5
11.0
10.5
9.5
10.5
11.0
11.0
10.0
9.5
10.0
10.0
11.0
11.5
11.0
11.0
11.0
13.500000000000004
12.000000000000002
15.000000000000002
12.500000000000002
13.000000000000004
11.5
13.000000000000004
15.500000000000002
12.500000000000002
13.000000000000002
11.5
13.000000000000004
13.000000000000004
12.000000000000002
11.0
12.500000000000002
13.000000000000002
13.500000000000004
13.000000000000002
12.500000000000004
11.5
14.000000000000004
11.5
13.000000000000004
15.500000000000002
12.000000000000002
12.500000000000004
13.000000000000004
11.0
12.500000000000004
12.500000000000004
12.000000000000002
13.000000000000004
12.000000000000002
12.500000000000002
13.000000000000002
12.000000000000002
13.500000000000004
13.000000000000004
11.0
14.500000000000002
12.500000000000002
14.0
14.500000000000004
12.000000000000002
12.000000000000002
12.000000000000002
14.000000000000004
11.5
11.500000000000002
13.500000000000004
12.500000000000002
12.500000000000002
280.0
14.5
16.0
12.000000000000002
14.500000000000004
15.500000000000002
16.5
15.500000000000002
13.000000000000004
13.000000000000004
16.5
14.0
15.500000000000002
15.000000000000002
14.500000000000004
13.500000000000004
11.5
48.499999999999986
9.5
10.0
10.0
9.0
10.0
9.5
9.0
9.5
10.0
9.5
8.5
9.5
9.0
9.5
10.0
10.0
9.0
10.0
9.5
9.5
9.5
9.5
10.0
9.5
9.5
10.5
9.0
9.0
10.0
9.5
8.5
9.0
8.5
10.0
9.0
10.0
9.5
9.5
9.0
9.0
9.5
9.5
9.5
9.5
8.0
9.0
9.5
10.0
9.5
9.5
9.5
9.5
9.0
10.0
8.5
8.5
10.0
10.0
8.5
8.5
9.0
8.0
9.0
9.0
9.5
10.0
10.0
9.5
9.5
9.5
9.0
9.5
9.5
9.0
10.0
9.5
10.5
9.5
9.0
10.0
8.5
9.5
9.0
9.5
10.0
9.5
9.5
9.5
9.5
9.5
9.5
9.0
9.5
10.0
9.0
9.5
8.5
9.5
10.0
9.5
9.5
8.5
9.5
10.0
9.5
10.0
10.0
10.0
8.5
9.0
10.0
9.5
9.0
10.0
9.5
9.5
9.5
8.5
8.0
9.0
9.0
10.0
9.0
10.0
9.5
9.0
10.0
9.5
9.0
22.000000000000007
22.000000000000004
20.500000000000007
24.000000000000007
9.5
9.5
10.5
9.5
10.0
9.5
10.0
9.5
9.5
8.5
8.5
10.0
8.5
10.5
9.5
9.0
9.5
9.0
9.5
9.5
9.0
9.0
8.5
10.5
9.5
10.0
9.0
9.0
8.5
9.5
10.0
9.5
9.0
8.5
10.0
9.5
10.0
8.5
9.5
9.5
9.5
9.0
10.0
10.0
9.5
9.0
10.0
10.0
9.5
8.5
9.5
9.0
10.0
9.0
9.5
8.5
9.5
9.0
10.0
9.5
10.0
9.0
10.0
9.5
9.5
10.0
9.0
9.5
10.0
10.0
9.0
9.5
8.5
9.5
8.5
10.0
10.0
8.0
9.0
10.0
9.0
9.5
9.0
9.0
9.5
10.0
8.5
9.5
11.0
9.5
9.5
8.5
9.5
8.5
9.0
9.0
10.0
9.5
8.5
9.5
9.0
9.0
10.0
9.5
9.5
8.5
9.0
10.5
9.5
9.5
9.0
9.5
9.0
8.5
8.5
9.0
9.0
10.0
10.0
10.0
9.5
9.0
9.5
9.5
10.0
9.5
9.5
9.0
8.5
9.5
9.5
9.0
10.0
9.0
8.5
9.5
10.0
9.5
9.5
9.5
9.0
10.0
9.0
10.0
10.0
9.5
10.0
8.5
10.0
9.5
9.0
9.0
10.0
9.0
9.0
10.0
9.0
10.0
9.0
10.0
8.0
10.0
9.5
10.0
8.5
9.5
9.5
9.5
9.0
10.0
9.5
8.5
9.0
9.5
9.5
9.5
9.0
9.5
10.0
9.5
9.5
9.5
9.5
9.0
9.5
10.5
9.0
9.5
9.0
9.0
9.5
9.5
9.0
8.5
9.0
9.5
10.0
9.0
9.0
8.5
9.5
10.0
9.5
9.5
9.0
9.5
10.0
10.0
10.5
10.0
9.5
10.0
8.5
8.5
10.0
8.5
9.5
10.0
9.0
9.5
9.5
9.5
10.0
9.5
9.0
9.5
8.5
9.5
10.0
9.5
10.0
10.0
10.0
9.0
10.0
9.0
9.0
8.5
9.5
10.0
9.5
9.0
9.5
9.5
9.5
9.5
9.0
9.5
9.5
9.0
10.0
8.5
9.5
9.0
10.0
10.0
9.5
9.5
9.5
8.5
9.5
8.5
9.5
11.0
9.5
10.0
9.5
8.5
10.5
9.0
8.5
9.5
9.0
9.5
9.0
9.5
9.5
9.5
8.0
10.0
9.5
9.0
9.5
9.5
10.0
9.5
8.5
9.0
8.5
8.5
9.5
10.5
9.0
10.5
10.0
10.0
9.5
9.5
8.0
9.5
10.0
8.5
8.0
9.0
9.0
8.5
9.0
8.5
9.5
9.5
9.0
9.0
9.0
9.5
8.5
9.5
9.0
10.0
10.0
9.0
9.0
9.5
9.0
9.0
9.0
10.0
10.0
10.0
9.5
9.5
9.0
9.5
9.5
9.5
8.5
9.5
9.0
10.0
9.5
9.5
9.0
8.5
9.0
10.0
9.5
9.0
9.0
10.5
9.0
9.5
10.0
9.0
10.0
9.5
10.0
8.5
9.0
8.5
9.0
10.0
9.5
10.0
8.5
9.5
9.5
8.5
10.0
9.0
9.5
9.0
9.5
8.0
9.0
9.0
10.0
9.0
9.0
10.0
9.5
8.5
9.0
9.5
9.5
9.5
9.5
9.5
10.0
9.5
10.0
9.0
10.0
9.5
9.0
9.0
9.5
9.0
8.5
9.5
8.5
9.5
9.5
9.0
10.0
9.5
9.5
9.0
8.0
9.5
9.0
9.0
10.0
8.5
9.0
9.0
8.5
8.0
9.5
8.5
10.0
10.0
9.5
9.5
8.5
10.0
9.0
9.5
9.5
10.0
9.5
9.0
8.5
9.0
9.5
9.5
9.0
9.5
8.5
8.5
9.5
9.5
9.5
9.5
9.0
10.0
10.0
10.5
10.0
9.5
9.0
9.5
10.0
9.0
8.5
9.5
9.5
9.5
9.0
9.5
10.0
9.5
9.5
9.0
8.5
9.5
9.5
9.5
9.0
9.5
10.0
10.0
9.0
9.0
8.5
9.0
8.5
8.5
9.5
9.5
9.5
9.5
9.0
9.5
9.5
9.5
9.5
10.0
10.0
9.0
9.5
9.0
9.0
10.0
8.5
9.5
10.0
9.0
10.0
8.5
9.0
8.5
9.5
8.5
10.0
10.0
9.0
9.5
10.0
10.0
9.5
9.5
9.5
10.0
10.0
10.0
9.0
10.0
9.5
9.0
10.0
10.0
10.0
8.5
9.0
9.0
9.0
10.0
10.0
10.0
9.5
9.5
9.5
10.0
10.0
8.5
9.5
9.5
9.0
10.0
9.0
9.5
9.5
8.0
9.0
9.5
9.0
10.0
8.5
9.5
10.0
9.5
9.5
10.0
10.0
9.0
9.0
10.0
9.0
9.5
8.5
9.0
8.5
8.5
9.5
10.5
9.0
8.5
10.0
8.5
8.5
9.5
9.0
10.0
10.0
9.0
10.0
9.5
9.5
8.5
9.5
9.5
9.5
8.5
9.5
10.0
8.5
10.0
10.0
10.0
10.0
9.0
9.5
10.0
8.0
9.0
9.5
10.0
9.5
10.0
9.5
10.0
9.0
10.5
10.0
10.0
9.0
9.5
9.5
10.5
9.5
9.5
9.0
9.0
9.5
9.0
9.0
10.0
9.0
8.5
8.5
9.5
10.0
9.0
8.5
9.5
10.0
10.5
10.5
9.0
9.5
9.5
9.5
8.0
9.0
9.0
10.5
9.5
10.0
9.5
9.0
10.0
9.0
9.5
9.0
9.5
9.0
9.5
10.0
10.0
9.0
9.0
10.0
9.5
9.5
10.0
9.5
9.0
9.5
9.0
10.0
9.0
9.0
9.5
9.0
10.0
10.0
9.0
10.0
9.0
9.5
10.0
9.5
9.0
9.0
8.5
9.5
9.5
10.0
9.5
9.0
10.0
9.5
9.5
9.0
9.0
9.0
10.0
8.5
9.5
9.0
9.5
9.0
9.5
8.5
10.0
9.5
9.5
9.0
8.5
9.5
10.5
9.5
9.5
9.5
9.5
9.5
8.5
10.0
9.5
9.5
9.0
10.0
9.5
9.0
10.0
9.5
9.5
9.0
9.0
9.0
8.5
9.5
8.5
9.0
10.0
10.0
9.0
9.5
9.0
10.0
9.0
9.0
10.5
9.5
9.0
9.5
9.5
8.0
9.5
10.5
10.0
9.5
9.5
9.0
10.0
9.5
9.0
9.0
10.0
10.0
9.5
9.5
9.0
9.0
9.5
9.5
10.0
8.5
9.5
10.0
10.0
9.5
9.0
9.5
9.5
8.5
10.0
9.0
10.0
9.5
9.5
8.0
9.5
10.0
9.0
9.5
10.0
9.5
9.0
9.5
9.0
9.5
10.5
8.5
9.5
9.5
10.5
10.0
9.5
10.0
8.5
10.0
8.5
9.0
9.0
9.0
8.5
8.5
9.5
9.5
9.5
9.5
9.0
10.0
9.5
9.5
9.5
9.5
10.5
9.5
10.0
10.0
9.0
10.0
9.0
8.5
8.5
9.0
9.0
9.0
9.5
9.5
12.500000000000004
10.5
11.000000000000002
13.000000000000004
13.000000000000004
11.0
11.5
11.5
13.000000000000004
13.500000000000004
11.0
11.500000000000002
11.5
13.000000000000004
13.500000000000004
12.000000000000002
13.500000000000004
11.0
12.500000000000004
13.500000000000004
13.000000000000004
11.0
10.5
12.000000000000002
13.500000000000004
12.500000000000002
13.000000000000004
12.500000000000002
13.000000000000004
11.500000000000002
13.000000000000004
13.500000000000004
11.0
10.5
12.500000000000002
14.5
20.000000000000007
28.5
27.500000000000007
42.99999999999999
38.50000000000001
12.000000000000002
12.500000000000002
12.000000000000002
12.000000000000002
11.500000000000002
12.000000000000002
13.500000000000004
10.5
12.000000000000002
10.5
13.500000000000004
11.0
12.500000000000002
13.500000000000004
13.000000000000004
11.5
11.500000000000002
10.5
12.500000000000002
12.000000000000002
12.500000000000002
11.0
12.500000000000002
13.000000000000004
12.500000000000004
10.0
12.500000000000004
13.000000000000004
11.500000000000002
10.0
13.000000000000004
12.000000000000002
12.000000000000002
12.000000000000002
11.0
11.5
12.500000000000004
12.000000000000002
13.000000000000004
13.000000000000004
12.500000000000004
12.000000000000002
11.500000000000002
12.000000000000002
12.000000000000002
12.000000000000002
12.000000000000002
12.000000000000002
13.500000000000004
11.5
11.5
12.000000000000002
12.500000000000004
10.5
13.000000000000004
10.5
13.000000000000004
12.000000000000002
10.5
13.000000000000004
10.0
11.5
12.000000000000002
12.500000000000004
10.5
12.000000000000002
10.5
11.0
13.000000000000004
11.500000000000002
11.500000000000002
12.500000000000004
11.500000000000002
11.500000000000002
12.000000000000002
10.5
10.5
11.0
11.0
12.500000000000004
11.5
12.500000000000004
10.5
13.000000000000004
12.000000000000002
11.500000000000002
11.500000000000002
12.500000000000004
12.000000000000002
11.500000000000002
11.0
11.5
11.500000000000002
12.500000000000002
12.500000000000002
13.000000000000004
10.5
11.5
12.000000000000002
12.500000000000004
12.000000000000002
13.000000000000004
12.000000000000002
12.000000000000002
11.500000000000002
11.0
13.000000000000004
11.0
10.5
12.000000000000002
10.5
11.0
10.5
10.5
12.000000000000002
11.0
10.5
12.500000000000004
9.5
9.5
11.5
11.5
11.500000000000002
12.000000000000002
11.500000000000002
12.500000000000004
10.5
12.000000000000002
11.5
11.500000000000002
13.000000000000004
12.000000000000002
12.500000000000004
12.000000000000002
12.500000000000004
13.000000000000004
12.500000000000002
12.000000000000002
12.500000000000004
12.000000000000002
12.500000000000002
13.000000000000004
12.500000000000002
10.5
11.5
13.000000000000004
11.500000000000002
12.000000000000002
13.000000000000004
13.000000000000004
12.500000000000002
12.000000000000002
13.000000000000004
11.500000000000002
13.500000000000004
12.000000000000002
11.5
14.500000000000004
11.0
12.500000000000002
13.000000000000004
14.000000000000004
14.000000000000004
12.000000000000002
13.000000000000002
10.5
13.000000000000004
11.5
11.5
13.000000000000004
13.500000000000004
13.000000000000004
13.000000000000004
12.000000000000002
12.000000000000002
13.500000000000004
13.000000000000002
13.000000000000004
12.000000000000002
12.000000000000002
13.000000000000004
11.0
13.000000000000004
14.000000000000004
12.500000000000002
12.000000000000002
13.500000000000004
13.000000000000004
14.000000000000004
11.500000000000002
13.500000000000004
15.000000000000004
13.000000000000004
12.000000000000002
12.500000000000002
11.0
12.000000000000002
42.49999999999999
34.50000000000001
27.000000000000004
23.500000000000007
23.500000000000007
25.500000000000007
24.500000000000007
23.000000000000007
22.000000000000004
25.000000000000007
22.000000000000007
22.000000000000007
23.000000000000007
26.000000000000007
23.000000000000007
20.000000000000007
25.500000000000007
23.500000000000007
23.000000000000007
19.500000000000004
22.500000000000004
24.500000000000007
20.500000000000007
24.000000000000007
24.000000000000007
22.000000000000007
24.500000000000007
20.500000000000007
22.000000000000004
21.0
21.000000000000007
24.000000000000007
24.500000000000007
21.500000000000004
20.500000000000007
26.500000000000007
23.000000000000007
24.000000000000007
21.0
26.000000000000007
20.500000000000007
20.000000000000007
22.000000000000004
25.500000000000007
26.000000000000007
22.500000000000007
25.500000000000007
26.0
25.000000000000007
28.000000000000007
26.000000000000007
24.500000000000007
24.000000000000004
23.000000000000007
23.000000000000007
28.500000000000007
26.000000000000007
25.000000000000007
23.500000000000007
20.000000000000007
23.000000000000007
24.000000000000007
23.000000000000007
26.000000000000007
20.5
25.000000000000004
21.0
19.500000000000004
27.000000000000007
23.500000000000007
24.000000000000007
22.000000000000007
24.500000000000004
25.000000000000007
23.500000000000007
24.000000000000007
23.000000000000004
23.000000000000007
24.500000000000007
26.000000000000007
19.000000000000004
23.000000000000007
21.000000000000007
24.500000000000004
25.500000000000007
23.500000000000007
18.500000000000004
19.000000000000004
28.000000000000007
23.500000000000007
26.000000000000007
20.500000000000007
23.500000000000007
24.500000000000007
21.0
18.500000000000004
24.500000000000007
26.500000000000004
24.500000000000007
22.500000000000007
23.000000000000007
28.500000000000007
26.000000000000007
19.500000000000004
15.000000000000004
14.500000000000004
13.000000000000004
15.000000000000002
14.000000000000004
14.5
13.000000000000004
14.000000000000004
16.0
13.5
16.0
12.500000000000004
14.5
15.000000000000002
15.500000000000004
15.500000000000002
13.500000000000004
14.0
12.000000000000002
13.500000000000004
15.500000000000002
13.500000000000004
17.000000000000004
15.000000000000002
13.500000000000004
15.000000000000002
15.000000000000002
14.500000000000004
15.000000000000002
14.000000000000004
14.5
17.0
13.500000000000004
20.5
16.000000000000004
21.5
41.99999999999999
41.99999999999999
75.0
48.0
43.5
31.000000000000004
22.500000000000004
22.500000000000007
36.999999999999986
30.499999999999993
26.500000000000004
25.000000000000007
36.49999999999999
72.49999999999997
54.499999999999986
19.500000000000004
30.0
53.99999999999997
55.0
101.49999999999997
141.99999999999997
123.99999999999999
176.49999999999997
174.99999999999994
237.99999999999994
282.0
330.0
194.5
219.5
335.5
400.0
400.0
394.0
226.99999999999994
91.0
329.49999999999994
148.0
168.99999999999994
400.0
400.0
390.0
254.0
242.49999999999997
301.5
381.5
358.0
348.5
389.5
400.0
308.0
330.99999999999994
400.0
400.0
400.0
400.0
400.0
400.0
400.0
400.0
400.0
400.0
400.0
400.0
400.0
18.500000000000004
379.0
400.0
400.0
400.0
400.0
400.0
26.500000000000007
31.500000000000007
18.5
10.0
10.0
9.5
9.5
10.0
10.0
9.5
9.0
9.5
9.5
9.0
9.0
10.0
9.0
9.0
10.5
10.0
10.0
10.0
9.5
9.0
10.0
9.5
8.5
10.0
10.0
10.0
11.0
9.0
9.0
9.0
9.0
9.5
8.5
8.5
10.0
10.0
9.5
10.0
9.0
9.0
9.5
9.5
9.0
9.0
10.0
9.5
9.5
9.5
10.0
9.0
10.0
9.0
10.5
10.0
9.5
9.0
9.0
9.0
9.0
9.5
10.0
10.5
10.0
9.0
8.5
9.5
10.5
8.5
9.0
9.0
9.0
9.5
10.0
9.5
10.0
9.0
10.0
9.5
9.0
10.0
9.5
10.0
9.5
9.0
9.0
9.0
10.0
8.5
10.0
9.5
9.5
9.5
9.5
10.0
9.5
9.5
9.5
10.0
10.0
9.5
9.5
9.5
9.0
10.0
9.5
9.5
9.0
9.0
9.0
10.0
9.0
9.5
9.5
10.5
9.0
10.5
9.5
9.0
9.5
10.0
8.0
8.5
8.0
9.5
10.0
10.0
10.0
9.0
10.0
9.5
9.5
8.5
8.5
9.0
9.5
9.0
9.0
10.0
9.5
9.5
10.0
9.5
8.5
9.0
9.5
10.0
9.0
9.5
8.5
10.0
9.5
9.0
9.5
9.5
9.5
9.0
9.0
10.0
9.5
9.0
10.5
10.0
8.5
8.5
9.0
9.5
9.5
9.5
10.0
10.0
9.0
10.0
9.0
8.5
8.5
9.5
9.5
9.5
9.0
10.0
8.5
9.0
9.0
9.0
9.0
9.0
9.5
9.5
9.5
9.0
9.5
9.5
9.5
9.0
9.0
10.5
9.5
9.5
9.0
10.0
9.5
9.5
9.0
8.5
10.0
9.0
9.5
9.5
9.5
9.0
10.0
9.5
9.5
9.0
9.5
9.5
10.0
9.5
9.5
9.0
9.5
10.0
9.5
9.5
9.5
9.5
9.5
9.5
8.5
9.0
10.0
9.5
9.0
9.5
9.0
10.0
9.5
9.0
10.0
9.5
9.5
9.5
8.5
9.0
8.5
9.0
9.5
9.5
9.0
10.0
9.5
8.5
9.5
9.5
9.5
9.5
9.0
10.0
8.5
9.5
9.5
9.0
9.0
9.0
8.5
9.5
9.5
9.0
10.0
10.0
9.5
9.0
9.5
8.5
9.5
9.0
9.5
9.5
8.5
9.0
10.0
8.5
9.5
9.5
9.5
10.0
9.5
10.0
8.0
10.5
9.5
8.5
9.5
9.5
9.0
10.0
9.5
10.0
10.5
8.5
9.5
9.5
10.5
9.0
9.0
8.0
9.0
9.5
9.5
9.5
9.0
8.5
8.0
9.5
9.0
9.0
9.0
10.0
9.5
9.5
10.0
9.5
9.0
9.5
9.5
9.0
10.0
9.5
10.0
9.5
9.5
9.0
9.5
9.0
10.0
9.0
9.5
9.5
10.0
8.5
8.5
8.5
10.0
10.0
9.5
9.5
10.0
9.0
9.5
9.0
10.0
10.0
9.5
9.0
9.5
9.0
9.0
8.5
9.5
9.5
9.5
9.5
9.5
9.0
9.0
9.0
9.5
9.0
8.5
9.0
9.5
9.0
9.5
10.5
9.0
9.5
9.5
9.5
9.5
9.5
9.5
10.0
9.0
10.0
10.5
9.5
9.5
9.5
8.0
8.5
10.0
9.5
9.0
8.5
9.0
10.0
8.5
9.0
9.0
8.5
10.0
9.5
9.0
8.0
8.5
9.5
9.0
9.0
9.5
9.0
9.5
9.0
9.5
9.0
9.0
9.5
9.0
8.5
9.0
10.0
9.5
9.5
9.0
9.5
9.5
9.0
10.0
9.0
9.0
8.5
10.0
9.0
9.0
9.5
9.5
9.5
8.5
9.5
9.5
9.5
9.0
9.5
9.5
9.0
10.0
10.0
9.5
10.0
9.5
9.5
9.0
9.5
9.0
9.5
10.0
9.5
9.5
9.0
10.0
9.5
9.5
9.5
9.5
8.0
9.0
9.5
9.5
9.5
9.0
10.5
9.5
9.5
10.0
10.0
8.5
9.0
8.5
9.0
9.5
9.5
9.5
8.5
9.0
10.0
8.0
9.5
10.0
10.5
9.5
10.0
10.5
8.5
8.5
8.5
10.0
10.0
9.5
10.0
9.5
9.5
9.5
9.0
10.0
9.5
9.0
10.0
10.0
9.0
9.5
10.0
9.5
10.0
10.0
9.0
9.0
9.5
10.0
8.5
10.0
9.0
9.5
9.5
8.5
10.0
9.5
9.5
9.5
9.5
10.0
9.5
9.0
9.5
9.0
9.0
9.5
10.5
9.5
10.0
9.0
9.0
9.5
10.5
9.0
8.5
8.5
9.0
8.5
9.5
9.5
9.0
10.0
9.5
9.5
11.5
16.0
21.000000000000007
107.99999999999997
9.0
8.5
9.0
9.5
9.5
9.5
9.5
9.5
10.0
9.0
9.0
10.0
8.5
10.0
9.0
8.5
9.5
9.5
9.0
9.5
9.5
9.0
9.5
9.5
8.5
9.5
10.0
9.0
9.0
9.5
9.5
8.5
10.0
9.5
9.0
10.0
9.5
9.5
9.5
8.5
9.5
9.5
9.5
9.5
9.5
9.0
9.0
9.0
9.0
9.5
9.5
9.5
9.5
9.5
10.5
8.0
10.0
8.5
9.5
9.0
9.5
9.0
9.5
10.0
9.5
9.0
10.0
9.0
9.0
9.0
9.5
9.0
9.5
9.5
10.0
9.0
8.5
9.5
9.5
9.5
9.5
8.5
9.5
8.5
9.0
9.5
10.0
10.0
10.0
10.0
9.0
8.5
9.0
8.0
9.5
9.5
10.0
9.0
9.5
10.0
9.5
9.5
9.5
9.0
9.0
9.0
9.5
9.5
10.0
9.0
9.0
9.0
10.0
9.0
8.5
9.5
8.5
9.0
8.5
9.5
9.0
9.5
9.5
8.5
9.0
9.0
9.5
9.5
9.0
9.5
9.0
9.0
10.0
9.0
9.0
10.0
9.0
9.5
9.0
9.5
9.0
8.5
8.5
9.0
9.0
9.5
9.0
9.0
9.0
9.5
10.5
9.0
10.5
10.0
8.5
10.5
9.5
9.5
8.5
8.0
9.0
8.5
8.5
9.0
9.0
10.0
9.5
9.5
9.5
9.0
9.0
9.0
8.5
9.5
10.0
9.5
9.0
9.5
9.5
8.5
9.5
9.5
9.5
9.5
9.5
9.5
9.0
9.0
10.0
10.0
8.0
9.5
9.0
10.0
10.0
8.5
9.5
9.0
8.5
9.0
8.5
9.5
9.5
9.5
9.5
9.5
9.0
9.0
9.5
8.5
10.0
9.5
10.0
10.0
10.0
10.0
9.0
9.0
9.5
9.0
10.0
9.5
9.5
9.5
10.0
9.0
10.0
10.0
9.0
9.5
9.5
9.5
9.0
9.0
10.0
9.5
9.0
9.5
9.5
9.5
10.0
10.0
9.5
9.5
9.0
9.5
9.5
9.5
9.5
9.5
9.5
9.5
10.0
9.0
9.0
9.0
9.0
9.5
9.5
9.5
9.0
8.5
9.0
9.5
9.0
9.0
9.5
9.0
9.5
9.5
9.5
9.0
9.0
10.0
9.0
9.0
10.0
9.0
9.5
10.0
9.5
9.0
9.5
8.5
9.5
9.0
10.0
9.0
9.5
9.0
9.0
8.5
9.0
9.0
10.0
9.0
8.5
9.0
8.0
9.5
9.0
9.0
10.0
10.0
9.5
9.5
10.0
10.0
9.5
9.5
9.5
9.0
8.5
9.5
10.0
9.5
9.0
9.0
10.0
9.0
10.0
10.0
10.0
9.5
9.5
9.5
10.0
9.0
10.0
9.5
8.5
9.5
9.0
10.5
9.0
10.0
10.0
9.5
10.0
10.0
8.5
9.5
9.0
9.0
9.5
9.0
10.5
9.5
9.0
9.0
10.0
9.5
10.0
9.5
10.0
9.5
9.5
10.0
10.0
8.5
9.0
9.0
10.5
9.0
9.0
8.0
9.5
9.0
9.0
9.5
9.0
10.0
8.5
9.0
9.5
9.5
9.0
9.5
9.5
8.5
9.0
9.5
8.5
9.0
10.0
9.0
9.5
9.0
8.5
10.0
9.5
9.0
9.0
9.5
9.0
8.5
10.0
9.0
8.0
9.5
10.0
9.5
10.0
10.0
9.5
8.0
9.0
9.5
10.0
10.0
10.5
8.5
9.5
10.0
9.0
9.5
8.5
9.0
9.5
9.0
10.0
9.5
9.0
9.5
9.0
10.0
9.0
9.5
9.0
9.5
9.0
9.0
8.5
8.5
8.5
9.5
10.0
10.0
9.5
10.0
10.0
9.5
9.5
9.5
9.5
10.0
9.5
9.0
9.5
8.0
9.5
10.5
10.0
10.0
10.0
9.0
9.5
8.5
10.0
9.0
9.5
9.0
9.5
8.5
9.0
9.5
10.0
9.0
8.5
9.5
9.0
8.5
9.0
9.5
10.5
9.5
9.5
10.0
9.5
8.5
9.0
8.5
10.0
9.5
9.5
9.5
9.5
10.0
9.5
9.5
10.5
10.5
8.5
9.0
8.5
10.0
10.0
9.5
10.0
9.5
9.0
10.0
9.0
9.0
9.5
10.0
9.0
9.5
9.0
8.5
9.5
10.0
10.0
9.0
10.0
9.0
9.0
9.0
9.0
9.5
9.0
8.5
10.0
9.0
9.0
10.0
9.5
9.5
10.0
9.5
9.5
8.0
9.5
9.0
9.5
8.5
10.0
9.5
9.5
9.5
9.5
8.5
9.0
10.0
9.5
9.5
9.5
9.5
8.5
9.0
8.0
9.0
9.5
10.0
9.0
9.0
9.5
8.5
9.5
9.5
10.0
9.5
9.0
8.5
9.5
9.0
9.0
10.0
8.5
10.0
9.5
10.0
9.0
10.0
10.0
9.5
8.5
10.0
10.0
9.0
10.0
9.5
8.5
9.0
8.5
10.0
8.0
9.5
8.5
10.0
9.5
9.0
9.0
9.0
9.0
9.5
9.0
9.5
9.0
9.5
9.5
8.5
9.5
10.0
9.5
9.0
10.0
9.5
9.5
9.5
8.5
9.5
9.5
10.0
10.0
9.5
9.5
9.5
9.0
10.0
9.5
9.5
9.0
9.5
10.0
9.0
8.5
9.5
9.0
9.5
8.5
9.0
9.5
10.0
9.5
9.5
8.5
9.5
9.0
8.0
9.5
10.0
8.5
8.5
9.0
9.5
9.5
9.0
9.5
9.5
9.5
9.5
9.5
9.0
8.5
9.5
9.0
10.0
10.0
9.0
9.5
9.0
10.0
9.0
9.0
10.0
9.5
9.5
9.0
9.0
8.5
8.5
9.5
10.0
10.0
9.5
9.0
8.5
10.0
9.5
10.0
9.5
9.0
8.5
10.0
9.5
9.0
9.0
8.5
10.0
8.5
9.5
10.5
10.0
10.0
9.5
9.0
8.5
9.0
9.0
9.5
9.0
9.0
9.0
9.5
9.0
9.0
9.5
9.5
8.5
9.0
9.0
9.5
9.5
9.5
9.5
9.0
9.5
8.0
10.0
9.0
9.5
9.5
8.0
9.5
9.0
10.0
10.0
9.0
9.0
10.5
10.0
9.0
10.0
9.0
9.0
9.5
9.5
9.5
9.5
10.0
9.5
9.5
9.5
10.0
10.0
10.5
8.5
8.5
9.5
8.0
9.5
9.5
9.5
9.0
10.0
10.0
9.5
10.0
9.0
8.5
10.0
9.0
10.0
10.0
9.5
10.0
10.0
10.0
10.0
9.5
9.5
9.5
9.0
9.5
9.5
9.5
10.5
9.5
9.5
9.5
9.0
10.0
9.5
9.5
9.5
9.0
9.0
9.0
9.0
9.0
10.0
8.5
9.5
9.5
9.0
8.5
8.5
10.0
9.0
9.0
9.0
10.0
9.5
9.5
9.0
10.0
9.0
9.0
9.0
10.0
9.5
9.0
9.0
9.0
9.0
9.0
10.0
9.5
9.0
9.0
9.0
9.0
9.0
9.0
9.0
10.0
9.0
9.0
9.0
10.0
9.5
10.0
10.0
9.5
9.5
9.5
9.0
9.0
10.0
9.5
9.0
9.0
9.5
9.0
10.0
8.5
9.5
10.0
9.5
9.5
9.0
10.0
9.5
9.5
9.0
8.5
9.5
8.5
9.5
10.0
9.5
10.5
8.5
9.5
10.0
9.0
9.5
10.5
10.0
9.5
8.5
8.5
8.5
9.5
9.0
9.5
9.0
10.5
10.0
9.0
9.5
9.5
8.0
10.0
9.5
9.0
9.5
9.0
10.0
8.5
10.0
10.0
9.0
10.5
9.5
10.5
9.5
9.5
9.5
8.5
9.5
10.0
9.5
9.0
10.0
9.0
9.0
9.0
9.0
9.0
10.0
9.0
9.0
9.5
9.0
8.5
9.5
9.5
9.0
9.0
10.0
9.5
8.0
8.5
10.0
9.5
9.5
9.0
9.5
8.0
9.0
9.5
8.5
9.0
9.5
8.5
9.0
10.0
9.0
10.5
9.5
9.5
9.0
9.0
9.0
9.5
10.0
8.0
9.5
10.0
8.5
8.5
9.5
10.0
9.0
8.5
9.5
9.0
9.5
8.5
9.5
9.0
9.5
10.0
9.5
9.5
9.5
9.5
9.5
9.5
8.5
9.5
9.5
9.5
8.0
9.5
9.0
9.0
9.0
9.5
9.0
10.0
9.0
9.5
9.0
9.5
9.0
9.5
9.5
9.0
9.5
9.5
9.5
10.0
9.0
8.5
10.0
10.0
9.0
10.0
9.5
9.0
9.5
9.0
9.5
9.0
9.5
9.5
9.0
9.5
9.0
10.0
10.5
8.5
9.0
9.0
9.5
8.5
9.5
9.5
9.0
9.5
9.5
9.0
10.0
9.5
10.0
8.5
10.5
9.0
9.5
8.5
9.0
9.5
9.0
9.0
9.0
9.5
10.0
9.5
10.0
10.0
9.5
9.5
9.5
9.5
9.0
9.5
10.0
10.0
10.0
9.5
9.5
8.5
10.0
10.0
9.0
10.0
10.5
9.0
9.5
9.0
10.0
9.5
9.5
9.5
9.0
10.0
8.5
10.0
9.0
9.0
8.5
9.0
9.0
9.5
9.5
9.5
9.5
9.5
9.0
9.5
9.0
10.0
9.5
9.5
9.0
9.5
9.0
10.0
9.5
9.5
9.5
10.0
9.5
9.5
9.0
10.0
9.0
9.5
9.5
10.0
10.0
8.0
9.5
9.5
9.0
9.0
10.0
9.5
9.5
10.0
9.0
10.0
9.5
9.5
10.5
9.0
9.0
9.0
10.0
10.0
8.5
9.0
9.0
9.5
9.5
10.0
9.0
9.0
9.5
9.0
8.0
9.5
8.5
9.5
9.5
9.0
8.5
9.5
8.0
9.0
8.5
8.5
10.0
9.0
10.0
9.0
9.5
9.0
10.0
9.5
9.5
9.0
9.5
8.0
9.5
8.5
9.0
10.0
10.5
9.5
8.5
9.5
10.0
8.5
9.5
10.0
10.0
9.5
8.5
10.0
10.0
9.0
9.0
9.5
9.5
9.5
9.5
9.5
9.5
9.5
9.0
9.5
9.5
9.0
9.0
8.5
9.5
9.0
9.5
10.0
10.0
9.5
10.0
9.0
9.5
9.5
9.0
9.5
10.0
8.5
10.0
9.0
9.0
9.0
9.0
9.0
9.5
8.5
9.0
8.5
9.5
9.5
9.0
9.5
9.0
9.0
10.0
10.0
8.5
9.0
8.5
9.5
9.0
8.5
10.0
9.5
9.0
9.5
9.0
8.5
9.0
9.0
10.0
8.5
10.0
9.5
9.0
8.5
8.5
9.0
10.0
8.5
9.0
9.5
10.0
9.5
9.0
9.0
10.0
9.5
9.5
9.5
9.0
9.5
9.5
10.0
9.5
9.0
10.0
10.5
8.5
9.5
8.0
9.5
8.5
10.0
9.0
10.0
9.5
9.5
8.5
9.0
9.0
10.0
10.0
9.0
9.0
9.0
10.0
9.0
10.0
10.0
9.0
9.5
8.5
10.0
9.0
8.5
9.5
10.0
9.5
9.5
9.0
9.5
8.5
8.5
10.0
9.5
10.0
8.5
8.5
9.0
9.0
9.5
10.0
9.0
9.5
9.5
9.5
8.0
10.0
8.5
8.5
8.5
9.5
9.5
9.0
9.5
10.0
9.5
9.5
9.5
9.5
10.5
10.0
9.0
10.0
10.0
9.0
8.5
9.5
9.0
10.0
9.5
9.0
9.5
9.5
9.0
10.5
9.0
8.5
9.0
10.0
9.5
9.5
10.5
8.5
10.5
10.0
10.0
9.0
8.5
9.5
9.5
9.0
8.5
9.5
9.5
9.5
9.0
9.0
9.5
13.5
17.500000000000007
28.0
17.500000000000004
45.49999999999999
97.0
57.999999999999986
76.99999999999997
72.49999999999997
137.0
83.99999999999999
95.99999999999999
93.99999999999997
205.0
18.0
15.500000000000002
21.500000000000004
21.500000000000007
27.500000000000007
29.000000000000004
26.000000000000007
29.500000000000007
28.500000000000007
35.0
104.49999999999999
100.0
91.49999999999997
95.99999999999997
67.49999999999999
35.0
102.5
112.5
115.5
162.99999999999994
321.5
267.5
190.0
149.99999999999997
163.5
339.0
400.0
389.0
306.5
218.5
216.5
105.99999999999997
123.0
94.99999999999999
94.49999999999999
93.99999999999999
11.0
11.5
12.500000000000002
18.0
20.500000000000007
20.500000000000007
20.500000000000007
18.0
20.000000000000004
19.000000000000004
20.500000000000007
15.500000000000002
17.5
14.5
14.0
14.000000000000004
16.0
14.500000000000004
13.500000000000004
16.000000000000004
12.500000000000004
16.000000000000004
15.500000000000002
14.000000000000004
14.500000000000004
19.500000000000004
15.500000000000002
20.500000000000007
20.5
24.000000000000007
21.0
20.000000000000007
21.500000000000004
23.000000000000007
22.000000000000004
22.500000000000004
24.000000000000007
11.0
10.0
9.0
9.5
8.5
9.5
9.0
9.5
11.5
10.5
9.5
9.5
9.0
10.5
9.0
8.5
9.5
8.0
9.5
9.0
9.5
9.0
9.5
9.5
10.0
9.5
8.5
9.0
9.5
9.0
8.5
9.5
9.0
8.5
8.0
10.0
9.0
10.0
9.5
9.5
9.5
9.0
9.0
8.5
9.0
9.5
9.0
8.0
8.0
9.5
9.0
9.0
9.0
10.5
10.0
10.5
10.0
9.5
9.5
10.0
9.5
8.5
8.5
10.0
9.0
9.0
9.0
9.5
8.5
8.5
9.5
9.5
9.0
8.5
9.5
9.5
9.5
9.5
9.5
8.5
9.5
9.0
9.5
8.5
9.5
8.0
9.5
10.0
9.0
9.5
8.5
9.5
9.0
9.0
9.5
9.0
8.5
9.0
9.5
10.0
9.5
8.5
10.0
9.5
10.0
8.5
9.5
8.5
10.0
9.0
9.5
10.5
9.5
8.5
9.5
9.5
10.0
9.0
9.5
9.0
9.0
10.0
8.5
10.0
9.5
9.5
10.0
8.5
9.0
10.0
10.0
9.5
9.0
9.0
9.5
9.0
9.0
9.5
9.5
9.0
9.0
9.5
9.0
8.5
9.5
9.0
10.0
9.0
10.0
9.0
9.5
9.5
8.5
8.0
9.5
9.5
8.5
9.0
10.0
9.5
9.5
9.5
9.5
9.0
8.0
9.5
9.5
10.0
9.0
9.5
9.0
10.0
9.0
9.0
9.5
10.0
9.0
10.0
9.5
9.5
9.5
9.5
9.0
9.5
9.5
10.0
9.0
9.0
10.0
9.5
9.5
9.5
9.0
8.5
9.5
9.5
9.5
9.0
9.5
9.5
10.0
10.0
9.0
10.0
8.5
9.5
9.0
10.5
9.5
9.5
9.0
9.0
10.5
9.0
10.0
9.5
9.5
9.0
9.5
9.0
9.0
9.0
9.0
10.0
9.0
10.0
9.5
9.5
9.5
10.0
10.0
10.0
10.0
9.5
9.5
8.5
9.0
9.5
9.5
10.0
9.0
9.0
10.5
8.5
9.5
8.5
9.0
9.5
8.5
10.5
9.0
9.0
10.0
9.5
9.0
9.0
9.0
9.5
9.0
9.5
9.5
10.0
9.0
8.5
10.0
10.0
10.0
9.0
9.5
9.5
8.0
9.5
9.0
9.5
9.5
9.5
9.0
9.5
8.5
9.5
9.5
9.0
9.5
10.5
9.0
10.0
9.0
9.5
10.0
10.0
10.0
9.0
10.0
9.0
9.5
8.5
9.5
10.0
9.0
9.5
9.5
9.0
9.5
9.5
9.0
9.0
10.0
10.0
9.5
9.5
9.0
10.0
10.0
8.5
9.0
9.5
9.5
9.5
9.5
9.0
9.5
9.5
8.0
9.0
9.5
9.5
9.0
9.0
9.5
9.5
10.0
9.5
9.0
10.0
9.0
9.0
9.5
8.5
10.0
9.5
9.5
9.5
8.5
10.0
10.0
10.0
8.5
9.0
9.5
9.5
8.5
9.0
9.5
9.5
9.0
9.0
10.0
9.0
9.0
9.0
9.5
9.5
9.5
10.5
9.0
9.0
9.5
10.0
9.0
10.0
9.5
9.0
9.5
10.0
8.5
10.0
8.0
9.0
9.0
10.0
9.5
8.5
9.5
10.0
9.0
9.0
10.0
9.0
10.5
10.0
9.0
9.0
9.0
9.5
10.0
9.0
10.0
10.0
9.5
9.5
10.0
9.0
9.5
9.5
9.0
9.0
10.0
8.5
8.5
8.5
9.0
9.5
9.5
9.0
9.0
9.0
8.0
9.5
8.5
9.5
10.0
8.5
9.5
9.0
10.0
9.5
9.5
10.0
9.5
8.5
9.5
10.0
9.5
9.5
10.0
10.0
9.0
9.5
9.5
10.0
10.0
9.0
10.5
10.0
9.0
9.0
9.5
10.0
10.0
8.5
10.5
8.5
9.5
9.0
9.0
10.0
9.5
9.5
8.0
9.5
9.5
9.5
10.0
9.5
10.0
9.5
10.0
9.0
9.0
9.5
9.5
8.5
9.5
9.0
9.0
9.5
9.5
10.0
9.0
9.0
9.5
9.0
8.5
10.0
9.5
10.0
9.0
9.0
9.5
9.5
9.0
10.0
9.0
9.5
9.0
9.0
9.5
9.5
9.5
8.0
9.5
9.0
9.5
9.0
10.0
9.0
9.0
8.5
9.5
9.0
10.0
8.5
9.5
9.5
9.0
10.0
8.5
9.5
9.0
9.5
9.5
9.5
9.0
9.5
8.5
9.5
8.5
10.0
9.0
8.5
9.0
9.5
9.5
9.0
9.0
10.0
10.0
9.5
9.5
8.5
9.5
8.5
9.5
9.5
9.0
9.0
9.5
10.0
8.5
9.0
10.0
9.5
9.0
9.0
9.5
9.5
9.0
10.5
10.0
10.0
10.0
9.5
9.0
9.0
10.0
10.0
9.5
9.5
9.5
9.5
8.0
8.5
8.5
9.0
9.0
9.0
9.0
9.5
9.0
9.5
9.5
9.0
9.0
9.0
9.5
9.5
10.0
9.5
10.5
9.5
9.5
10.0
9.0
10.0
9.5
9.5
9.0
9.0
9.5
10.0
9.0
9.5
9.5
9.0
9.0
10.5
8.5
9.5
8.0
10.0
9.0
9.0
9.5
8.5
8.5
9.5
9.5
9.5
9.5
9.5
10.0
9.5
9.5
9.0
9.0
10.5
9.0
8.5
9.5
9.0
9.0
9.5
8.5
10.0
10.0
10.0
9.5
9.5
10.0
9.0
8.5
9.0
9.5
8.0
9.0
10.0
9.0
9.0
9.0
9.5
9.5
9.5
9.5
9.5
9.5
9.5
9.5
9.0
9.0
8.5
10.0
10.0
10.0
9.0
10.0
8.5
9.0
10.0
9.0
9.5
10.5
8.5
9.0
9.0
9.5
9.5
8.5
9.0
8.5
10.0
8.5
9.0
9.0
8.5
9.5
9.5
8.5
9.0
10.0
10.0
9.5
9.0
10.0
9.5
10.0
10.0
9.0
9.0
8.5
9.0
9.0
9.5
10.0
10.0
9.5
9.5
9.5
9.5
10.5
10.0
9.5
10.0
9.0
9.0
10.0
9.0
9.0
9.5
10.0
9.0
9.0
9.0
9.0
10.0
9.5
8.5
9.0
9.0
9.5
9.5
8.5
10.0
9.5
9.0
9.0
9.5
9.0
9.5
10.0
9.5
9.0
9.5
9.5
9.5
8.5
9.0
10.0
10.0
8.5
9.5
9.0
9.5
10.5
9.0
9.5
9.5
9.5
10.0
9.5
10.0
8.5
9.5
10.0
10.0
9.0
10.0
9.0
9.5
10.0
9.5
9.5
10.0
8.5
9.0
9.5
9.5
9.0
9.5
9.5
9.0
9.5
10.0
9.0
9.5
10.0
10.0
8.5
9.5
8.5
9.5
9.5
8.5
9.0
9.5
10.5
9.0
9.0
9.0
10.0
9.5
9.5
9.5
9.0
9.0
10.0
8.5
9.5
10.0
9.0
10.0
8.5
9.0
9.5
8.5
9.0
9.5
9.0
9.0
9.5
9.5
9.5
10.0
8.5
10.0
9.5
9.5
9.0
9.5
9.5
9.0
10.0
9.0
10.0
8.5
9.5
10.5
9.0
9.0
9.0
10.0
9.5
10.0
9.5
9.5
8.5
9.0
9.5
10.0
9.0
9.0
8.5
9.5
10.0
9.5
9.5
9.0
9.5
10.5
10.0
9.0
9.5
9.0
9.0
8.5
9.5
9.0
9.5
9.5
9.0
9.0
10.0
9.5
9.5
9.5
9.5
9.0
9.5
8.5
10.0
10.0
9.5
9.0
8.5
9.5
8.5
9.5
9.5
10.0
9.0
9.5
10.0
10.0
9.5
8.5
8.5
9.0
9.5
10.0
10.0
8.0
9.5
10.0
9.0
9.0
9.0
10.0
9.0
8.5
9.5
9.5
9.5
9.5
10.0
8.0
10.0
10.0
10.0
10.0
10.5
10.0
9.5
10.0
9.5
9.5
9.0
9.5
9.5
9.0
9.5
10.0
9.5
9.0
9.0
9.5
8.0
9.0
9.0
9.5
9.0
9.0
9.5
9.0
10.0
9.5
9.5
9.0
9.0
10.0
9.0
9.0
10.5
9.5
9.0
9.0
9.0
9.0
10.0
9.5
9.0
9.5
8.0
9.5
10.0
9.5
10.0
9.0
9.0
9.5
9.5
9.5
9.0
10.5
9.5
9.5
9.0
9.5
8.0
9.0
10.0
9.5
9.5
9.0
10.0
8.5
10.0
9.0
8.5
9.5
9.5
9.5
10.0
9.0
10.5
10.5
8.0
9.0
8.5
9.0
9.0
9.5
8.5
9.5
10.0
9.0
10.0
10.0
9.0
9.5
8.5
8.0
9.0
10.0
8.5
9.0
9.5
9.0
9.5
9.5
9.5
9.5
8.5
9.5
10.0
9.0
9.0
9.0
9.5
10.0
9.0
9.5
10.0
9.0
9.0
9.5
9.5
9.0
9.5
10.0
9.5
9.0
10.0
10.0
10.0
9.5
9.5
9.5
9.5
9.0
9.5
9.0
9.5
8.0
9.5
9.0
9.0
9.5
9.5
9.5
9.5
9.0
8.5
9.5
9.0
10.5
10.0
10.0
9.5
9.0
9.0
9.5
9.5
8.0
8.5
9.5
9.5
9.5
9.5
9.5
9.5
10.0
10.0
9.5
9.0
9.5
9.0
10.0
10.0
9.0
9.5
9.5
9.5
10.0
9.5
10.5
10.0
10.0
9.5
9.0
8.5
10.0
9.0
9.0
9.5
9.0
9.0
9.0
9.0
9.5
9.0
10.0
9.0
9.5
9.5
10.0
9.5
10.0
9.5
9.5
10.0
9.0
10.5
9.5
9.5
8.5
9.0
8.5
10.0
9.5
8.5
8.5
9.5
8.5
9.5
9.0
9.5
9.0
9.0
9.0
9.5
9.0
9.5
10.0
8.5
10.0
9.0
9.0
9.5
9.0
10.0
9.5
9.0
10.0
9.0
10.0
10.0
9.5
9.5
9.5
10.0
8.5
10.0
10.0
10.0
9.0
9.0
9.0
8.5
9.5
9.0
9.5
10.0
9.5
9.5
9.5
9.0
10.0
9.0
8.5
9.0
9.5
9.5
10.0
9.5
9.0
9.5
9.0
9.5
9.0
9.5
9.0
10.5
9.0
10.0
9.0
9.5
9.5
9.0
10.0
10.0
9.5
8.5
9.0
9.0
9.0
9.0
9.5
9.5
10.5
10.0
9.0
8.5
8.5
9.5
10.0
8.5
9.5
9.5
9.0
8.5
9.5
9.5
9.0
10.0
9.5
9.0
10.0
8.0
9.0
8.5
9.0
9.5
9.5
10.0
9.5
8.0
9.5
9.0
9.5
9.5
9.0
10.0
9.0
10.0
10.5
9.0
8.5
9.0
8.5
10.0
9.5
10.0
8.5
9.5
9.5
10.0
9.0
9.5
10.0
10.0
9.5
8.5
9.5
10.0
10.5
10.0
8.5
9.0
8.0
9.0
9.5
9.5
9.5
9.0
10.5
10.0
10.0
9.0
9.5
10.5
9.0
10.5
9.5
8.5
9.5
9.0
8.5
9.5
9.0
10.0
9.5
10.5
9.5
9.5
9.0
9.0
9.5
9.5
9.5
9.5
10.0
8.5
9.5
9.0
9.5
9.5
9.0
9.5
9.0
9.0
9.0
9.0
10.0
9.5
9.0
10.0
10.0
9.5
9.5
10.0
9.5
9.5
9.0
9.5
9.5
8.5
9.0
10.0
10.0
9.5
9.0
9.0
10.0
9.5
8.5
9.5
9.0
8.5
9.0
9.5
10.0
9.5
10.0
9.5
9.0
9.5
10.0
9.0
10.0
9.5
10.5
9.0
11.0
8.5
10.0
9.0
9.0
9.0
9.0
9.0
9.0
9.0
10.0
8.5
9.5
8.5
9.5
9.5
9.0
9.5
10.0
9.5
9.0
10.0
9.5
9.0
9.5
9.0
9.0
10.0
8.5
9.0
9.5
9.5
9.5
10.0
10.0
9.5
9.0
10.5
10.0
9.5
10.0
10.0
9.0
9.0
9.0
10.0
9.0
9.5
9.5
9.5
9.0
8.5
10.0
9.0
9.5
10.0
8.5
10.0
10.0
9.5
9.5
9.0
8.5
10.0
9.0
8.5
9.5
9.0
9.5
9.5
9.5
9.5
9.5
10.0
9.0
9.5
9.5
10.0
10.5
9.5
10.0
8.0
10.0
9.5
9.0
9.5
8.5
10.0
9.0
9.0
9.5
8.5
9.0
10.0
8.5
9.5
9.5
9.5
8.5
9.5
9.5
9.5
8.5
9.0
10.0
9.0
9.0
9.0
10.0
9.0
10.5
8.5
9.5
9.0
8.5
10.0
10.0
9.5
10.0
8.5
10.0
9.5
8.0
9.5
9.5
9.5
9.0
9.0
8.5
10.0
9.0
8.5
10.0
9.5
9.0
10.0
9.5
10.5
9.5
9.0
8.5
10.0
9.5
10.0
10.0
10.0
9.5
8.5
9.0
10.5
9.5
9.0
10.0
10.0
9.5
10.0
9.0
9.5
9.0
9.0
10.0
8.5
10.5
10.0
9.0
9.0
9.0
9.0
9.5
10.0
9.5
9.0
10.0
9.5
9.0
9.5
10.5
8.5
9.5
9.5
9.5
9.5
9.0
8.5
9.0
10.0
9.0
9.5
10.0
9.5
10.0
10.0
10.0
9.0
9.0
8.0
10.5
9.5
10.5
9.5
10.0
9.5
8.5
9.0
9.0
9.5
9.5
9.5
9.0
10.0
10.0
10.5
9.0
8.5
9.5
10.0
9.0
9.5
9.5
9.0
10.0
10.0
10.0
9.5
9.5
9.5
9.5
10.0
9.5
9.0
9.0
9.0
9.0
9.5
10.0
9.0
9.5
9.0
9.5
9.5
8.5
9.0
9.5
10.0
9.5
10.0
8.0
9.0
10.0
9.0
9.0
9.0
8.5
10.0
8.0
9.0
8.5
10.0
9.5
9.5
9.0
10.0
9.5
9.5
9.5
9.5
9.5
10.5
9.5
9.0
9.0
8.5
9.5
10.0
8.5
10.0
9.5
9.0
9.5
9.5
9.0
9.5
9.5
9.5
9.5
9.0
9.5
10.0
9.5
9.0
9.5
10.0
10.0
9.0
10.5
10.0
8.5
9.0
8.5
9.0
8.0
9.5
8.5
9.0
9.0
9.0
10.0
9.5
9.0
10.0
10.0
9.0
9.5
9.5
10.0
9.5
9.5
9.5
10.0
8.0
9.5
9.0
9.5
9.0
10.0
9.0
8.5
9.0
8.5
9.0
9.0
9.5
8.5
9.5
10.0
9.5
10.0
9.5
9.5
9.0
8.5
8.5
8.5
9.5
9.0
9.5
9.0
9.0
10.0
9.0
9.5
10.0
9.0
10.0
9.5
8.5
8.5
9.5
9.0
8.5
10.0
10.5
9.5
9.0
9.5
10.0
10.0
9.5
9.5
9.0
9.5
8.5
9.5
9.0
9.5
8.5
9.5
9.5
9.5
9.0
10.0
9.0
9.5
10.0
10.0
9.5
9.5
9.0
9.5
9.0
9.0
9.0
10.0
10.0
8.5
9.5
9.5
9.5
8.5
9.5
10.0
9.0
9.5
9.0
9.5
10.0
10.0
9.5
9.0
9.5
9.0
10.0
9.5
9.0
9.0
9.5
9.0
8.5
9.0
9.5
8.5
10.0
10.0
9.0
9.0
10.0
9.5
9.5
10.0
9.5
10.0
9.5
9.5
10.0
9.0
9.5
9.5
10.5
8.5
9.0
9.5
10.5
9.0
9.0
10.0
9.0
9.0
9.0
8.5
9.5
9.0
9.5
8.0
10.0
9.5
9.0
9.0
9.5
8.5
9.5
10.0
9.5
9.0
8.5
9.0
9.0
9.0
10.5
9.5
10.5
10.0
9.5
9.5
10.0
9.5
9.5
9.5
9.0
8.5
9.5
9.0
9.0
8.5
9.0
10.0
9.0
9.0
9.0
9.5
8.5
9.0
9.5
11.0
9.5
10.5
10.0
9.5
10.0
9.0
9.5
9.5
9.5
10.0
9.5
9.5
8.5
10.0
9.0
9.5
9.5
9.5
9.0
8.5
9.5
9.5
9.0
9.0
8.5
9.5
9.0
8.5
9.5
9.5
10.0
10.0
8.5
9.5
9.5
10.0
8.5
10.0
8.5
9.5
9.0
10.0
9.5
9.0
8.0
9.5
9.0
9.0
9.0
8.0
10.0
9.0
9.0
8.5
9.0
10.0
9.0
9.0
9.0
9.5
9.5
9.5
10.0
9.0
10.0
9.5
9.5
8.5
9.5
