-400.0
-400.0
-400.0
-400.0
-400.0
-400.0
-400.0
-400.0
-333.0
-400.0
-348.49999999999994
-259.5
-231.5
-188.99999999999997
-153.0
-168.99999999999994
-145.0
-182.99999999999997
-154.5
-177.0
-144.49999999999997
-142.99999999999997
-156.49999999999997
-148.5
-142.99999999999997
-107.0
-149.0
-97.5
-99.49999999999999
-110.5
-110.0
-83.5
-84.99999999999997
-99.49999999999999
-96.49999999999999
-105.0
-96.49999999999999
-127.5
-84.0
-71.49999999999999
-120.99999999999999
-97.5
-106.49999999999997
-88.5
-81.49999999999997
-96.0
-80.5
-93.49999999999997
-83.99999999999999
-104.0
-87.99999999999997
-109.49999999999999
-70.99999999999999
-85.99999999999997
-69.49999999999997
-80.49999999999997
-88.49999999999997
-91.99999999999997
-91.49999999999999
-68.99999999999999
-135.5
-75.99999999999997
-121.0
-80.99999999999999
-69.99999999999997
-92.49999999999997
-111.5
-97.5
-85.5
-78.49999999999999
-101.49999999999999
-238.5
-77.5
-70.49999999999999
-103.49999999999999
-91.49999999999999
-81.49999999999999
-66.99999999999999
-69.49999999999999
-78.49999999999997
-82.5
-72.49999999999997
-81.99999999999997
-97.49999999999997
-85.99999999999999
-103.99999999999997
-97.49999999999997
-101.99999999999997
-88.99999999999999
-74.49999999999999
-78.49999999999999
-77.99999999999997
-126.99999999999999
-77.49999999999999
-77.99999999999999
-78.49999999999997
-75.99999999999997
-61.49999999999997
-74.99999999999999
-75.49999999999997
-70.49999999999999
-67.5
-72.0
-70.99999999999999
-73.99999999999997
-73.99999999999999
-76.99999999999997
-95.0
-77.99999999999997
-94.49999999999999
-75.49999999999999
-74.49999999999999
-66.0
-70.99999999999999
-108.0
-79.99999999999997
-68.5
-65.49999999999997
-90.99999999999997
-127.99999999999997
-74.49999999999997
-83.49999999999997
-68.49999999999997
-78.49999999999999
-134.0
-128.5
-108.99999999999997
-69.5
-82.49999999999999
-78.99999999999999
-76.99999999999997
-154.5
-79.49999999999999
-69.49999999999997
-91.5
-86.99999999999997
-79.49999999999999
-75.5
-94.49999999999997
-75.99999999999997
-87.99999999999997
-70.49999999999999
-82.49999999999999
-76.49999999999999
-83.49999999999999
-78.49999999999997
-79.99999999999997
-88.49999999999999
-90.99999999999997
-94.0
-81.49999999999997
-77.99999999999997
-78.49999999999999
-86.49999999999999
-211.49999999999994
-81.49999999999999
-83.0
-89.99999999999999
-63.499999999999986
-76.49999999999999
-76.49999999999999
-82.99999999999999
-69.99999999999999
-81.49999999999999
-104.49999999999997
-78.99999999999999
-83.99999999999999
-87.5
-94.5
-86.99999999999999
-80.0
-73.99999999999997
-119.0
-137.99999999999997
-85.5
-83.99999999999997
-81.5
-78.99999999999999
-83.5
-78.99999999999999
-107.0
-76.99999999999997
-69.99999999999997
-76.49999999999997
-83.99999999999997
-89.49999999999997
-71.99999999999999
-76.5
-63.499999999999986
-81.49999999999999
-91.49999999999999
-73.99999999999999
-104.0
-77.0
-76.0
-89.49999999999997
-75.99999999999997
-72.49999999999997
-68.49999999999997
-91.99999999999999
-106.49999999999997
-70.49999999999997
-64.99999999999997
-85.99999999999999
-75.49999999999999
-73.99999999999999
-78.99999999999999
-81.49999999999997
-83.99999999999997
-73.99999999999999
-70.49999999999999
-71.5
-84.0
-83.49999999999997
-77.49999999999997
-92.5
-94.49999999999999
-85.49999999999997
-75.99999999999999
-73.99999999999999
-83.99999999999999
-77.0
-75.49999999999997
-80.49999999999997
-77.99999999999999
-78.49999999999999
-63.99999999999999
-92.99999999999997
-82.99999999999997
-285.0
-106.0
-74.49999999999999
-400.0
-84.99999999999999
-77.49999999999997
-193.49999999999994
-79.0
-92.49999999999997
-129.99999999999994
-77.49999999999997
-77.49999999999997
-84.49999999999997
-77.99999999999997
-77.99999999999997
-77.0
-73.99999999999997
-81.49999999999997
-86.49999999999999
-84.49999999999997
-80.5
-71.99999999999999
-87.99999999999997
-84.5
-91.5
-82.99999999999997
-108.0
-74.99999999999999
-80.99999999999999
-73.5
-84.5
-84.49999999999997
-77.99999999999997
-73.99999999999997
-138.99999999999997
-78.0
-112.5
-99.0
-245.5
-400.0
-293.0
-87.99999999999997
-249.0
-181.0
-123.49999999999999
-106.49999999999999
-164.99999999999994
-77.5
-83.99999999999997
-75.49999999999997
-80.49999999999997
-80.5
-74.49999999999997
-78.5
-77.49999999999997
-76.99999999999999
-92.0
-80.99999999999999
-78.0
-78.5
-73.99999999999999
-69.99999999999999
-108.5
-81.49999999999999
-87.99999999999997
-80.49999999999997
-71.49999999999999
-73.49999999999997
-142.5
-80.0
-80.99999999999997
-77.0
-67.99999999999997
-87.99999999999997
-92.0
-72.0
-83.49999999999999
-82.49999999999997
-90.49999999999997
-92.99999999999997
-77.0
-80.49999999999997
-95.5
-79.99999999999999
-82.49999999999999
-236.0
-83.99999999999997
-95.0
-87.5
-87.49999999999997
-81.49999999999999
-73.99999999999999
-81.99999999999997
-69.49999999999997
-74.49999999999999
-126.49999999999996
-89.5
-79.49999999999997
-74.49999999999997
-86.99999999999997
-85.49999999999997
-74.49999999999997
-73.49999999999999
-82.99999999999999
-90.0
-182.5
-77.49999999999997
-74.49999999999999
-86.99999999999999
-72.49999999999999
-80.99999999999997
-83.99999999999999
-76.99999999999999
-73.99999999999999
-85.5
-94.0
-84.49999999999997
-77.99999999999997
-96.99999999999997
-85.5
-121.49999999999997
-81.49999999999997
-73.49999999999999
-100.49999999999999
-95.99999999999997
-75.99999999999999
-77.99999999999997
-81.49999999999999
-81.99999999999997
-109.49999999999997
-114.99999999999997
-79.99999999999997
-90.49999999999999
-72.99999999999997
-75.49999999999999
-87.49999999999999
-96.0
-74.49999999999999
-85.49999999999999
-81.99999999999999
-94.99999999999999
-75.5
-120.99999999999996
-117.49999999999997
-103.0
-79.49999999999999
-89.49999999999997
-79.49999999999999
-73.99999999999999
-84.0
-77.49999999999997
-76.99999999999997
-78.49999999999997
-76.5
-73.99999999999997
-76.99999999999997
-80.0
-75.5
-84.99999999999997
-79.49999999999999
-71.5
-73.99999999999999
-90.99999999999997
-73.49999999999999
-85.5
-63.499999999999986
-77.99999999999999
-83.0
-73.49999999999999
-107.99999999999997
-90.99999999999999
-400.0
-400.0
-400.0
-400.0
-400.0
-400.0
-400.0
-400.0
-400.0
-400.0
-400.0
-400.0
-400.0
-400.0
-400.0
-400.0
-400.0
-400.0
-400.0
-400.0
-400.0
-400.0
-400.0
-400.0
-400.0
-400.0
-400.0
-400.0
-400.0
-400.0
-400.0
-400.0
-400.0
-400.0
-400.0
-400.0
-400.0
-400.0
-400.0
-400.0
-400.0
-400.0
-400.0
-400.0
-400.0
-400.0
-400.0
-400.0
-400.0
-400.0
-400.0
-400.0
-400.0
-400.0
-400.0
-400.0
-400.0
-400.0
-400.0
-400.0
-400.0
-400.0
-400.0
-400.0
-400.0
-400.0
-400.0
-400.0
-400.0
-400.0
-400.0
-400.0
-400.0
-400.0
-400.0
-400.0
-400.0
-400.0
-400.0
-400.0
-400.0
-400.0
-400.0
-400.0
-400.0
-400.0
-400.0
-400.0
-400.0
-400.0
-400.0
-400.0
-400.0
-400.0
-400.0
-400.0
-400.0
-400.0
-400.0
-400.0
-400.0
-400.0
-400.0
-400.0
-400.0
-400.0
-400.0
-400.0
-400.0
-400.0
-400.0
-400.0
-400.0
-400.0
-400.0
-400.0
-400.0
-400.0
-400.0
-400.0
-400.0
-400.0
-400.0
-400.0
-400.0
-400.0
-400.0
-400.0
-400.0
-400.0
-400.0
-400.0
-400.0
-400.0
-400.0
-400.0
-400.0
-400.0
-400.0
-400.0
-400.0
-400.0
-400.0
-400.0
-400.0
-400.0
-400.0
-400.0
-400.0
-400.0
-400.0
-400.0
-400.0
-400.0
-400.0
-400.0
-400.0
-400.0
-400.0
-108.99999999999999
-187.5
-100.0
-91.49999999999999
-101.5
-96.0
-75.49999999999999
-72.0
-80.49999999999997
-84.99999999999997
-85.0
-73.0
-84.0
-78.5
-107.5
-83.99999999999997
-93.49999999999997
-83.99999999999997
-126.99999999999997
-76.99999999999997
-93.49999999999997
-154.0
-84.49999999999997
-86.99999999999999
-77.0
-108.5
-99.0
-85.99999999999999
-90.49999999999999
-68.99999999999997
-78.0
-129.49999999999997
-84.49999999999999
-106.99999999999997
-114.49999999999999
-108.99999999999997
-92.99999999999999
-84.99999999999997
-93.49999999999997
-71.99999999999997
-74.49999999999999
-81.49999999999999
-90.0
-86.0
-84.49999999999997
-88.99999999999999
-75.99999999999997
-89.5
-80.49999999999997
-99.0
-83.49999999999997
-81.99999999999997
-75.49999999999997
-88.5
-120.49999999999999
-93.99999999999999
-94.49999999999999
-77.5
-77.0
-97.5
-93.99999999999999
-86.99999999999999
-106.5
-86.49999999999999
-78.99999999999999
-75.5
-83.49999999999997
-90.49999999999997
-85.0
-90.5
-80.99999999999999
-89.49999999999999
-81.5
-80.5
-78.5
-73.0
-90.49999999999997
-74.49999999999999
-74.99999999999999
-88.49999999999997
-93.49999999999997
-76.5
-122.99999999999999
-91.99999999999997
-73.5
-73.99999999999999
-85.0
-76.49999999999997
-201.5
-155.0
-73.99999999999999
-80.99999999999997
-72.5
-81.49999999999999
-74.49999999999999
-96.49999999999999
-150.0
-98.5
-76.49999999999997
-91.49999999999997
-95.99999999999997
-101.0
-124.49999999999997
-99.99999999999999
-80.0
-112.99999999999997
-86.49999999999999
-85.99999999999997
-88.99999999999997
-78.99999999999999
-85.99999999999999
-82.99999999999997
-123.99999999999997
-78.99999999999997
-89.99999999999997
-80.5
-81.99999999999999
-89.99999999999999
-73.49999999999999
-82.99999999999997
-85.49999999999997
-70.99999999999999
-156.0
-78.49999999999997
-82.99999999999997
-100.49999999999997
-89.0
-94.99999999999999
-101.0
-87.99999999999997
-85.5
-76.49999999999997
-78.49999999999999
-85.49999999999997
-204.5
-77.99999999999999
-85.49999999999997
-76.99999999999999
-95.99999999999997
-130.49999999999997
-81.0
-94.49999999999999
-81.99999999999999
-94.99999999999999
-98.49999999999999
-80.99999999999997
-133.49999999999997
-74.49999999999997
-93.0
-82.49999999999999
-79.49999999999997
-72.5
-100.0
-82.49999999999997
-87.5
-90.99999999999999
-72.5
-78.0
-96.5
-106.0
-75.5
-128.0
-89.99999999999997
-91.99999999999999
-73.49999999999999
-83.5
-82.49999999999999
-74.49999999999999
-140.49999999999997
-79.99999999999997
-88.49999999999997
-400.0
-118.99999999999999
-83.49999999999997
-114.99999999999997
-87.99999999999997
-97.5
-86.0
-101.49999999999999
-81.49999999999999
-67.49999999999997
-87.5
-81.99999999999997
-77.99999999999997
-76.49999999999999
-83.99999999999997
-81.0
-90.5
-77.49999999999997
-69.49999999999999
-95.5
-80.49999999999997
-71.49999999999997
-85.5
-121.50000000000001
-85.99999999999999
-94.5
-94.5
-80.49999999999997
-73.99999999999999
-76.49999999999997
-89.49999999999997
-76.5
-83.5
-78.49999999999997
-88.49999999999997
-74.49999999999997
-131.49999999999997
-77.5
-88.49999999999999
-75.99999999999997
-82.99999999999997
-103.0
-97.5
-83.49999999999997
-74.49999999999999
-66.49999999999999
-82.49999999999997
-97.5
-97.0
-77.99999999999999
-87.99999999999999
-71.99999999999997
-90.99999999999997
-82.49999999999999
-80.0
-75.49999999999997
-84.99999999999997
-81.99999999999999
-87.99999999999999
-85.99999999999997
-112.99999999999997
-83.99999999999997
-74.99999999999999
-79.99999999999999
-86.49999999999999
-84.49999999999997
-89.0
-108.5
-90.99999999999997
-81.49999999999999
-400.0
-400.0
-400.0
-400.0
-400.0
-400.0
-400.0
-400.0
-400.0
-400.0
-400.0
-400.0
-400.0
-400.0
-400.0
-400.0
-400.0
-400.0
-400.0
-400.0
-400.0
-400.0
-400.0
-400.0
-400.0
-400.0
-400.0
-400.0
-400.0
-400.0
-400.0
-400.0
-400.0
-400.0
-400.0
-400.0
-400.0
-400.0
-400.0
-400.0
-400.0
-400.0
-400.0
-400.0
-400.0
-400.0
-400.0
-400.0
-400.0
-400.0
-400.0
-400.0
-400.0
-400.0
-400.0
-400.0
-400.0
-400.0
-400.0
-400.0
-400.0
-400.0
-400.0
-400.0
-400.0
-400.0
-400.0
-400.0
-400.0
-400.0
-400.0
-400.0
-400.0
-400.0
-400.0
-400.0
-400.0
-400.0
-400.0
-400.0
-400.0
-400.0
-400.0
-400.0
-400.0
-400.0
-400.0
-400.0
-400.0
-400.0
-400.0
-400.0
-400.0
-400.0
-400.0
-400.0
-400.0
-400.0
-400.0
-400.0
-400.0
-400.0
-400.0
-400.0
-400.0
-400.0
-400.0
-400.0
-400.0
-400.0
-400.0
-400.0
-400.0
-400.0
-400.0
-400.0
-400.0
-400.0
-400.0
-400.0
-400.0
-400.0
-400.0
-400.0
-400.0
-400.0
-400.0
-400.0
-400.0
-400.0
-400.0
-400.0
-400.0
-400.0
-400.0
-400.0
-400.0
-400.0
-400.0
-400.0
-400.0
-400.0
-400.0
-400.0
-400.0
-400.0
-400.0
-400.0
-400.0
-400.0
-400.0
-400.0
-400.0
-400.0
-400.0
-400.0
-400.0
-400.0
-400.0
-400.0
-400.0
-400.0
-400.0
-400.0
-400.0
-400.0
-400.0
-400.0
-400.0
-400.0
-400.0
-400.0
-400.0
-400.0
-400.0
-400.0
-400.0
-400.0
-400.0
-400.0
-400.0
-400.0
-400.0
-400.0
-400.0
-400.0
-400.0
-400.0
-400.0
-400.0
-400.0
-400.0
-400.0
-400.0
-400.0
-400.0
-400.0
-400.0
-400.0
-400.0
-400.0
-400.0
-400.0
-400.0
-400.0
-400.0
-400.0
-400.0
-400.0
-400.0
-400.0
-400.0
-400.0
-400.0
-400.0
-400.0
-400.0
-400.0
-400.0
-400.0
-400.0
-400.0
-400.0
-400.0
-400.0
-400.0
-400.0
-400.0
-400.0
-400.0
-400.0
-400.0
-400.0
-400.0
-400.0
-400.0
-400.0
-400.0
-400.0
-400.0
-400.0
-400.0
-400.0
-400.0
-400.0
-400.0
-400.0
-400.0
-400.0
-400.0
-400.0
-400.0
-400.0
-400.0
-400.0
-400.0
-400.0
-400.0
-400.0
-400.0
-400.0
-400.0
-400.0
-400.0
-400.0
-400.0
-400.0
-400.0
-400.0
-400.0
-400.0
-400.0
-400.0
-400.0
-400.0
-400.0
-400.0
-400.0
-400.0
-400.0
-400.0
-400.0
-400.0
-400.0
-400.0
-400.0
-400.0
-400.0
-400.0
-400.0
-400.0
-400.0
-400.0
-400.0
-400.0
-400.0
-400.0
-400.0
-400.0
-400.0
-400.0
-400.0
-400.0
-400.0
-400.0
-400.0
-400.0
-400.0
-400.0
-400.0
-400.0
-400.0
-400.0
-400.0
-400.0
-400.0
-400.0
-400.0
-400.0
-400.0
-400.0
-400.0
-400.0
-400.0
-400.0
-400.0
-400.0
-400.0
-400.0
-400.0
-400.0
-400.0
-400.0
-400.0
-400.0
-400.0
-400.0
-400.0
-400.0
-400.0
-400.0
-400.0
-400.0
-400.0
-400.0
-400.0
-400.0
-400.0
-400.0
-400.0
-400.0
-400.0
-400.0
-400.0
-400.0
-400.0
-400.0
-400.0
-400.0
-400.0
-400.0
-400.0
-400.0
-400.0
-400.0
-400.0
-400.0
-400.0
-400.0
-400.0
-400.0
-400.0
-400.0
-400.0
-400.0
-400.0
-400.0
-400.0
-400.0
-400.0
-400.0
-400.0
-400.0
-400.0
-400.0
-400.0
-400.0
-400.0
-400.0
-400.0
-400.0
-400.0
-400.0
-400.0
-400.0
-400.0
-400.0
-400.0
-400.0
-400.0
-112.49999999999997
-343.49999999999994
-300.0
-139.0
-172.49999999999994
-117.0
-140.99999999999997
-111.49999999999997
-101.0
-269.5
-97.49999999999997
-133.5
-81.5
-83.5
-80.49999999999997
-118.99999999999999
-75.99999999999997
-80.99999999999997
-93.49999999999999
-74.49999999999999
-73.5
-78.49999999999997
-78.0
-75.0
-108.0
-69.49999999999997
-81.99999999999999
-89.0
-121.0
-85.49999999999997
-73.49999999999997
-98.0
-76.99999999999997
-82.49999999999999
-142.0
-78.49999999999997
-87.99999999999999
-74.49999999999999
-92.0
-77.49999999999999
-75.0
-89.99999999999997
-83.5
-76.5
-87.49999999999997
-113.49999999999999
-122.0
-84.49999999999997
-104.0
-92.0
-84.49999999999999
-77.0
-97.0
-94.5
-88.99999999999997
-80.49999999999997
-81.49999999999999
-97.49999999999997
-81.49999999999997
-77.99999999999999
-94.49999999999999
-80.49999999999997
-78.5
-81.99999999999997
-76.49999999999997
-78.49999999999999
-74.99999999999997
-85.99999999999999
-77.5
-81.49999999999997
-75.5
-81.49999999999999
-88.49999999999997
-78.49999999999999
-95.0
-70.99999999999999
-78.99999999999999
-71.49999999999999
-82.99999999999997
-78.0
-84.49999999999999
-80.5
-93.49999999999997
-70.49999999999999
-87.49999999999997
-86.49999999999999
-94.49999999999999
-82.99999999999997
-74.99999999999999
-79.49999999999997
-86.99999999999999
-76.99999999999997
-97.99999999999997
-67.49999999999999
-101.0
-95.99999999999999
-102.49999999999997
-95.99999999999999
-86.99999999999999
-81.99999999999997
-80.49999999999997
-70.99999999999999
-121.5
-112.99999999999997
-81.99999999999997
-73.99999999999997
-87.0
-71.49999999999997
-75.49999999999999
-78.99999999999999
-121.49999999999997
-70.49999999999999
-150.49999999999997
-84.99999999999997
-75.5
-77.49999999999999
-85.49999999999997
-82.5
-120.49999999999997
-89.49999999999997
-77.99999999999997
-83.5
-112.0
-89.99999999999997
-81.49999999999997
-74.99999999999999
-83.99999999999997
-103.49999999999999
-80.5
-73.5
-87.99999999999997
-93.5
-77.49999999999997
-79.99999999999997
-79.49999999999999
-83.99999999999997
-79.49999999999999
-88.0
-72.5
-92.0
-86.99999999999997
-96.99999999999997
-75.99999999999997
-70.49999999999999
-169.5
-81.49999999999999
-70.49999999999999
-101.5
-97.99999999999999
-94.99999999999999
-84.5
-89.5
-86.99999999999999
-80.5
-72.49999999999997
-78.99999999999999
-75.49999999999999
-87.99999999999999
-87.49999999999997
-89.5
-83.99999999999997
-78.99999999999999
-81.49999999999999
-98.99999999999999
-104.49999999999997
-79.0
-77.49999999999999
-77.99999999999997
-75.49999999999997
-67.0
-75.99999999999999
-76.99999999999997
-104.0
-126.99999999999997
-104.49999999999997
-74.99999999999999
-72.49999999999997
-104.49999999999997
-77.49999999999997
-84.5
-75.99999999999999
-78.5
-79.49999999999999
-83.0
-74.49999999999997
-83.99999999999997
-89.99999999999997
-141.0
-78.99999999999999
-70.49999999999999
-130.5
-121.5
-89.49999999999997
-82.49999999999999
-68.99999999999997
-78.99999999999999
-82.0
-77.49999999999997
-84.5
-73.99999999999997
-78.0
-86.49999999999997
-88.49999999999997
-85.99999999999999
-73.49999999999997
-218.99999999999994
-98.5
-77.0
-92.5
-103.49999999999999
-91.99999999999997
-102.0
-90.99999999999997
-83.99999999999997
-106.49999999999997
-103.5
-106.0
-77.5
-83.99999999999997
-82.99999999999997
-92.0
-94.49999999999999
-123.49999999999999
-93.99999999999999
-76.99999999999999
-120.5
-78.99999999999997
-76.0
-75.5
-78.49999999999999
-83.99999999999999
-75.99999999999997
-88.99999999999999
-80.49999999999997
-62.999999999999986
-73.99999999999999
-83.99999999999997
-72.99999999999999
-152.0
-93.99999999999999
-74.99999999999999
-78.99999999999999
-126.49999999999997
-69.49999999999997
-91.99999999999997
-80.49999999999997
-100.99999999999999
-85.99999999999999
-90.49999999999999
-80.99999999999997
-83.49999999999997
-74.99999999999997
-83.99999999999997
-74.99999999999999
-81.99999999999999
-67.49999999999997
-79.49999999999999
-112.0
-97.5
-116.49999999999997
-77.0
-94.5
-80.99999999999997
-83.49999999999999
-88.49999999999997
-71.49999999999999
-70.49999999999999
-91.99999999999997
-86.49999999999999
-73.49999999999999
-83.49999999999999
-83.49999999999999
-80.99999999999997
-83.5
-86.0
-72.0
-77.99999999999999
-135.5
-122.49999999999997
-101.49999999999999
-72.99999999999997
-98.49999999999999
-86.49999999999999
-128.99999999999997
-80.99999999999997
-85.49999999999999
-72.49999999999997
-87.99999999999997
-73.49999999999999
-69.5
-96.0
-73.49999999999999
-78.99999999999999
-138.99999999999997
-86.49999999999999
-74.99999999999999
-80.99999999999997
-80.99999999999999
-81.99999999999999
-97.5
-75.99999999999997
-83.49999999999999
-83.99999999999997
-82.5
-94.99999999999999
-81.99999999999999
-76.0
-83.49999999999997
-97.49999999999997
-81.49999999999997
-80.5
-78.99999999999999
-72.99999999999997
-76.0
-76.49999999999999
-141.5
-78.49999999999999
-75.99999999999999
-75.99999999999999
-81.0
-86.99999999999999
-77.99999999999999
-78.99999999999999
-80.49999999999997
-87.49999999999997
-78.49999999999999
-77.49999999999997
-69.49999999999997
-63.499999999999986
-78.49999999999997
-72.5
-81.49999999999999
-87.49999999999999
-89.99999999999999
-77.49999999999997
-78.5
-97.0
-81.99999999999997
-85.49999999999997
-79.49999999999997
-76.0
-87.5
-79.5
-77.49999999999997
-81.99999999999999
-74.49999999999997
-114.49999999999997
-80.49999999999997
-110.5
-77.0
-74.49999999999999
-72.5
-86.99999999999997
-81.49999999999999
-120.99999999999999
-80.0
-81.99999999999999
-80.5
-76.99999999999999
-66.49999999999997
-72.49999999999999
-172.0
-83.99999999999997
-78.99999999999999
-84.0
-72.5
-120.99999999999999
-88.0
-152.5
-93.0
-98.5
-73.49999999999999
-72.99999999999997
-142.0
-92.0
-86.99999999999997
-83.99999999999997
-78.99999999999999
-72.99999999999999
-80.99999999999997
-82.5
-79.49999999999999
-114.0
-82.49999999999999
-83.5
-75.5
-82.99999999999999
-77.49999999999999
-68.0
-90.99999999999999
-77.5
-84.99999999999999
-87.5
-87.99999999999997
-85.0
-76.99999999999997
-78.49999999999999
-88.0
-79.49999999999997
-73.99999999999999
-76.99999999999997
-133.0
-88.5
-90.99999999999997
-73.0
-72.5
-75.49999999999997
-87.99999999999997
-88.49999999999997
-95.50000000000001
-106.0
-150.49999999999997
-128.99999999999997
-88.99999999999999
-63.499999999999986
-93.99999999999999
-72.0
-72.99999999999999
-243.0
-83.49999999999999
-90.0
-117.0
-83.99999999999999
-99.5
-76.99999999999999
-79.49999999999999
-79.99999999999997
-68.5
-86.99999999999997
-88.5
-78.5
-92.49999999999997
-81.49999999999999
-81.49999999999997
-87.49999999999999
-75.5
-88.99999999999999
-69.99999999999997
-76.99999999999997
-93.99999999999997
-83.99999999999997
-78.99999999999999
-71.5
-80.99999999999999
-90.0
-85.99999999999997
-91.99999999999997
-80.49999999999997
-74.99999999999999
-81.49999999999999
-85.5
-73.49999999999997
-81.49999999999999
-70.99999999999999
-93.49999999999997
-68.49999999999999
-81.99999999999999
-118.49999999999997
-81.49999999999999
-84.49999999999999
-114.99999999999997
-88.99999999999997
-69.49999999999997
-99.0
-81.99999999999999
-93.5
-78.99999999999999
-91.99999999999997
-67.0
-79.99999999999999
-94.99999999999999
-89.99999999999997
-91.99999999999997
-78.99999999999997
-86.49999999999999
-78.99999999999999
-83.49999999999997
-89.49999999999999
-87.5
-83.5
-93.5
-104.49999999999997
-123.99999999999999
-86.99999999999997
-84.49999999999999
-78.99999999999999
-83.5
-81.49999999999999
-81.49999999999997
-85.49999999999997
-85.49999999999997
-83.99999999999997
-72.99999999999997
-81.99999999999999
-75.0
-83.99999999999999
-80.99999999999997
-88.49999999999999
-82.5
-97.5
-96.0
-77.0
-86.0
-83.99999999999999
-78.5
-75.99999999999999
-84.49999999999999
-69.49999999999997
-79.5
-112.99999999999997
-100.99999999999997
-77.99999999999997
-85.49999999999997
-89.49999999999997
-88.49999999999997
-90.5
-84.99999999999997
-86.49999999999999
-73.99999999999999
-87.99999999999997
-88.99999999999999
-75.99999999999997
-77.99999999999999
-68.0
-77.49999999999999
-87.0
-75.49999999999999
-239.5
-90.99999999999997
-73.0
-75.49999999999997
-78.0
-73.99999999999997
-81.49999999999997
-75.99999999999997
-86.99999999999997
-69.99999999999997
-82.99999999999997
-83.0
-83.5
-78.99999999999999
-75.99999999999997
-81.49999999999997
-75.5
-73.99999999999999
-166.0
-83.99999999999997
-99.99999999999997
-84.99999999999999
-83.99999999999997
-81.49999999999997
-75.99999999999999
-80.99999999999997
-75.0
-235.0
-79.49999999999999
-93.49999999999999
-129.99999999999997
-98.5
-77.5
-72.0
-71.49999999999997
-77.49999999999997
-87.5
-90.49999999999997
-90.49999999999999
-97.5
-97.49999999999997
-79.49999999999999
-80.49999999999997
-95.0
-87.49999999999999
-89.5
-118.99999999999997
-72.49999999999997
-78.99999999999999
-76.99999999999997
-106.5
-69.99999999999999
-93.49999999999999
-81.0
-107.0
-83.49999999999999
-85.49999999999999
-84.49999999999999
-80.0
-87.5
-86.99999999999997
-88.99999999999999
-76.99999999999997
-132.99999999999997
-99.5
-77.5
-70.99999999999999
-75.99999999999997
-85.99999999999999
-88.99999999999999
-79.49999999999999
-78.99999999999999
-72.99999999999997
-400.0
-115.49999999999997
-224.99999999999997
-193.5
-99.5
-88.49999999999997
-92.99999999999999
-131.99999999999997
-74.49999999999999
-76.5
-89.49999999999999
-91.99999999999999
-86.99999999999997
-175.49999999999997
-100.49999999999997
-75.49999999999999
-79.49999999999999
-70.99999999999999
-88.5
-71.49999999999999
-80.49999999999997
-95.5
-111.49999999999997
-74.49999999999997
-101.49999999999997
-180.99999999999994
-73.0
-78.5
-71.99999999999999
-86.49999999999997
-85.99999999999999
-115.99999999999997
-86.99999999999997
-87.5
-84.99999999999997
-77.49999999999997
-154.0
-83.49999999999999
-126.99999999999999
-85.99999999999997
-127.99999999999997
-153.5
-72.49999999999997
-79.49999999999997
-139.99999999999997
-87.0
-90.99999999999999
-87.99999999999999
-74.99999999999997
-81.99999999999999
-82.5
-97.5
-84.5
-81.99999999999999
-69.99999999999997
-89.5
-123.0
-83.99999999999999
-86.0
-108.49999999999997
-87.49999999999997
-98.99999999999999
-98.49999999999999
-109.49999999999999
-98.5
-98.0
-184.5
-95.99999999999997
-104.49999999999997
-128.49999999999997
-103.0
-85.0
-106.5
-94.49999999999999
-118.99999999999997
-98.5
-168.5
-157.50000000000003
-85.0
-84.5
-130.0
-89.99999999999999
-86.99999999999999
-86.49999999999997
-93.0
-107.0
-88.49999999999999
-84.5
-92.0
-92.49999999999997
-75.99999999999999
-86.49999999999999
-93.99999999999999
-77.99999999999999
-92.0
-89.99999999999999
-72.49999999999997
-73.99999999999999
-126.49999999999999
-83.99999999999999
-95.99999999999997
-81.49999999999999
-81.49999999999999
-89.49999999999999
-86.49999999999999
-83.0
-74.49999999999997
-82.49999999999997
-103.99999999999999
-84.49999999999997
-132.99999999999997
-87.5
-83.99999999999997
-81.49999999999999
-86.49999999999997
-89.5
-67.0
-81.99999999999997
-113.49999999999997
-70.99999999999999
-81.49999999999999
-101.5
-66.99999999999999
-108.99999999999999
-83.99999999999997
-86.99999999999999
-77.0
-210.5
-72.49999999999997
-98.49999999999999
-95.5
-88.5
-82.49999999999997
-124.49999999999999
-90.99999999999997
-94.99999999999999
-81.99999999999997
-91.99999999999999
-80.49999999999997
-88.0
-73.49999999999997
-77.49999999999997
-105.49999999999997
-69.49999999999997
-132.99999999999997
-86.99999999999999
-80.49999999999997
-95.49999999999999
-81.49999999999999
-132.5
-131.99999999999997
-77.99999999999997
-83.49999999999997
-71.49999999999997
-84.0
-81.99999999999997
-90.49999999999997
-106.99999999999997
-83.49999999999997
-83.99999999999999
-125.49999999999997
-73.99999999999999
-236.5
-179.49999999999994
-79.5
-86.49999999999999
-79.49999999999999
-90.99999999999997
-84.49999999999997
-65.5
-117.49999999999997
-69.99999999999997
-87.99999999999999
-96.49999999999999
-77.49999999999997
-84.0
-75.99999999999997
-96.5
-73.99999999999999
-78.99999999999997
-73.49999999999997
-83.49999999999997
-78.0
-85.49999999999997
-79.0
-92.5
-124.99999999999997
-69.49999999999997
-83.5
-87.49999999999999
-83.99999999999999
-88.99999999999997
-75.0
-76.49999999999997
-78.99999999999999
-76.49999999999997
-82.49999999999999
-75.49999999999997
-79.99999999999997
-92.5
