31.00000000000001
14.000000000000002
35.499999999999986
27.5
38.99999999999999
25.500000000000007
26.500000000000007
24.000000000000007
26.0
36.0
55.999999999999986
27.000000000000004
42.5
83.49999999999997
87.99999999999997
159.49999999999994
13.500000000000004
31.000000000000004
34.499999999999986
13.5
18.500000000000004
16.500000000000004
22.000000000000004
23.500000000000007
30.000000000000007
29.499999999999996
38.00000000000001
49.99999999999998
25.000000000000007
16.500000000000004
17.5
30.000000000000004
53.49999999999998
65.49999999999997
116.0
43.499999999999986
66.99999999999999
116.99999999999997
185.5
290.0
228.5
224.0
154.0
237.49999999999997
167.49999999999994
266.0
183.49999999999994
199.49999999999997
155.0
315.5
400.0
222.49999999999997
307.5
245.50000000000003
363.5
261.0
355.0
274.0
332.49999999999994
312.5
286.0
400.0
291.99999999999994
396.5
349.5
338.5
357.0
193.49999999999994
320.0
345.0
400.0
266.99999999999994
347.0
365.5
400.0
400.0
400.0
400.0
400.0
400.0
400.0
400.0
400.0
400.0
400.0
400.0
400.0
400.0
400.0
400.0
400.0
400.0
400.0
400.0
400.0
400.0
400.0
400.0
400.0
400.0
400.0
400.0
400.0
400.0
400.0
400.0
400.0
400.0
400.0
400.0
400.0
400.0
400.0
400.0
400.0
400.0
400.0
400.0
400.0
400.0
400.0
400.0
400.0
400.0
400.0
400.0
400.0
400.0
400.0
400.0
400.0
400.0
400.0
400.0
400.0
400.0
400.0
400.0
400.0
400.0
400.0
400.0
400.0
400.0
400.0
400.0
400.0
400.0
400.0
400.0
400.0
400.0
400.0
400.0
400.0
400.0
400.0
400.0
400.0
400.0
400.0
400.0
400.0
400.0
400.0
400.0
400.0
400.0
400.0
400.0
400.0
400.0
400.0
400.0
400.0
400.0
400.0
400.0
400.0
400.0
400.0
400.0
391.5
400.0
400.0
400.0
400.0
400.0
400.0
400.0
400.0
400.0
400.0
400.0
400.0
400.0
400.0
400.0
400.0
400.0
10.5
48.999999999999986
21.000000000000007
41.49999999999999
18.0
22.000000000000007
21.000000000000004
21.500000000000007
26.500000000000007
19.000000000000004
45.49999999999999
20.500000000000007
18.000000000000004
19.000000000000004
21.0
17.0
24.000000000000007
31.5
17.5
21.500000000000007
19.500000000000007
19.500000000000004
34.99999999999999
22.500000000000004
34.499999999999986
24.000000000000004
24.5
38.5
19.500000000000004
12.000000000000002
19.500000000000007
11.5
11.0
17.000000000000007
19.000000000000004
37.5
11.0
15.500000000000004
16.500000000000004
25.000000000000007
27.500000000000007
16.5
24.500000000000007
14.500000000000002
16.500000000000004
17.500000000000007
26.5
16.500000000000004
18.000000000000004
18.0
12.500000000000004
12.5
18.000000000000007
43.5
12.500000000000002
14.000000000000002
23.500000000000004
41.5
19.500000000000004
11.500000000000002
27.000000000000007
25.500000000000007
18.000000000000007
11.5
15.000000000000002
28.49999999999999
12.500000000000004
21.000000000000007
14.000000000000002
22.000000000000004
18.0
15.000000000000004
17.5
15.500000000000002
19.500000000000004
21.000000000000007
20.500000000000007
30.0
16.500000000000004
15.000000000000002
28.5
20.500000000000007
28.999999999999993
19.000000000000004
24.500000000000007
34.99999999999999
49.0
28.500000000000004
18.500000000000004
36.5
19.000000000000004
16.5
24.500000000000004
15.000000000000004
29.0
17.5
14.000000000000004
17.500000000000004
20.500000000000007
22.000000000000007
11.0
17.000000000000004
25.999999999999993
36.99999999999999
21.000000000000004
16.500000000000004
17.0
33.0
25.000000000000007
21.000000000000007
27.000000000000007
15.000000000000002
27.000000000000007
19.000000000000004
25.000000000000007
12.500000000000002
39.499999999999986
16.500000000000004
21.0
41.99999999999999
29.499999999999993
22.5
15.500000000000004
31.500000000000007
24.5
24.000000000000007
22.500000000000007
23.500000000000007
19.000000000000004
25.5
16.0
36.49999999999999
26.500000000000004
29.0
26.0
21.000000000000007
15.500000000000004
17.0
34.0
13.000000000000002
21.500000000000004
23.000000000000007
23.000000000000007
16.0
20.000000000000004
20.000000000000004
18.500000000000004
33.0
13.000000000000004
43.99999999999999
31.5
19.500000000000004
19.500000000000007
15.500000000000004
20.000000000000004
28.000000000000007
44.499999999999986
32.00000000000001
21.500000000000007
13.000000000000004
23.500000000000007
33.5
37.50000000000001
11.500000000000002
12.000000000000002
14.000000000000002
21.500000000000004
14.5
23.000000000000004
23.000000000000004
26.5
14.500000000000004
20.000000000000007
11.0
18.500000000000007
21.500000000000004
25.5
17.5
14.0
25.000000000000007
20.5
27.000000000000007
23.000000000000007
21.000000000000007
24.500000000000004
24.5
21.000000000000004
22.000000000000004
26.999999999999993
15.500000000000004
37.49999999999999
20.000000000000007
35.0
34.999999999999986
29.500000000000007
24.000000000000007
19.500000000000007
25.0
15.500000000000004
13.0
27.500000000000007
19.000000000000004
36.499999999999986
19.000000000000004
17.000000000000007
12.500000000000004
18.000000000000007
15.000000000000002
45.0
36.5
22.500000000000007
23.000000000000004
39.99999999999999
18.500000000000007
15.000000000000002
12.000000000000002
27.500000000000007
22.500000000000007
13.500000000000004
25.500000000000007
14.500000000000004
17.000000000000004
18.000000000000007
15.500000000000004
13.500000000000004
22.000000000000007
40.0
36.5
21.500000000000007
14.000000000000004
27.000000000000007
21.500000000000007
16.500000000000004
33.0
14.000000000000002
40.499999999999986
32.99999999999999
28.999999999999993
18.0
48.99999999999998
10.0
34.5
22.500000000000004
20.000000000000007
18.0
19.500000000000004
24.000000000000007
24.500000000000007
31.499999999999993
23.500000000000004
21.500000000000004
25.500000000000007
17.500000000000004
11.5
13.500000000000004
20.500000000000007
12.500000000000002
23.500000000000007
22.0
10.500000000000002
12.000000000000002
26.5
20.500000000000007
21.500000000000004
23.000000000000007
38.0
22.5
14.500000000000002
32.49999999999999
15.000000000000002
16.500000000000004
20.000000000000007
17.5
14.500000000000004
20.500000000000007
28.000000000000007
32.5
13.000000000000004
14.0
19.500000000000004
19.000000000000004
12.5
24.500000000000007
19.500000000000007
23.500000000000004
22.500000000000007
21.500000000000004
28.000000000000007
15.000000000000004
14.500000000000002
20.000000000000007
37.0
36.0
42.49999999999999
39.0
26.500000000000007
15.000000000000002
17.5
35.5
20.500000000000004
20.5
40.99999999999999
16.5
27.500000000000004
29.5
21.500000000000004
29.0
23.000000000000007
13.000000000000004
40.5
22.0
20.000000000000007
16.000000000000004
33.0
18.000000000000007
50.49999999999997
23.000000000000007
18.000000000000007
35.5
17.0
20.500000000000004
40.49999999999999
13.000000000000002
16.000000000000004
23.5
16.500000000000004
18.000000000000007
23.000000000000007
23.500000000000004
16.000000000000004
23.500000000000004
16.500000000000004
25.000000000000007
25.000000000000007
33.0
18.5
28.5
40.5
33.5
14.500000000000004
24.5
19.500000000000004
27.500000000000004
35.5
40.0
17.0
14.5
17.000000000000004
24.5
44.99999999999999
31.999999999999986
37.499999999999986
20.000000000000007
25.5
25.500000000000004
40.0
21.0
26.0
52.0
32.50000000000001
32.5
22.500000000000007
23.500000000000007
65.5
96.49999999999999
28.500000000000007
47.999999999999986
29.5
23.000000000000007
47.999999999999986
29.0
31.500000000000007
17.500000000000004
58.999999999999986
17.500000000000007
17.500000000000004
14.500000000000002
39.5
38.0
42.999999999999986
33.0
49.49999999999999
20.500000000000007
17.000000000000004
19.500000000000007
39.499999999999986
25.000000000000007
67.5
126.5
58.999999999999986
76.5
90.0
83.50000000000001
125.49999999999997
135.5
71.99999999999999
33.5
58.999999999999986
110.5
124.99999999999997
9.5
10.0
10.0
10.5
9.0
9.5
10.0
10.0
10.0
10.0
11.0
11.0
12.500000000000004
10.5
11.500000000000002
12.000000000000002
11.500000000000002
10.0
11.0
9.5
9.0
9.0
9.5
11.0
10.5
16.000000000000004
11.0
12.000000000000002
11.0
15.500000000000002
13.000000000000002
14.000000000000004
16.0
20.000000000000004
24.500000000000004
15.000000000000002
19.000000000000004
26.0
19.000000000000004
16.500000000000004
14.500000000000002
25.000000000000007
21.000000000000004
42.5
46.999999999999986
59.99999999999998
15.500000000000002
35.49999999999999
28.000000000000004
44.0
20.0
19.500000000000004
17.000000000000004
23.000000000000007
34.49999999999999
20.000000000000007
26.000000000000007
20.5
29.000000000000007
29.000000000000007
35.0
38.999999999999986
26.500000000000004
19.500000000000004
51.499999999999986
36.0
45.5
43.5
28.000000000000004
34.5
83.99999999999997
16.500000000000004
16.0
26.0
27.0
29.5
15.500000000000004
30.500000000000004
43.5
20.000000000000007
11.500000000000002
12.000000000000002
12.500000000000002
31.500000000000007
28.999999999999993
34.00000000000001
61.99999999999999
28.500000000000007
34.5
47.499999999999986
42.49999999999999
36.0
73.5
32.49999999999999
16.000000000000004
24.000000000000007
25.000000000000007
24.500000000000007
17.5
32.99999999999999
12.500000000000004
24.000000000000007
45.5
15.000000000000002
20.500000000000004
22.000000000000007
54.0
24.500000000000007
25.000000000000007
30.999999999999993
18.000000000000007
21.000000000000007
16.500000000000004
25.0
45.49999999999999
35.0
13.000000000000004
25.000000000000007
19.000000000000004
24.000000000000004
38.499999999999986
36.0
31.999999999999996
70.50000000000001
68.49999999999999
68.49999999999997
25.000000000000004
15.500000000000002
37.499999999999986
29.000000000000007
37.50000000000001
31.500000000000004
32.0
21.000000000000007
18.000000000000004
60.0
43.499999999999986
56.99999999999998
40.5
15.500000000000004
20.000000000000007
22.500000000000007
60.5
57.49999999999999
52.0
49.49999999999999
66.5
101.0
71.99999999999997
41.0
29.999999999999993
56.499999999999986
38.0
74.49999999999999
79.49999999999997
89.0
100.99999999999997
120.49999999999997
87.99999999999997
74.0
64.49999999999999
48.499999999999986
32.00000000000001
21.500000000000004
24.500000000000007
12.000000000000002
27.000000000000004
40.0
63.499999999999986
41.5
20.5
19.000000000000004
22.5
48.0
48.5
27.0
24.5
29.000000000000007
37.0
52.499999999999986
76.99999999999997
118.99999999999997
125.99999999999996
82.99999999999999
46.999999999999986
30.000000000000007
27.000000000000007
25.0
51.5
78.99999999999999
72.99999999999999
98.5
105.49999999999997
75.99999999999997
82.0
90.0
69.99999999999999
111.99999999999997
176.0
60.499999999999986
10.5
10.5
9.5
12.5
10.5
11.0
10.5
9.0
9.0
10.0
10.5
10.5
10.5
9.5
9.5
9.5
9.0
10.0
10.0
10.0
9.5
10.5
11.0
10.5
12.000000000000002
12.000000000000002
13.000000000000002
10.5
11.5
12.500000000000002
17.5
18.0
23.500000000000007
15.500000000000004
26.000000000000007
21.000000000000007
38.5
42.999999999999986
56.499999999999986
34.5
34.999999999999986
20.500000000000007
63.499999999999986
59.499999999999986
53.49999999999998
52.49999999999998
33.00000000000001
16.0
46.499999999999986
74.0
66.99999999999999
53.999999999999986
36.499999999999986
56.99999999999998
45.0
59.999999999999986
72.49999999999997
88.49999999999997
80.49999999999999
72.99999999999997
91.49999999999999
76.0
78.5
76.99999999999997
83.0
64.99999999999999
139.49999999999997
199.5
189.5
207.0
159.5
138.5
135.0
135.5
139.99999999999997
139.0
130.99999999999997
127.00000000000001
126.99999999999997
153.49999999999997
146.5
193.5
211.5
217.0
200.0
240.49999999999997
190.0
217.49999999999997
147.99999999999997
209.0
143.5
154.0
171.49999999999997
155.49999999999997
152.99999999999997
165.0
278.5
144.49999999999997
162.99999999999997
253.49999999999994
263.0
160.5
14.0
32.49999999999999
43.99999999999999
28.500000000000007
19.000000000000004
28.0
46.0
36.0
29.500000000000007
14.0
29.500000000000007
22.000000000000007
17.0
19.500000000000004
17.000000000000007
13.5
19.000000000000004
43.0
28.000000000000007
37.0
21.000000000000007
32.5
20.500000000000007
14.500000000000002
16.500000000000004
11.0
28.500000000000007
28.5
12.500000000000004
54.5
24.0
17.0
17.500000000000004
25.5
43.0
35.99999999999999
23.500000000000004
40.499999999999986
27.500000000000007
21.000000000000007
42.0
21.000000000000007
28.500000000000007
42.5
43.49999999999999
22.500000000000007
30.499999999999986
30.000000000000007
70.5
80.99999999999997
46.499999999999986
14.500000000000004
24.0
15.500000000000002
56.0
49.999999999999986
49.49999999999999
78.50000000000001
45.5
46.999999999999986
46.49999999999999
46.499999999999986
68.49999999999997
184.5
174.49999999999997
236.0
191.5
258.5
203.0
196.5
214.5
207.0
263.5
232.5
321.5
171.0
180.0
282.49999999999994
227.99999999999997
239.49999999999997
250.49999999999997
287.5
302.0
280.0
318.5
261.0
278.0
323.49999999999994
184.5
261.5
312.0
274.0
307.0
300.0
312.49999999999994
381.99999999999994
291.0
400.0
16.500000000000004
13.500000000000004
16.500000000000004
29.000000000000007
28.500000000000007
23.0
24.5
34.5
12.000000000000002
17.000000000000004
15.000000000000004
23.0
19.500000000000004
27.000000000000007
26.0
24.000000000000007
28.500000000000007
21.000000000000007
22.5
13.500000000000004
14.5
18.500000000000007
14.500000000000002
18.000000000000007
12.500000000000002
27.0
28.000000000000004
13.500000000000004
25.5
21.500000000000007
22.000000000000007
16.5
33.5
15.000000000000002
30.000000000000007
23.000000000000004
15.000000000000002
12.000000000000002
21.000000000000007
9.5
53.999999999999986
22.000000000000007
17.0
41.99999999999999
44.499999999999986
15.500000000000002
12.000000000000002
18.000000000000004
28.000000000000007
65.5
15.000000000000002
15.500000000000004
38.5
19.000000000000004
29.500000000000004
36.499999999999986
26.000000000000007
12.500000000000002
15.500000000000004
29.000000000000007
16.000000000000004
36.0
16.0
41.0
26.999999999999993
10.5
26.499999999999996
39.999999999999986
62.49999999999997
16.5
31.000000000000004
18.0
19.000000000000004
39.99999999999999
45.0
38.5
61.5
64.5
52.5
35.0
61.0
84.50000000000001
195.5
254.49999999999997
242.49999999999994
293.0
340.5
226.5
302.5
264.0
160.5
308.49999999999994
286.0
400.0
257.5
231.5
229.0
212.49999999999997
255.0
204.0
325.0
250.5
334.0
234.0
347.9999999999999
307.0
254.99999999999997
265.0
265.5
259.5
259.5
273.49999999999994
264.0
200.0
235.0
315.0
276.49999999999994
296.0
272.5
351.0
299.49999999999994
383.49999999999994
188.99999999999997
336.49999999999994
343.5
299.49999999999994
300.0
378.49999999999994
304.0
356.0
390.5
358.0
400.0
346.5
382.5
346.0
400.0
362.5
400.0
389.5
380.4999999999999
397.0
318.0
400.0
347.4999999999999
363.5
349.5
370.0
400.0
399.49999999999994
378.0
400.0
397.5
400.0
400.0
397.0
376.5
400.0
400.0
400.0
332.0
338.5
400.0
400.0
400.0
400.0
400.0
400.0
400.0
400.0
400.0
400.0
359.0
400.0
352.5
311.0
400.0
400.0
400.0
400.0
400.0
400.0
400.0
400.0
394.49999999999994
400.0
400.0
400.0
400.0
400.0
400.0
400.0
400.0
400.0
400.0
400.0
400.0
400.0
400.0
400.0
10.0
10.5
10.5
9.5
9.5
10.0
9.0
9.5
10.5
9.0
10.5
10.0
11.0
10.5
10.5
9.5
9.0
9.5
10.5
13.500000000000004
10.5
10.5
13.500000000000004
13.500000000000004
17.0
64.49999999999999
42.99999999999999
25.000000000000007
21.000000000000007
24.5
21.500000000000007
19.000000000000004
29.500000000000007
28.5
16.5
18.500000000000004
29.499999999999986
15.500000000000002
13.500000000000004
26.0
34.5
29.000000000000007
44.5
69.49999999999997
39.5
54.999999999999986
113.49999999999999
286.5
169.5
325.4999999999999
286.5
400.0
272.5
384.0
346.0
293.0
287.49999999999994
344.5
391.5
254.5
400.0
400.0
400.0
385.0
400.0
400.0
356.5
400.0
400.0
366.5
249.99999999999997
300.49999999999994
400.0
400.0
378.49999999999994
400.0
400.0
400.0
400.0
400.0
400.0
400.0
400.0
400.0
400.0
400.0
400.0
400.0
400.0
400.0
400.0
400.0
400.0
400.0
400.0
400.0
400.0
400.0
400.0
400.0
400.0
400.0
400.0
400.0
400.0
400.0
400.0
400.0
400.0
400.0
400.0
400.0
400.0
400.0
400.0
400.0
400.0
400.0
400.0
400.0
400.0
400.0
400.0
400.0
400.0
400.0
400.0
400.0
400.0
400.0
400.0
400.0
400.0
400.0
400.0
400.0
400.0
400.0
400.0
400.0
400.0
400.0
400.0
400.0
400.0
400.0
400.0
400.0
400.0
400.0
400.0
400.0
400.0
400.0
400.0
400.0
400.0
400.0
400.0
400.0
400.0
400.0
400.0
400.0
400.0
400.0
400.0
400.0
400.0
400.0
400.0
400.0
400.0
400.0
400.0
400.0
400.0
400.0
400.0
400.0
400.0
400.0
400.0
400.0
400.0
400.0
400.0
400.0
400.0
400.0
400.0
400.0
400.0
400.0
400.0
400.0
400.0
400.0
400.0
400.0
11.0
28.0
21.500000000000004
23.0
45.99999999999999
16.0
36.49999999999999
36.0
34.49999999999999
18.500000000000004
20.000000000000004
28.500000000000007
21.0
34.00000000000001
24.500000000000007
24.0
31.500000000000007
57.499999999999986
36.5
79.49999999999997
29.500000000000007
48.5
20.000000000000004
60.5
91.49999999999999
127.5
188.5
151.5
341.5
185.5
166.49999999999997
400.0
327.5
289.5
400.0
400.0
400.0
400.0
400.0
360.0
400.0
246.49999999999994
323.5
255.0
392.5
340.5
395.5
400.0
335.0
400.0
400.0
332.5
400.0
400.0
400.0
400.0
400.0
400.0
400.0
386.99999999999994
400.0
400.0
400.0
400.0
400.0
400.0
400.0
400.0
400.0
400.0
400.0
400.0
400.0
400.0
400.0
400.0
400.0
400.0
400.0
400.0
400.0
400.0
400.0
400.0
400.0
400.0
400.0
400.0
400.0
400.0
400.0
400.0
400.0
400.0
400.0
400.0
400.0
400.0
400.0
400.0
400.0
400.0
400.0
400.0
400.0
400.0
400.0
400.0
400.0
400.0
400.0
400.0
400.0
339.0
311.5
400.0
400.0
400.0
400.0
400.0
400.0
400.0
400.0
400.0
400.0
400.0
400.0
400.0
400.0
400.0
400.0
400.0
400.0
400.0
400.0
400.0
400.0
400.0
400.0
400.0
400.0
400.0
400.0
400.0
400.0
400.0
400.0
400.0
400.0
393.0
400.0
400.0
400.0
400.0
400.0
400.0
400.0
400.0
400.0
363.0
397.5
400.0
400.0
400.0
400.0
400.0
400.0
400.0
400.0
400.0
400.0
400.0
400.0
400.0
400.0
400.0
400.0
400.0
400.0
400.0
400.0
400.0
400.0
400.0
400.0
400.0
400.0
400.0
400.0
400.0
400.0
400.0
400.0
400.0
400.0
400.0
400.0
400.0
400.0
400.0
10.0
9.0
9.5
10.0
9.5
9.0
9.0
9.5
10.0
9.5
10.0
9.0
9.0
9.5
9.5
10.0
10.0
9.5
9.5
10.0
9.5
9.5
9.0
9.5
9.5
9.0
9.5
9.5
9.0
10.0
9.0
9.0
9.0
10.5
9.0
10.5
8.5
9.0
9.0
9.0
9.5
9.5
8.5
10.0
10.0
9.0
9.0
9.0
9.0
10.0
9.5
8.5
9.5
9.0
9.0
8.5
8.5
9.5
9.5
9.5
10.0
9.0
9.0
9.0
9.5
9.5
10.5
10.0
8.5
10.0
9.0
9.5
10.0
9.0
10.0
9.0
10.0
9.5
10.0
9.0
9.0
9.0
9.5
9.5
9.0
9.5
8.5
8.5
8.5
9.5
9.0
9.5
9.5
9.5
9.0
9.5
10.0
10.0
9.0
9.0
9.5
9.5
9.5
10.0
10.0
8.5
9.0
8.5
9.5
10.0
9.5
10.0
8.5
8.5
8.0
8.5
9.0
8.5
9.5
9.5
9.5
10.0
8.5
9.0
9.0
10.0
8.5
9.5
10.0
9.5
10.0
9.5
9.5
8.5
9.5
10.0
10.0
9.0
9.5
10.5
9.5
10.0
8.5
10.0
10.0
11.5
11.0
12.000000000000002
12.000000000000002
11.0
11.0
12.000000000000002
14.500000000000002
19.000000000000004
45.49999999999999
39.49999999999999
42.0
61.499999999999986
40.5
39.0
34.5
23.000000000000004
59.0
46.5
41.5
37.49999999999999
52.999999999999986
124.5
102.99999999999997
49.49999999999998
41.49999999999999
65.0
49.999999999999986
80.99999999999997
80.49999999999999
48.499999999999986
108.49999999999999
103.99999999999997
132.5
95.99999999999997
79.99999999999997
80.99999999999997
85.99999999999997
99.49999999999999
57.499999999999986
81.99999999999997
66.99999999999999
86.99999999999997
94.99999999999997
109.5
60.999999999999986
64.99999999999997
73.99999999999997
83.0
107.0
112.49999999999997
65.99999999999999
111.99999999999997
83.0
121.49999999999999
22.500000000000004
27.999999999999986
39.49999999999999
39.499999999999986
32.49999999999999
41.49999999999999
38.0
116.0
89.0
71.99999999999997
78.5
84.0
161.5
259.49999999999994
142.49999999999997
74.5
40.49999999999999
35.99999999999999
22.000000000000004
29.499999999999993
42.0
22.000000000000007
29.000000000000007
25.500000000000007
33.99999999999999
25.500000000000004
34.00000000000001
32.999999999999986
43.999999999999986
97.99999999999999
73.49999999999997
87.99999999999997
48.5
33.49999999999999
37.5
83.49999999999999
115.0
93.49999999999997
123.49999999999999
138.5
140.5
129.5
233.49999999999994
211.0
394.0
262.5
232.0
264.5
400.0
292.0
270.0
342.0
273.5
305.5
400.0
400.0
323.0
400.0
400.0
400.0
400.0
400.0
400.0
400.0
400.0
400.0
400.0
400.0
400.0
400.0
400.0
400.0
400.0
400.0
400.0
400.0
400.0
400.0
400.0
400.0
400.0
400.0
400.0
400.0
400.0
400.0
400.0
400.0
311.5
400.0
366.0
400.0
400.0
400.0
400.0
400.0
400.0
400.0
400.0
400.0
400.0
400.0
375.5
317.0
384.5
399.49999999999994
400.0
400.0
400.0
353.49999999999994
400.0
400.0
400.0
400.0
400.0
400.0
258.5
400.0
400.0
400.0
400.0
400.0
400.0
400.0
400.0
400.0
400.0
400.0
400.0
400.0
400.0
400.0
400.0
400.0
400.0
400.0
400.0
400.0
400.0
400.0
400.0
400.0
400.0
400.0
400.0
400.0
400.0
400.0
400.0
400.0
400.0
400.0
400.0
400.0
400.0
400.0
400.0
400.0
400.0
400.0
400.0
400.0
400.0
400.0
400.0
400.0
400.0
400.0
400.0
400.0
400.0
400.0
400.0
400.0
400.0
400.0
400.0
400.0
400.0
400.0
400.0
400.0
400.0
400.0
400.0
400.0
400.0
400.0
400.0
400.0
400.0
400.0
400.0
400.0
400.0
400.0
400.0
400.0
400.0
400.0
29.000000000000007
31.500000000000007
20.500000000000007
32.49999999999999
16.0
32.0
31.000000000000007
20.000000000000004
35.5
24.0
30.500000000000007
12.000000000000002
13.5
11.500000000000002
18.500000000000004
16.500000000000004
13.5
17.5
28.500000000000007
22.000000000000004
20.000000000000007
16.0
38.0
34.50000000000001
28.000000000000007
13.0
35.0
21.000000000000007
16.000000000000004
31.499999999999993
26.0
78.99999999999997
34.0
28.5
18.000000000000007
57.999999999999986
12.000000000000002
59.0
24.000000000000007
29.499999999999993
27.500000000000007
14.500000000000002
62.49999999999999
17.500000000000004
17.500000000000007
16.000000000000004
13.500000000000004
18.000000000000004
28.99999999999999
18.000000000000007
15.500000000000002
16.000000000000004
43.999999999999986
65.5
30.500000000000007
38.0
20.000000000000004
37.5
15.000000000000002
50.499999999999986
48.499999999999986
91.5
50.999999999999986
49.999999999999986
31.000000000000004
43.999999999999986
22.500000000000007
60.999999999999986
55.0
29.500000000000007
46.999999999999986
30.5
28.999999999999993
54.999999999999986
84.5
60.49999999999998
110.99999999999999
119.99999999999997
91.99999999999997
136.0
185.0
189.0
151.5
145.99999999999997
112.5
200.5
210.5
195.5
132.5
241.5
195.5
189.49999999999994
325.5
182.5
172.5
267.0
174.49999999999997
244.0
226.5
324.0
233.00000000000003
264.5
315.5
301.0
234.5
400.0
400.0
400.0
372.5
400.0
400.0
400.0
400.0
400.0
400.0
400.0
400.0
400.0
400.0
400.0
400.0
400.0
400.0
400.0
400.0
400.0
400.0
400.0
400.0
400.0
400.0
400.0
400.0
400.0
400.0
400.0
400.0
400.0
400.0
400.0
400.0
400.0
400.0
400.0
400.0
400.0
400.0
400.0
400.0
400.0
400.0
400.0
400.0
400.0
400.0
400.0
400.0
400.0
400.0
400.0
400.0
400.0
400.0
400.0
400.0
400.0
400.0
400.0
400.0
400.0
400.0
400.0
400.0
400.0
400.0
400.0
400.0
400.0
400.0
400.0
400.0
400.0
400.0
400.0
400.0
400.0
400.0
400.0
400.0
400.0
400.0
400.0
400.0
400.0
400.0
400.0
400.0
400.0
400.0
342.5
9.5
24.500000000000004
24.500000000000007
31.500000000000007
21.000000000000007
36.999999999999986
21.000000000000004
25.500000000000007
25.000000000000007
23.000000000000007
14.500000000000004
17.500000000000004
24.000000000000004
18.500000000000004
42.5
13.500000000000004
15.500000000000002
23.500000000000007
17.500000000000007
19.500000000000007
16.500000000000004
31.999999999999993
58.49999999999997
36.0
61.0
44.0
22.500000000000007
39.99999999999999
26.500000000000007
17.500000000000007
23.000000000000007
12.500000000000002
22.5
15.000000000000004
16.5
39.5
24.000000000000007
39.999999999999986
66.99999999999999
56.499999999999986
94.99999999999997
90.49999999999997
74.99999999999999
74.99999999999999
187.99999999999994
70.0
13.500000000000004
15.000000000000004
26.000000000000007
31.500000000000007
35.0
13.500000000000004
21.000000000000004
12.500000000000002
38.49999999999999
15.500000000000002
34.99999999999999
21.500000000000004
10.0
11.500000000000002
25.5
25.0
22.500000000000007
36.5
37.499999999999986
35.5
44.0
21.500000000000007
28.999999999999993
40.5
23.000000000000007
19.000000000000004
25.500000000000007
24.5
17.0
39.5
27.000000000000007
35.49999999999999
23.0
31.000000000000004
52.0
52.499999999999986
31.5
32.00000000000001
23.500000000000007
27.000000000000007
30.000000000000007
33.0
26.999999999999993
47.49999999999999
30.500000000000004
17.5
19.500000000000004
22.000000000000007
32.00000000000001
27.500000000000007
33.5
37.99999999999999
40.49999999999999
62.49999999999999
50.499999999999986
60.499999999999986
49.0
67.0
93.49999999999999
84.0
87.99999999999999
136.0
128.5
136.5
256.5
348.9999999999999
195.0
210.5
263.5
253.0
223.99999999999994
400.0
392.5
327.5
334.5
336.5
150.0
241.99999999999997
221.99999999999994
281.0
328.0
285.0
150.99999999999997
258.5
139.99999999999997
93.99999999999999
186.49999999999997
172.0
246.49999999999994
177.0
218.0
152.0
280.0
260.5
174.0
193.5
197.0
157.99999999999997
155.49999999999997
141.99999999999997
335.49999999999994
171.0
301.5
288.5
132.49999999999997
199.0
238.49999999999997
198.5
214.0
186.99999999999997
192.5
146.0
170.49999999999997
171.0
284.5
120.99999999999997
325.5
157.49999999999997
226.99999999999997
238.5
332.9999999999999
280.0
202.5
257.0
320.4999999999999
253.5
400.0
271.5
348.49999999999994
309.0
237.99999999999994
320.0
400.0
400.0
343.5
325.5
354.5
400.0
282.5
363.0
332.0
400.0
400.0
356.0
388.0
400.0
390.0
384.0
329.0
339.0
371.99999999999994
356.0
400.0
400.0
261.0
400.0
212.0
72.49999999999999
103.99999999999999
49.999999999999986
48.99999999999999
71.99999999999999
39.5
16.500000000000004
32.499999999999986
23.500000000000004
30.000000000000007
22.000000000000007
21.000000000000004
41.99999999999999
52.49999999999998
21.500000000000007
14.0
30.0
30.499999999999996
62.999999999999986
114.99999999999997
50.5
14.5
19.000000000000007
18.500000000000004
22.500000000000007
19.000000000000007
29.000000000000007
30.000000000000007
29.499999999999993
28.999999999999993
29.000000000000004
37.5
30.000000000000004
68.5
54.999999999999986
59.999999999999986
131.0
105.49999999999997
64.0
94.99999999999997
171.5
314.0
313.5
400.0
296.5
400.0
332.0
389.5
240.5
191.99999999999994
188.5
259.0
179.5
107.0
34.49999999999999
55.99999999999999
165.0
264.5
384.0
400.0
400.0
400.0
400.0
348.0
400.0
400.0
400.0
330.49999999999994
400.0
400.0
205.5
271.49999999999994
400.0
400.0
400.0
400.0
347.5
400.0
400.0
400.0
400.0
394.0
398.5
400.0
230.49999999999997
288.5
374.0
312.99999999999994
400.0
198.0
38.0
25.000000000000007
16.500000000000004
55.499999999999986
35.5
33.499999999999986
22.000000000000007
18.0
23.500000000000007
18.500000000000004
12.500000000000002
10.5
20.500000000000007
37.5
49.49999999999999
61.5
51.0
92.0
83.49999999999999
68.49999999999999
49.49999999999999
53.499999999999986
104.99999999999999
175.5
151.99999999999997
66.49999999999999
44.0
28.500000000000007
23.000000000000007
34.5
38.0
42.499999999999986
104.49999999999997
123.0
134.49999999999997
150.49999999999997
118.99999999999999
56.49999999999999
34.00000000000001
19.500000000000004
59.5
26.000000000000007
14.500000000000002
21.500000000000004
22.000000000000007
26.500000000000007
24.0
72.49999999999999
123.49999999999997
185.5
222.0
400.0
381.0
400.0
398.0
400.0
400.0
400.0
361.5
333.0
400.0
366.0
317.9999999999999
239.99999999999997
322.5
299.0
400.0
400.0
400.0
400.0
400.0
400.0
400.0
400.0
203.0
278.0
400.0
400.0
355.5
400.0
400.0
343.5
350.5
355.0
360.5
400.0
400.0
400.0
400.0
400.0
400.0
372.5
148.99999999999997
306.5
157.49999999999997
144.5
121.5
197.0
173.99999999999997
290.0
264.49999999999994
400.0
400.0
321.9999999999999
317.0
139.99999999999997
151.5
13.000000000000004
10.0
11.0
11.5
10.0
9.5
11.0
9.0
11.0
11.5
12.000000000000002
12.000000000000002
11.5
11.5
12.000000000000002
11.500000000000002
13.000000000000002
13.000000000000004
12.000000000000002
14.500000000000004
14.000000000000004
12.000000000000002
16.500000000000004
17.5
20.500000000000007
18.0
18.500000000000004
17.0
18.5
25.000000000000007
29.500000000000007
36.0
28.5
250.5
74.0
57.999999999999986
95.0
51.5
76.99999999999997
86.99999999999997
61.49999999999999
85.5
219.0
307.5
195.0
278.0
162.49999999999997
200.0
278.5
325.0
370.5
400.0
218.5
201.49999999999997
228.49999999999994
217.50000000000003
346.49999999999994
360.0
374.0
335.0
400.0
400.0
351.5
368.0
400.0
400.0
400.0
353.49999999999994
400.0
349.5
400.0
288.5
400.0
342.99999999999994
335.0
382.5
400.0
400.0
400.0
400.0
400.0
400.0
400.0
400.0
400.0
400.0
400.0
400.0
400.0
400.0
400.0
400.0
400.0
400.0
400.0
400.0
400.0
400.0
400.0
400.0
400.0
400.0
400.0
400.0
400.0
400.0
400.0
400.0
400.0
400.0
400.0
400.0
400.0
400.0
400.0
400.0
400.0
400.0
400.0
400.0
400.0
400.0
400.0
400.0
400.0
400.0
400.0
400.0
400.0
400.0
400.0
400.0
400.0
400.0
400.0
400.0
400.0
400.0
400.0
400.0
400.0
400.0
400.0
400.0
400.0
400.0
400.0
400.0
400.0
400.0
400.0
400.0
400.0
400.0
400.0
400.0
400.0
400.0
400.0
400.0
400.0
400.0
400.0
400.0
400.0
400.0
400.0
400.0
400.0
400.0
400.0
400.0
400.0
400.0
399.49999999999994
400.0
400.0
400.0
400.0
400.0
400.0
400.0
400.0
400.0
400.0
400.0
400.0
400.0
400.0
400.0
400.0
400.0
400.0
400.0
400.0
400.0
400.0
400.0
400.0
400.0
9.0
10.5
8.5
8.5
9.5
9.5
10.5
10.0
9.5
9.5
8.5
10.0
9.0
9.0
9.5
9.5
9.5
9.5
9.5
9.0
9.0
10.0
9.5
10.5
8.5
8.5
10.0
9.0
10.0
9.0
10.0
9.5
9.0
9.0
9.5
10.0
9.0
9.5
8.5
9.5
9.5
8.5
10.0
9.0
9.0
9.5
10.0
10.0
8.5
9.0
9.5
10.0
9.0
9.0
9.0
10.0
8.5
9.0
10.0
9.5
10.5
9.5
9.5
9.5
9.0
9.5
9.5
9.5
9.5
9.0
10.5
8.5
9.5
10.0
9.0
8.5
8.5
9.0
8.5
9.0
9.0
9.5
9.5
9.0
8.5
9.5
10.0
10.5
9.0
9.0
9.5
9.5
8.5
9.5
9.0
9.5
10.0
9.5
10.0
8.5
9.5
9.0
9.0
9.0
10.0
9.5
9.5
9.0
9.5
9.0
9.5
9.5
10.0
9.5
9.5
9.0
10.0
9.5
9.5
8.5
9.5
8.0
9.0
10.5
10.0
10.0
9.5
9.5
8.5
9.5
8.5
9.5
10.0
10.0
9.5
9.5
10.0
9.0
9.0
10.0
9.0
9.5
9.0
10.0
10.0
10.0
9.0
9.0
10.0
10.5
9.5
9.0
8.5
9.5
9.0
10.0
9.0
8.5
10.0
9.0
9.0
9.5
9.0
10.0
9.5
10.5
9.0
9.5
9.0
9.5
8.5
9.5
9.5
9.5
9.0
10.0
9.0
9.5
9.5
9.5
9.5
8.5
10.0
9.0
9.0
10.0
9.5
9.0
10.5
9.0
9.0
9.0
9.5
10.0
9.5
8.5
9.5
10.5
9.5
9.5
9.0
9.5
8.5
9.5
10.5
9.5
9.0
9.5
8.5
10.0
10.0
9.5
9.5
9.5
10.0
10.0
9.0
9.0
9.5
10.0
10.5
10.0
9.0
9.0
9.5
9.5
8.0
8.5
9.0
9.5
9.0
9.5
9.5
10.0
10.0
10.0
9.5
8.5
9.5
9.5
8.5
9.5
9.0
9.5
10.0
10.5
10.0
10.0
10.0
9.5
9.5
9.5
9.0
9.5
9.5
8.5
9.5
9.0
9.5
9.0
9.5
9.5
8.5
9.5
9.0
10.0
9.5
8.5
9.5
10.5
10.0
9.0
10.0
10.0
10.0
9.0
9.5
9.5
9.5
9.0
10.0
8.5
9.0
9.0
9.0
10.0
9.5
10.0
9.5
10.5
10.5
8.5
9.5
10.5
9.5
9.5
10.0
9.5
9.0
10.0
10.0
9.5
9.5
9.5
10.0
10.5
9.5
9.5
9.0
8.5
9.5
9.0
9.0
9.5
10.0
9.5
9.0
9.0
9.0
9.0
10.5
9.5
10.0
10.0
10.0
9.0
9.5
9.0
8.5
9.5
8.5
10.0
10.0
8.5
9.5
8.5
9.5
8.0
9.0
9.5
9.5
10.0
9.5
8.5
9.5
9.5
10.0
8.5
8.5
10.0
9.5
8.5
9.5
9.0
9.5
8.5
10.5
10.0
9.5
9.0
9.5
9.0
9.5
9.0
8.5
8.5
9.0
8.5
9.5
9.0
9.5
9.5
10.0
9.0
8.5
10.5
9.5
9.5
8.5
10.0
10.5
10.0
8.5
9.5
10.0
9.0
10.0
9.5
8.0
9.0
9.5
10.5
9.5
10.0
9.0
9.0
9.0
8.5
9.5
10.0
17.0
16.0
70.5
15.000000000000004
21.000000000000004
15.500000000000004
53.49999999999999
136.0
296.49999999999994
345.0
400.0
214.0
254.99999999999997
363.0
387.5
400.0
400.0
400.0
400.0
400.0
400.0
400.0
400.0
400.0
400.0
400.0
400.0
400.0
400.0
400.0
400.0
339.4999999999999
342.5
356.5
307.5
324.0
331.49999999999994
341.99999999999994
344.9999999999999
328.49999999999994
354.4999999999999
283.0
263.5
265.0
254.0
275.5
292.49999999999994
288.99999999999994
309.0
307.5
278.0
326.49999999999994
329.9999999999999
317.5
351.9999999999999
348.99999999999994
386.99999999999994
391.0
400.0
379.49999999999994
389.5
400.0
398.0
399.49999999999994
400.0
400.0
400.0
400.0
400.0
400.0
400.0
400.0
379.0
400.0
400.0
400.0
400.0
400.0
400.0
400.0
400.0
400.0
400.0
400.0
400.0
400.0
400.0
400.0
400.0
400.0
400.0
400.0
400.0
400.0
400.0
400.0
400.0
400.0
400.0
400.0
400.0
400.0
400.0
400.0
400.0
400.0
400.0
400.0
400.0
400.0
400.0
400.0
400.0
394.49999999999994
400.0
400.0
400.0
400.0
400.0
400.0
400.0
400.0
400.0
400.0
400.0
400.0
400.0
400.0
400.0
400.0
400.0
400.0
400.0
400.0
400.0
400.0
400.0
400.0
400.0
400.0
400.0
400.0
400.0
400.0
400.0
400.0
400.0
400.0
400.0
400.0
400.0
400.0
400.0
400.0
400.0
400.0
400.0
400.0
400.0
400.0
400.0
400.0
400.0
400.0
400.0
400.0
400.0
400.0
400.0
400.0
400.0
400.0
400.0
400.0
400.0
400.0
400.0
400.0
400.0
400.0
400.0
400.0
400.0
400.0
400.0
400.0
400.0
400.0
400.0
400.0
400.0
400.0
400.0
400.0
400.0
400.0
400.0
400.0
400.0
400.0
14.000000000000004
17.500000000000004
13.500000000000004
18.0
17.5
26.5
17.5
44.499999999999986
84.49999999999997
110.49999999999997
86.5
69.49999999999997
195.5
163.49999999999994
282.49999999999994
198.5
400.0
218.0
400.0
366.99999999999994
400.0
400.0
335.0
369.49999999999994
400.0
382.5
370.99999999999994
400.0
400.0
400.0
399.0
400.0
400.0
400.0
400.0
370.99999999999994
340.5
400.0
400.0
393.5
279.0
248.5
216.0
147.49999999999997
191.0
128.5
128.0
140.99999999999994
123.99999999999999
159.49999999999997
113.0
100.49999999999999
106.0
184.0
207.5
244.5
158.5
186.5
275.0
315.4999999999999
329.4999999999999
400.0
400.0
351.9999999999999
372.5
400.0
370.0
400.0
394.49999999999994
400.0
400.0
373.5
400.0
400.0
400.0
400.0
400.0
400.0
400.0
400.0
400.0
400.0
400.0
400.0
400.0
400.0
400.0
400.0
336.5
22.500000000000007
26.000000000000007
23.500000000000004
32.5
25.5
28.500000000000007
35.99999999999999
40.0
75.5
46.999999999999986
112.49999999999997
320.49999999999994
400.0
400.0
400.0
400.0
400.0
400.0
400.0
323.5
400.0
400.0
400.0
400.0
400.0
400.0
400.0
400.0
400.0
400.0
400.0
400.0
400.0
400.0
400.0
400.0
400.0
400.0
400.0
400.0
400.0
400.0
400.0
400.0
400.0
400.0
400.0
400.0
400.0
400.0
400.0
400.0
400.0
400.0
400.0
400.0
400.0
400.0
400.0
400.0
400.0
400.0
400.0
400.0
400.0
400.0
400.0
400.0
400.0
400.0
400.0
400.0
400.0
400.0
400.0
400.0
400.0
400.0
400.0
400.0
400.0
400.0
400.0
400.0
400.0
400.0
400.0
400.0
400.0
400.0
400.0
400.0
400.0
400.0
400.0
400.0
400.0
400.0
400.0
400.0
400.0
400.0
400.0
400.0
400.0
400.0
400.0
400.0
400.0
400.0
400.0
9.0
20.000000000000004
19.500000000000004
20.500000000000007
31.999999999999996
28.999999999999996
61.5
17.000000000000004
22.000000000000004
14.000000000000004
13.5
18.500000000000004
24.0
19.000000000000004
23.5
33.5
34.99999999999999
77.5
82.49999999999999
67.0
179.5
239.50000000000003
251.5
400.0
400.0
304.5
400.0
385.5
400.0
400.0
400.0
400.0
400.0
400.0
326.0
229.0
161.49999999999994
236.50000000000003
244.0
224.0
253.99999999999997
218.5
352.5
249.99999999999997
280.0
355.0
387.5
252.5
185.0
158.0
194.0
156.99999999999997
285.0
344.0
400.0
273.5
163.0
287.0
310.9999999999999
400.0
376.0
246.50000000000003
324.0
245.99999999999994
310.49999999999994
291.99999999999994
326.0
367.99999999999994
390.5
354.0
245.99999999999997
354.0
393.0
347.5
345.0
400.0
340.5
400.0
378.49999999999994
400.0
297.99999999999994
378.0
400.0
398.0
360.99999999999994
400.0
400.0
400.0
329.49999999999994
400.0
310.0
383.0
400.0
384.5
400.0
400.0
400.0
400.0
400.0
400.0
400.0
400.0
400.0
400.0
400.0
400.0
400.0
400.0
400.0
400.0
400.0
400.0
400.0
400.0
400.0
400.0
400.0
400.0
400.0
400.0
400.0
400.0
400.0
400.0
400.0
400.0
400.0
304.5
400.0
400.0
400.0
400.0
400.0
235.99999999999994
400.0
400.0
400.0
400.0
400.0
400.0
400.0
400.0
400.0
400.0
400.0
400.0
400.0
400.0
400.0
400.0
400.0
400.0
400.0
316.5
400.0
400.0
400.0
400.0
400.0
400.0
400.0
400.0
400.0
400.0
400.0
400.0
400.0
400.0
400.0
400.0
241.0
400.0
400.0
238.0
400.0
400.0
400.0
400.0
400.0
400.0
400.0
400.0
400.0
400.0
400.0
400.0
400.0
400.0
400.0
400.0
400.0
400.0
400.0
400.0
400.0
400.0
400.0
400.0
400.0
400.0
9.0
9.5
9.0
9.5
9.0
10.0
8.5
10.0
10.5
9.0
10.0
11.0
12.000000000000002
12.500000000000004
12.500000000000004
13.500000000000004
15.000000000000004
11.0
19.000000000000004
17.000000000000004
19.500000000000007
31.0
36.49999999999999
47.499999999999986
27.000000000000007
49.49999999999999
69.5
45.5
28.000000000000004
68.99999999999997
42.5
31.000000000000007
87.5
109.49999999999999
72.0
98.0
227.49999999999994
211.0
178.5
143.99999999999997
112.00000000000001
143.0
166.49999999999994
224.50000000000003
172.0
241.50000000000006
162.49999999999997
142.99999999999997
80.49999999999999
27.500000000000007
29.000000000000007
26.500000000000007
43.5
44.499999999999986
124.49999999999997
141.49999999999997
241.5
165.49999999999997
196.0
297.0
266.5
289.0
351.0
334.5
231.0
341.0
348.0
350.5
281.5
400.0
332.5
258.5
342.0
400.0
400.0
400.0
400.0
400.0
400.0
400.0
400.0
400.0
400.0
400.0
400.0
400.0
400.0
400.0
400.0
400.0
400.0
400.0
400.0
400.0
400.0
400.0
400.0
400.0
400.0
400.0
400.0
400.0
347.5
400.0
400.0
400.0
400.0
276.5
400.0
400.0
400.0
400.0
142.99999999999997
124.49999999999997
242.49999999999994
296.5
400.0
400.0
400.0
400.0
400.0
400.0
400.0
400.0
400.0
400.0
400.0
400.0
400.0
263.5
400.0
400.0
400.0
400.0
400.0
400.0
400.0
400.0
400.0
400.0
132.99999999999997
317.0
400.0
384.5
400.0
400.0
380.0
400.0
400.0
400.0
400.0
400.0
400.0
400.0
400.0
400.0
400.0
400.0
400.0
400.0
400.0
400.0
400.0
400.0
400.0
400.0
400.0
400.0
400.0
400.0
400.0
400.0
400.0
400.0
400.0
400.0
400.0
400.0
400.0
400.0
400.0
400.0
400.0
400.0
400.0
400.0
400.0
400.0
400.0
400.0
400.0
400.0
400.0
400.0
400.0
400.0
400.0
400.0
400.0
400.0
