-177.82794019196925
-191.31223422291006
-104.83976781054412
-238.5567739341563
-107.77071075679945
-247.57350731151962
-162.5754355166222
-178.06461291703067
-305.54534313508276
-164.17719004279263
-307.5075293048544
-162.03775318676398
-138.35511655302793
-116.68009096424053
-338.16791770892405
-182.76856394771994
-170.10954338321707
-154.60664842363704
-177.0617640379029
-236.5305279009585
-96.39152241281614
-134.43740965301077
-87.41958771374091
-57.4848445756038
-325.78640383208625
-201.631440024502
-121.2042979978173
-110.17435980107442
-260.1099030742014
-147.63350181593938
-203.66016309788228
-122.02765835882076
-141.4780927783662
-149.37780899186447
-106.7813860305391
-50.44216819912816
-36.8785403808332
-208.04088226754342
-178.3557639086872
-230.82524816372955
-185.57229060538901
-172.036963750087
-87.30746052494439
-181.9907037331524
-199.74440252037004
-64.53348900035522
-38.695720306510495
-282.46496009635064
-102.4163925740321
-231.89612813010086
-80.43246950030459
-177.27523276766928
-18.750342657230348
-69.23716379806535
-315.8085925452293
59.77431370665172
-250.32303145892624
-224.9810929901019
-84.88924013743753
-222.5692898939515
-108.64169811525348
-95.86635468793756
-222.88909496566703
-63.088571230825586
-120.52654539753678
-164.63820317511494
-233.04163869030214
17.266129171751228
-193.33428472300739
-108.34109000911718
-168.77279679148526
-38.644663989876804
-151.73468854767825
-197.1723872184012
-110.66428470766783
-77.47291106320918
-249.6931982549594
-55.127737822157876
-142.7184177133271
-236.88053051156618
-93.25066150701217
-105.02915184354286
7.783443810726733
-11.41631653780004
-62.77733162885546
-92.15057736082287
11.589486228690483
84.25399659666756
72.32806100305723
87.16882657025971
49.70938635497392
29.89840070961683
-151.92945168787477
53.432632100416384
-366.53688501596207
-69.7136555523869
-38.93742274802486
-205.83912934878248
-73.04172374421151
-66.77876339655717
-123.13366069422833
-20.570123287107283
0.3507417600105658
-11.154436435629986
14.931895972699522
39.860052476878835
52.02329718235772
37.07890090014063
2.3255213917058732
55.209490244121625
-6.043334973624189
34.479976478804275
18.897779550148304
15.968924093812769
49.313557647847
26.121292354129185
23.207123966154747
45.451930700763434
15.245650424571867
31.308554012568106
51.393101682028146
16.378430158828806
26.899911831699754
48.15818957173323
73.44804009439886
51.54101223609662
33.33564920074952
26.125837697003234
36.860731826500015
33.70771286658932
54.55691394109821
23.18206332717735
49.611777520981775
41.85512333723315
37.64854535204968
38.60595007322371
59.23384522613354
18.26322664997166
54.72887589897428
20.0868239291489
55.64251391551875
21.445185457228796
48.62302289119063
60.33486616038191
21.66904059301377
47.35117245069951
43.61978595113269
45.05227390391102
49.09626805855527
48.622168643056746
31.337970957552646
6.202781014743444
26.315403719834464
33.27816696809419
18.398866340515397
28.981045392325385
51.07686845940202
20.88770940377005
16.24193449541398
41.14261058823123
53.30953574582508
25.03281120398369
45.38232735400025
13.878619184661101
37.591328957103585
20.907699548012943
26.12520514128517
22.96487898932433
22.3994913470587
19.997956452889085
30.929442436264033
25.10333297876887
43.5002938574837
28.612862417956748
17.33452764013368
18.569855069310815
61.0193305430702
35.70116010243041
44.93955772470553
34.69686129925178
-0.2972891589938884
39.71772267933986
19.932312596327233
4.202146340914103
57.83063408178016
20.68487224349086
21.576738239707836
30.79564282420126
36.70127785732262
9.427285629204182
54.53234219327772
25.006385837136087
47.58709331941644
55.11357240034107
62.43140504082573
-27.455435534496637
53.32335461239462
51.57669519806042
15.261257143370687
45.90558305182907
-531.261556624186
-68.58615203499028
-294.2611946864737
-681.8786749784484
-472.7383515680126
-508.96078640379994
-644.9281489342782
-434.1463457839647
-294.3524138563111
-382.73079325492176
-408.9598596562257
-221.380102886246
-370.19479658988826
-259.74062301773506
-312.8093877578105
-338.22599370433375
-418.33281117786225
-224.69120977829792
-142.04961921734332
-415.334464125934
-178.6413329342653
-87.36936370382341
-209.49945055758806
-229.89420154741728
-296.96997695599117
-237.3603369526471
-166.7329259418196
-142.5136537953674
-146.01221014808993
-285.5470752092229
-436.085906593956
-326.25001766724483
-390.38033969043363
-407.76222283905213
-248.09908236979896
-243.79561667492277
-196.86925295836386
-202.86170561107042
-217.80058384672824
-262.5906495322556
-130.41289030247162
-125.09280180738031
-40.297928234772364
-114.74069214320724
-194.910111369416
-424.75242759749506
-307.42159211013524
-235.66413991205314
-232.62592684734386
-92.11227927784093
-193.6388015729185
-223.45157802240385
-95.86562455255591
-180.98604971814632
-226.4942817103693
-132.2347099925317
-249.3380124761154
-138.56119226720077
-286.1749602077236
-83.78851582137283
-97.77250797211084
-309.13370616068613
-189.24094249133077
-261.63889246042976
-289.34994043314964
-276.18709342642217
-261.6875898245488
-351.0557400011611
-487.5100187345537
-313.1363158645148
-228.02516458139817
-128.40081417321196
-241.15886250384878
-245.70244832322257
-205.68609078858614
-171.75943141418435
-118.92117685759438
-382.51303772251754
-207.57911870883117
-392.86056791213935
-227.0009385444943
-246.39740569182888
-155.26393814402942
-399.905534366835
-205.62704462367947
-367.90931140837085
-188.69072475725798
-234.2282971650937
-55.46255636992146
-123.15272114853536
-213.3450275130134
-203.83583810695455
-278.71586584610316
-316.52702307015625
-245.28834104253676
-251.17303419568046
-158.71435153605987
-194.0193541190896
-229.28479143369591
-171.93474710198035
-303.55974969484396
-84.88659731612248
-291.49965053031804
-171.69509950271592
-141.64972367887748
-191.30807256977602
-125.0815891057355
-318.74072337224425
-98.14907692493156
-101.8040601528097
-49.73027101957841
-103.7812259731184
-145.79168462169923
-171.54361532895146
-69.95279532707255
-154.47370237542668
-34.394537359415416
-285.9724255458823
-89.6442654377213
-114.31953349252495
-191.5214702094611
-186.79091374479077
-218.71023663849243
-25.36979462811518
-72.69319384422786
-193.57725826302155
-27.175849088607713
-173.18421603634891
-252.1912639994423
-265.1980642137895
-195.01202553138043
-187.1158701194715
-146.579879322723
-179.94750453949172
-218.20201033389912
-235.3134423746713
-236.2269707546679
-138.29208965590382
-127.48179917302132
-184.32944146253462
-240.52084462838798
-215.655351470492
-115.16850478267108
-92.42139859036621
-208.98035949177122
-186.4922396717925
-99.39084964881911
-283.67981786265904
-125.94765474637502
-268.6957111278997
-315.0011396458435
-155.74100102813227
-148.11488511146095
-279.7506848354292
-227.786983353555
-182.91029195682128
-102.34491377025525
-211.70272011242415
-132.14243394190166
-132.92087864364314
-117.33735817385953
-38.901959123653626
-26.0901818403758
-221.9219057121664
-171.64505544201643
-210.1078074377296
-176.45590619337884
-140.76953152776875
-104.00418639785799
-307.73323861339145
-78.86753447619235
-360.3185856334072
-281.3391632657592
-88.34548827238788
-267.2510529125608
-138.28787809211497
-85.3532264512589
-102.32412778968374
-152.37205319895264
-269.4025091949999
-279.8707090710432
-203.6823586037047
-221.91045999573976
-232.0239472087277
-212.81143673476436
-364.2729156322845
-185.04203303018835
-108.49408521879327
-181.16197376465334
-282.8065857997489
-218.54688384188717
-205.13450877474787
-32.708274968911844
-134.5479709515154
-180.91302348916162
-310.1133023020948
-82.9090486175462
-270.3426041557382
-94.63311366092051
-89.86393712739897
-102.81601483186971
-238.7625149679046
-173.92523544760837
-197.77549074789408
-311.0867083970493
-105.12232849209832
-235.46102345473824
-58.97519281725776
-93.86434470483542
-261.45789967207094
-162.1540443279545
-344.64499804766115
-121.51119239910379
-268.79142026545844
-128.78182256553526
-133.2088845729763
-277.1053083321277
-105.4598205351436
-100.09037491959339
-159.36490789846746
-89.63672959891548
-143.48863763246365
-135.61856102934416
-506.407231535633
-79.30811841883613
-366.8527895816949
-53.73639733782045
-317.2965984541024
-279.9027336466794
-211.37986411574792
-224.84806575015836
-194.19212250124312
-298.9757257298393
-230.2663742093373
-106.59100860916791
-84.04238923877094
-337.5903693779601
-335.90946712321943
-289.45707876129444
-212.80766975348007
-200.90701945639674
-265.42269234288887
-361.37079129296546
-345.44600928934267
-101.85570620232662
-390.22768541110906
-173.79062252725268
-57.943809944207764
-395.00612183607336
-369.1066157556945
-328.08071146751934
-383.17751130989524
-285.18456003415156
-517.6645104565123
-216.27521447707005
-396.97411691192656
-497.4888779007356
-397.51202689232844
-441.11593964253314
-368.46131039414337
-180.66424297154578
-132.06975026904323
-147.86416960220444
-239.69104479185353
-181.1654767344196
-335.768764153688
-360.20508004590374
-153.6813001856311
-374.70842339595214
-290.90244417353216
-206.192216367218
-320.7898413779442
-128.88794470437927
-192.97149579554053
-283.27772753681546
-100.30283650831001
-127.6648526927816
-332.7504927000713
-383.8242501646412
-275.4060972852331
-228.22757207938318
-231.21198007790633
-51.743106220722055
-203.71371585853996
-401.5998177073411
-234.39479861692865
-390.75400562646087
-57.514591471488586
-388.29076411929054
-190.91097307742913
-496.0557130983486
-233.23190532611994
-49.76632047191808
-269.2964529597432
-461.2597584508999
-280.9214413042205
-214.58710474906155
-464.9218087713906
-417.8446451500698
-170.5194706018002
-414.3425570589294
-367.6459025658591
-255.53529624765903
-417.98726877291284
-359.4076311811736
-364.41033245823803
-172.6184576758237
-232.23880009185075
-146.63897507516307
-233.37117378180648
-101.87775571415347
-91.4709236705346
-404.5639717666415
-196.73609289153518
-361.38177091869045
-461.78703613095934
-91.42790960623586
-250.7402733160606
-329.2905900943847
-88.19532832124108
-262.672512806868
-92.60659782127865
-175.52718390595612
-358.2353386108273
-87.33037041747691
-339.5080304296131
-284.03905322698927
-273.8473117107769
-185.66098186094246
-299.2137757327457
-167.8411784385608
-185.84081661767937
-179.7306937319164
-130.57873490926013
-184.22556331063657
-133.17360069845097
-123.99786446443127
-144.21293262480918
-97.34731055302161
-341.867790405504
-327.34590563217137
-196.4709268824953
-350.0672547614986
-105.49302449735805
-242.3547599886828
-339.40374252918673
-261.2805483605771
-207.29941750232717
-92.65232232480157
-238.67189162383812
-155.88378326705083
-204.2353875422499
-212.8508825840044
6.661881370692946
-143.27632682529185
-111.77029230865108
-144.64785867436325
-202.8481528374368
-118.65170207684876
-197.8698970388748
-107.30804667684848
-111.40251409545229
-268.9775355333071
-268.6412511462827
-131.33793916680628
-106.01094670858487
-190.85345154921677
-140.75181844177112
-156.27212473751635
-170.21515838635372
-39.219924553457304
-238.23513779344069
0.44401819422793665
-187.2839070862482
-286.62940696703737
-164.77195945326216
-356.53267042709865
-152.42943131502057
-136.9953439070296
-93.26552005533087
3.2371857013085332
-299.4271557304469
-171.18254656355944
-276.3319668577092
-305.9088139559051
-175.04433062354494
-400.9838940917432
-285.06786103604543
-379.4755358336806
-3.1756135377560035
-225.90176197938422
-221.56695576406935
-283.4335735099845
-195.33324803809626
-153.9323363303668
-29.787877408664393
-328.8300397329084
-266.18170867020217
-134.05811392098406
-198.74183397101095
-377.08400300150186
-112.92343918567504
-111.95512631607399
-375.54387437959093
-97.81706949566602
-221.0360195991708
-193.93919202670287
-252.2715088551701
-133.75500932489462
-107.66179522597939
-269.3924653391192
-159.0451654885372
-44.44852780936396
-120.37690108751103
-269.727632763955
-126.48309077995918
-152.53198263489972
-124.76084725515307
-230.7195978245088
-195.76825144075775
-206.11886205732023
-123.9861741658905
-72.5564652769275
-100.9486384980301
-144.67078338816194
-162.42328403305447
-74.7892501168091
-222.93958445871962
-204.7040947350956
-125.26306392107377
-51.91438957642083
-86.11792818301345
-351.942118899257
-73.24435746478537
-158.91122073298632
-334.5486479460592
-286.7834558197877
-133.70808559455125
-281.82312269153465
-235.79458436809006
-298.29437946988816
-235.71987470289957
-351.2233944414871
-256.47630948178823
-155.86006133155837
-147.9940253078165
-315.4564314154135
-231.81928090339585
-78.39975159483673
-115.97642320513296
-172.26577606797701
-69.1055110704169
-335.6314234777694
-164.27867093599656
-265.55148010097884
-83.0843227167923
-196.5438734291796
-106.29791211394851
-327.9634401362282
-431.0119539688659
-158.93300082741573
-85.99386221246557
-75.45674909795449
-436.5050014127412
-133.73254593360934
-207.19016188789095
-127.75647825718086
-93.54351663640702
-316.60674004326097
2.3645286884972805
-321.33691253536017
-81.31882141389352
-114.83019467627722
-200.67968403073604
-112.88443781211002
-233.381597227395
-76.08221750263618
-345.6576855719196
-87.1342723084101
-188.98131556346678
-143.41563105737876
-151.61718601575382
-151.1142248857798
-333.9698299020073
-159.54987748442838
-230.24456261070142
-280.5664804186007
-253.33654185553766
-307.8490797377711
-133.7599246982454
-149.56271843116497
-304.64503674415596
-154.34145155970833
-318.02258973520924
-436.4438732036486
-96.02115160092083
-225.01134000791637
-189.2821595220583
-296.02693154589014
-175.0132111949373
-42.21818436737249
-281.00952937568593
-105.6391301594389
-75.50135968609857
-171.66504127994168
-53.973559701437246
-212.91180047879635
-196.08910311378762
-179.5319693751977
-227.7824622039396
-223.1829857260371
-241.63031136267153
-304.6827540720306
-233.47948262617248
-279.55216685911444
-293.3791180417263
-252.75795528043096
-100.68059626697406
-309.83930050921026
-279.8579349386985
-303.63022311994894
-220.6485063701262
-264.24679173521866
-39.62154206198787
-86.55169476923257
-195.97066360530346
-292.37037319432585
-209.06294692908986
-228.357757590019
-163.236362582921
-144.58885378144146
-64.65931439650066
-188.08707794112166
-175.70317476719129
-40.40654180037381
-83.75015454683682
-217.8125664778199
-197.7432142325316
-98.28410164779405
-170.17846292874475
-174.45731930027006
-253.53118799094798
-68.20171283644858
-307.97241159484247
-201.20097931377728
-53.01355852548247
-257.20721577675704
-350.53964911084984
-205.94552743291925
-95.39612215696664
-171.50909948126602
-211.2828143635862
-110.76299969968507
-298.6900958599991
-27.764963217277117
-207.65301258875277
-59.1524951323988
-30.383239348948752
-192.8703828352465
-104.20484843626531
-266.8692658666186
6.347161563951591
-122.89395379581879
-183.2852261417689
-73.71438035369772
-309.84695384687495
-261.1522375403404
-32.24812148811517
-159.27789900574842
-126.84159999861946
-391.22343805091117
-152.98174724534815
-208.208599029706
-105.66099329714788
-13.4796285146943
-18.020366947787466
-29.925901100613885
-3.137943721741596
-159.1872832761541
-8.475267688703038
13.59870406475368
-109.44890232914277
-30.868640692255028
-24.331857728597768
-68.47710414249894
-9.901336954705
-10.997472850803046
-87.57958441377872
-117.3290412864036
-75.10554235392803
-79.71979963553682
-114.14691401503316
-148.8842829478524
-98.32657966676496
-81.61940385768906
-15.012978381014026
-83.66113265662264
63.74441050757069
-63.95711519217529
-3.8584142185583126
-661.8057335628528
-472.6403543178276
-486.64823035103853
-533.0782364750737
-598.8873970640883
-687.8792128278399
-514.6990071474567
-531.0770612460719
-476.0379176737627
-561.8266548466067
-551.1667761073147
-637.1919204479345
-441.87783079488946
-415.2323257116897
-525.912585317211
-475.9945252351536
-336.7375356857609
-395.94986848801295
-330.2330361488862
-452.70541739045905
-261.26870793334723
-388.6659461153562
-344.5002534804554
-147.1921423645441
-115.19861008635473
-138.25932327172342
-254.10009632312926
-167.05984131857946
-136.55043436469344
-219.80282950058157
-110.84842259247597
-115.84738492121852
-129.68069056098201
-127.29556584837428
-156.55489395953816
-305.3163541790757
-164.85567261880374
-367.76379423301256
-138.4503204723335
-388.3472164937507
-64.91111805655024
-123.75959876526497
-297.1606321125324
-165.41551822072478
-222.61686284806495
-76.26161732060274
-130.88499750491184
-110.21593546211352
-218.67376832274851
-143.72627316780844
-67.42387695605808
-143.982713635678
-82.49307914073245
-359.4310452510939
-185.40747632862139
-102.33916164069656
-213.2582586439571
-195.1208782712567
-165.21792921668197
-311.51394877949417
-252.2147067728148
-236.8762931133987
-246.8697490695571
-210.20021889324394
-240.50830405563642
-290.8012524558965
-158.21231453462966
-231.01904281589736
-256.1846898470921
-218.5400191761972
-99.44949774167469
-217.917194673968
-128.60685397583475
-231.06820354476008
-66.63857199498374
-273.5176426587774
-72.63855422506387
-200.64668561958464
-60.60896821170432
-98.31311567379518
-188.24144819579624
-283.9844301558667
-189.55268722565913
-229.8523694132547
-203.39584721043497
-208.46209377171292
-377.4684967725258
-94.82640765991543
-161.41255846696532
-106.87161291777852
-52.2663724375363
-104.06499837713898
-290.2516502710298
-166.90555207045657
-177.01022449147098
-135.58196614618942
-68.25899117247624
-299.40220532840385
-107.98891439143627
-253.41695377666778
-185.36355995050977
-227.03651629020086
-164.54001050091233
-310.4069048689812
-90.24902085844167
-189.65270480759614
-275.00755837267064
-77.33705199360148
-158.2850549040673
-154.61981615629756
-303.5031135665787
-259.25520745170826
-224.16543055936572
-345.1538070007406
-213.08254859565847
-164.6085358994672
-99.08453693395572
-167.4935156735515
-301.91640904758094
-372.673734822245
-126.96297134406967
-102.183826816557
-196.78857086658599
-168.12573416372373
-91.20579466001274
-326.6276654067919
-76.28930662173715
-307.77351362627167
-317.8848421067902
-97.76317369186802
-213.0077020179441
-207.16600958380243
-151.29162309869713
-205.76498537124732
-108.81537632290863
-202.78420310345984
-321.7967020413856
-198.30566493778878
-83.70710555148666
-327.1073231484563
-216.2229970640897
-27.53499590143818
-145.92057541556267
-136.1009298695434
-171.3192097589622
-26.6217635741853
-317.649547154537
-173.9558951392052
-133.99946613576208
-142.61449477660557
-176.68200601718138
-231.40089533360816
-117.28452354166735
-91.94598852816901
-175.37527187858132
-95.36964892340629
-87.71110548542546
-190.96791937481822
-150.49116962008623
-181.51939050635818
-89.09636959959018
-156.71456165785924
-71.30879862992425
-116.34335656873655
-110.18066619340811
-197.19515348096962
-84.90008569147165
-120.82201805773644
-203.15087903372248
-176.26261574746826
-174.31148805812975
-204.18198665182027
-25.736818256468364
-154.35502018886947
-114.46518797618656
-226.1929815791647
-237.31441323938196
-202.2683607749572
-206.61937455838353
-255.247940048756
-243.51201025814146
-184.39207126112507
-226.96582413935045
-262.60784403937544
-119.24039182642207
-283.8730499182915
-305.23158139778036
-129.16725385897047
-58.839885010497824
-66.0564893776419
-354.35715305952095
-162.43619050135342
-125.99386612522773
-92.38748765561411
-297.4230574677581
-178.95136131772426
-293.017992745839
-232.83468346191594
-168.50901453155342
-202.86562046745263
-369.247615653053
-468.3688752082295
-607.0846116383545
-416.80325836361123
-496.1325984956341
-453.4243572354578
-640.1241315775384
-581.2806096367235
-521.7339718488874
-550.1421867655785
-538.8355037604758
-504.38664008893187
-458.54609310346984
-493.38763825854573
-515.6266115624729
-420.86343641980636
-452.2931249911828
-500.725682925564
-468.48571564274897
-498.2978927942019
-423.8870767281601
-573.9312727095466
-325.3626305888811
-563.2223213374302
-531.6218041691975
-514.187551564104
-523.6235682659415
-363.8699076297229
-436.95222381403937
-427.52484733311616
-522.7289181978326
-401.1123769165472
-433.68038540770584
-412.2008618690533
-498.50677733571337
-449.9286509160343
-430.00377339583395
-392.96532507310934
-519.578995620871
-545.6660117335938
-488.7195654925008
-634.1480331675594
-481.1786800509097
-553.5395197606753
-437.99971493869646
-371.4475859114823
-412.1996916897886
-459.92464320715646
-614.8130570681499
-566.9025955226753
-463.97594586662063
-468.06404748306517
-463.3146905638655
-520.8666804689533
-563.5091703931524
-407.5625303042682
-568.8994804824861
-477.4891396543767
-530.3358781050097
-548.9754484807172
-517.6980302950193
-507.481764452657
-488.7947025147331
-606.130347159971
-491.0523839011879
-605.671091168292
-537.8133760737867
-473.46063621809253
-467.68255393080153
-538.5976565194421
-546.0570242719925
-418.235791768187
-399.9890039393995
-430.17655582742714
-325.00635461525553
-400.1512702406894
-466.4594150200327
-488.64440608239147
-555.2094649647427
-485.00193275942615
-423.32609851474297
-388.11833024691566
-344.91236914556714
-343.5486636995389
-426.42362110440695
-416.7867690312609
-387.81257743918775
-453.148790111744
-440.13453110124266
-427.21026405992717
-400.98908257414143
-332.8270213949029
-373.1865894635986
-318.8811748272856
-503.2098685784304
-368.4321551613423
-381.7910422580927
-421.7382921939144
-298.1665854845923
-395.6516313914593
-341.43209292016445
-308.45450241124774
-329.9125940754559
-258.6676988673271
-469.87360582679673
-309.5916662845291
-266.5079431301037
-304.66066939063126
-226.74243899236942
-213.06082795038978
-270.10393090642174
-230.42088906552027
-369.16757722862474
-282.6719391261994
-151.8548559130423
-62.459885818059675
-255.2695375196892
-100.99030999300713
-128.5299325486293
-203.18472453350887
-144.1990047781136
-126.47882370550546
-143.25930549503846
-172.9356470674557
-154.18417942077468
-104.98796699979856
-307.54454971314897
-248.1707721613962
-151.70981913274107
-146.38055733535413
-287.1424122260372
-205.11054640275216
-100.73565508298873
-292.8785735078953
-110.70730961780396
-202.98505230900403
-138.01886482821055
-163.36477985547543
-125.0126190975306
-124.44289821458909
-161.92891834139408
-219.27797003850506
-195.02603280766044
-110.67439861411285
-85.27976094291216
-128.290091234972
-123.13541593771039
-106.43380467906724
-137.04312906265994
-155.57583801103152
-102.06245324842386
-195.70053546217576
-121.79623876540617
-176.99266782537785
-155.67415256056694
-110.41637847650321
-84.69508699813473
-110.94601271829845
-98.17534787100747
-187.14082115434002
-102.18318950022481
-164.33858501649624
-102.31543765073714
-140.66235046228422
-89.15938454728055
-133.56180472716608
-88.53589120111337
-137.5956145015146
-96.54242691843294
-195.28114054648478
-191.9085110477667
-124.02710350673432
-103.2771409145795
-194.88284321380985
-126.73000481863494
-87.97267789160972
-185.60680434802146
-69.7773896090676
-177.84363623354923
-93.9574996153902
-176.98823027207933
-198.8962240856838
-113.3773191996423
-126.87453319218963
-79.21133862813024
-157.94582799470962
-190.3006758664428
-197.09091725206196
-295.61813581962645
-25.41812000991804
-195.7733257449464
-143.8123145826738
-148.78533337739916
-205.68970087073097
-76.59870517939875
-108.24269493160045
-133.37982508570468
-178.23009355073205
-122.1508522201837
-73.9726814972183
-415.13294465265403
-168.12282455135016
-113.86593498041124
-180.55296406729263
-183.06222704844663
-353.4199550462404
-32.94060224543237
-303.4898143882532
-277.2877285029266
-258.3150352993814
-179.16583663466275
-356.367472163479
-49.66581404004567
-272.276940663116
-132.8939611138181
-169.10386736230507
-41.99285999946034
-265.44590318041736
-199.9736984751416
-110.9407068168108
-91.54717213339273
-84.81056263244037
-238.90623765260375
-189.42980355348885
-236.94991648451185
-305.3437436533294
-251.41883974685732
-316.2428362571156
-235.97450951812598
-342.34670532687244
-254.31943392717753
-80.8796629950375
-211.77527741749225
-73.66019305385578
-89.01876494802006
-107.20253572730329
-181.26535539088346
-68.4023701459032
-152.30379459582363
-188.60548331932353
-82.60935630985976
-105.86681239645812
-290.8062311003911
-107.87959718573882
-186.9692377463213
-140.17971038087992
-232.14927148440825
-90.94051423514229
-220.7239782791569
-80.32838680742155
-241.10834563377944
-83.6293359122275
-464.84939631175246
-289.80321654048913
-158.16228438889686
-234.65736829994682
-204.84349005438617
-213.33938484243117
-85.41390001977763
-317.6756433305077
-57.09374649810805
-238.73177621667446
-235.80954709549292
-208.20008930326915
-190.9028807718461
-225.59489878223286
-38.799219588075665
-245.4789343209183
-77.05126716154386
-88.87026064242228
-161.1787185949488
-61.19961448092287
-175.94718289264128
-98.1389224664477
-95.48578679690576
-226.5805172103601
-195.69889983435644
-172.1010648606766
-70.12465686242005
-165.73883444153574
-71.58536603506337
-108.74645499403798
-77.1125379836777
-252.054840634747
-214.757110654372
-48.31513765651938
-216.62642478459622
-161.80714343863474
-182.10935001620493
-251.02853015862019
-191.97503916945013
-339.1958614430323
-140.01662481338317
-196.30326009708847
-104.92815040706255
-133.36437372729063
-539.5798983809523
-433.140258115961
-81.85633989396365
-331.2231370641158
-126.99577508970171
-223.15252758755852
-165.19001845005613
-158.60715451148477
-133.95637273620432
-308.3337002022167
-170.28699014358227
-156.48415791543593
-68.78255192836001
-269.19914878875306
-206.12928119210045
-136.1744736873281
-85.2328442448621
-100.4275372469678
-264.477578639472
-182.40515537341213
-202.0097717969235
-77.34349559126736
-114.40444759505974
-184.72326265921177
-110.2211184546315
-189.93771771446183
-154.36332393772773
-225.01419014320635
-130.41396918566167
-227.54022290062818
-77.15733932089093
-189.85526738116738
-270.73598827710083
-158.25023918126135
-144.40241757931167
-119.34930164888968
-293.65156830779785
-124.3192837954634
-70.43652341105863
-83.65601750930688
-224.9536518829609
-106.69907240996531
-48.642652972424656
-117.24371595075434
-79.49289278130122
-154.57105189012935
-227.26862590154008
-128.2888697355982
-190.58271762517717
-69.80495243687653
-251.15511949543495
-113.05787762353827
-180.41392658426201
-298.46139835486446
-144.20837386743807
-127.21613963340708
-79.7889289017742
-78.80415350212986
-98.11828079530594
-395.71539356007304
-179.5842223484209
-132.32754877688524
-75.56849485024749
-81.34809798830648
-206.74233741008368
-197.19436588227936
-172.02516065819975
-135.46166496544106
-173.2688983226321
-99.15538957012069
-147.97841672498936
-115.7337366946289
-67.13330338149174
-159.62550849457804
-97.32189029630658
-407.0631627753851
-21.27561219873546
-112.38210015925651
-243.87917454914748
-97.79378180272059
-381.62551533007615
-235.98905298351326
-72.6017816926228
-49.90599435719897
-154.69773996861682
-268.44730549618373
-233.42907547331336
-33.521324922855314
-68.83305870690087
-299.0270861193486
-166.82592750688244
-163.05552967686546
-156.1937995659525
-142.10702350891432
-253.9465355624621
-77.05416097946436
-105.60138036677911
-131.66987357462813
-11.099477756081018
-199.10385525718266
-265.502944938048
-92.03719607207863
-120.9573620550218
-95.84682103319454
-281.5615417832577
-338.5649770666305
-256.82674479881564
-356.0557769119069
-159.24627897867197
-185.2181750534765
-72.73169058590666
-162.66688664660853
-93.61175316271823
-193.78082575621548
-77.54804382423944
-205.94696548410104
-110.77323306843397
-122.91795407687962
-66.2456647880322
-186.8682209821422
-69.92367540466434
-173.52888953393102
-49.66891576849232
-174.89574068015156
-182.40738582587562
-118.65386243607195
-103.62286214784638
-261.69925348320317
-258.30606023306575
-69.48108717334038
-151.6103802547811
-108.61144632692303
-81.36542150981641
-87.97799122437414
-90.84960624215923
-218.17327283301987
-114.60091902003566
-87.20182626269005
-99.41951818152202
-49.20880632861252
-68.5787860075645
-152.19339607770348
-245.39764124079426
-128.88104122348147
-247.62878092384435
-246.77101198459908
-218.87658424291388
-353.3224914381867
-121.43417114807798
-143.74069559928876
-174.22643914088644
-72.43175558955778
-139.66536981930358
-254.20718875676846
-30.302445073556317
-89.74372547673593
-134.94601575148434
-353.9951169748799
-119.90123646051995
-42.97870821860764
-148.49054447331133
-98.9132353763868
-65.04778817397369
-188.84663261395775
-193.61478697287058
-89.21275259954999
-298.20937819126846
-62.45150949563405
-90.22049984258692
-153.09238410083248
-335.47929971098085
-287.84820848287757
-67.99783226288517
-231.54800404974515
-122.80666702793633
-146.08827954049158
-103.11395766790845
-123.80666947005426
-86.0679680216438
-104.67305149314754
-146.8349405304228
-87.63787751741079
-141.5310389189394
-193.93617476412788
-225.79044526934825
-164.40728228633208
-254.26813505091232
-184.3696316170063
-142.3891248996476
-143.369251057597
-86.19374547959902
-89.93871082385793
-162.125730089885
-133.70120837985675
-60.251282425297575
-101.94325891107411
-168.64644660574342
-176.94861222869582
-170.40707592901651
-80.37631929481857
-273.8417648690302
-270.05421473576615
-147.3755496400905
-100.39232544060752
-135.49203183177056
-87.136174223397
-80.3363487934914
-153.24372223861303
-48.098714325616044
-184.13444331619718
-65.52085307798286
-230.44605012440502
-103.38886508074602
-179.9376478619019
-121.91025391557287
-162.17486434570148
-85.31841154356732
-190.06927808465758
-187.8085711786667
-235.2142232703927
-58.906301780729514
-227.41139029004063
-277.66474609952706
2.717381109015255
-90.78197248970602
-55.89641406284988
-178.6682834526125
-132.1864474438768
-116.04846737090425
-247.92861428075207
-162.1273333343089
-138.25901208102476
-67.47649267743232
-96.69783240971171
-132.6325293855322
-128.3214215677789
-67.70248661470777
-68.20535224970664
-56.236873892586374
-42.29432970483379
-60.60796147233183
-332.3887188960626
-101.10702902652378
-234.304078266286
23.638828952588714
-244.99126686588798
-176.6595041261835
-235.98724515820413
-102.41068662175564
-234.87012347238561
-162.7657276135537
-163.93561700791716
-85.86553994897548
-61.245646638447965
-62.07228633855623
-110.47411666428849
-136.11358160881568
-75.8609602298569
-135.38714580617918
-90.59366320613866
-200.1657310292765
-296.2839008285289
-179.4330430314776
-130.15733756787748
-168.9737018905671
-154.77923960204893
-133.58386003266585
-66.93574873417455
-174.08076562374944
-21.10911920297613
-125.13905540087963
-69.94689325481754
-167.76928262773208
-35.703967118705016
-120.06226671571973
-136.5283146610881
-28.117562059154476
-243.73647127562407
-209.1393053053423
-116.54688419510418
-18.77281738666684
-133.4565776678876
-207.14572922519696
-101.65306779775293
-159.99402289522658
-139.45084331304884
-136.18910307449278
-135.64488681786514
-162.28665933476265
-88.01195203647515
-115.20920910694241
-113.51095360303933
-97.76048023884782
-20.473424290685806
-142.14033925000632
-86.13028580071915
-32.37047149143086
26.093150521177744
-87.70105722161404
-37.07972749552087
-180.66541093081293
-4.982398711548212
-181.60495958928198
-53.822537065638954
-486.40115544179287
-656.12141011794
-1023.9106380382955
-530.6124195661291
-545.1939440601789
-1192.1975509798008
-1086.7806580359672
-764.9671465213161
-974.0740845598311
-874.5790604143733
-671.9697254649501
-837.1680196593823
-1089.016406935886
-846.0513480236609
-505.29632102804123
-1132.2291857187056
-641.8706334663352
-838.4130206434758
-837.9048642762539
-784.3380084710714
-844.9532560770961
-809.9478741624507
-562.2854806673342
-765.6645115702876
-954.6084251278364
-563.3041934474561
-692.3362557907672
-931.3750242690226
-615.9044045817768
-884.2723328038003
-509.96546304503534
-784.5727117099348
-633.9487945732867
-709.8908110817251
-396.511417514689
-1057.698966706071
-574.2300937285086
-1008.6147272309047
-733.0713157622629
-572.3832645007664
-1020.2291329113204
-606.6029951798689
-629.0683422959175
-1037.0448011021094
-789.3335331965295
-1002.1728064303163
-1189.812818029228
-1235.4883651836888
-809.4774370506884
-556.9909943625344
-762.2868248582893
-416.1245477588331
-1093.3252143873465
-947.0224614682966
-894.6660945007543
-1133.4302659174534
-512.6422728165819
-660.0585321396069
-1045.4332284247557
-633.2961364283964
-1366.5415106082578
-1301.4152319889565
-778.4079988568394
-953.9935002028544
-686.3754054739077
-973.2726374349879
-660.1545577380375
-552.0111102898429
-554.1067071074035
-1042.5452060468258
-1050.8838898541735
-456.5290255598212
-752.4053985128121
-653.9143694116647
-1481.4467584640897
-537.2029811434006
-667.8263358259479
-548.3119621063433
-1712.294600335717
-744.2644944262904
-719.7371853087984
-746.6763841016846
-590.9335152363276
-869.5145565593805
-486.72704047973025
-516.6690963288709
-593.8908422927207
-727.4284172158088
-909.3169595673126
-496.9838487781583
-532.3506483954218
-544.1423014206935
-1095.3482935661157
-491.04157826399893
-888.7116745559356
-614.0831918242068
-526.0647253632021
-598.5849943539699
-567.8355985266587
-935.0432474343862
-666.0202810347195
-503.7601177670764
-1823.2541997674102
-1390.5224207800125
-690.3440548360643
-890.0766206952115
-755.1859222924438
-661.4587489213573
-735.8397840833237
-572.5518168415335
-733.6840412490753
-495.3770359928979
-587.134416357854
-684.869669783456
-666.974108473765
-676.2401147690666
-640.8716687794796
-562.2612012550239
-826.5375526276314
-591.1475035369147
-678.7518231897275
-436.55256938011934
-493.7869190880954
-1436.4756238676118
-528.1582247768401
-779.353375624808
-656.2604809396953
-761.0874822287367
-567.1189898873724
-487.57109830403164
-1276.2931103836154
-526.9416150970619
-1858.2849723004774
-569.9983916423665
-745.4751154205899
-837.4556406183351
-1173.0607763507944
-911.4258488431457
-1399.8571083838146
-668.958217787153
-499.84737114109555
-511.070890357367
-518.3051151769216
-659.937536317557
-1156.6790115966764
-864.2334261765443
-974.8301398545036
-748.6970689158327
-691.2282696221517
-889.3581432580942
-510.5710410894152
-804.5222124246889
-2038.845895261234
-909.7361419152561
-843.1464270036615
-642.1685061844605
-568.3911114104187
-586.2519534875786
-547.5720894621066
-437.4060389422526
-639.3652096886749
-687.0180667024479
-766.3072326992987
-1095.1372704422006
-947.5745638064698
-802.2832290684229
-624.4339618517265
-568.8502879717826
-615.7574391807004
-712.439290982486
-698.3775814073015
-519.4986714960745
-2945.7993275554672
-877.2931566543346
-545.4636110295767
-533.4324875096427
-773.903560601941
-983.6973496003168
-540.404842067809
-726.2266264239372
-550.5701093830169
-1494.8403639513908
-620.3732620013722
-600.1246932923251
-602.6098440513475
-1951.5332551702327
-729.1389252344093
-555.4538218404296
-494.19867449260727
-563.4262726522129
-562.4585097765092
-680.9062679620046
-451.6912078633547
-813.9078556423959
-522.9247948788324
-2262.5049259490024
-617.6958320959279
-1128.1064978945633
-579.4174059788727
-504.9651595812394
-566.6876571005986
-419.59545897206567
-592.7080807586012
-621.3908806745568
-547.3263050856277
-470.3320557617534
-527.2844528880656
-409.24116373066795
-535.6714904732515
-599.7502776353565
-442.20399556133594
-599.406089868455
-424.08339896179166
-615.2496540343088
-543.1164101978164
-528.7129598770553
-588.0875597678513
-525.8091475867725
-659.8604814848682
-637.4498039042991
-657.3363585064556
-618.1458943671641
-672.8956938310897
-683.2201511360902
-560.8925594280622
-561.6120861123081
-680.7107484076472
-548.3274424865797
-481.6734815423874
-652.5676294564405
-552.5499383373171
-602.9725830882537
-667.47919635221
-488.42628118695586
-529.4259569412973
-610.3115050419351
-584.3756070684522
-657.4977475213516
-677.3419052245376
-488.8966660635724
-482.0041577550765
-564.9944721735061
-527.5252090909261
-649.4522838057071
-621.7253093005884
-587.8913710459718
-679.8158243690424
-726.607887821468
-614.5832828572395
-547.4117770209967
-550.5270849705105
-660.2717109038172
-557.0209857676848
-441.2427252300443
-557.5999381316587
-556.3721517054641
-534.3977483299985
-632.3300861221286
-658.0861090305572
-430.8988784354668
-543.2423394783746
-548.3107257088367
-514.4350715479261
-638.9031308411741
-575.1370174108971
-428.64256292407424
-459.12465574793856
-533.1984267278498
-676.9483981984295
-636.486123519956
-630.7251669000225
-613.4333537907698
-504.4706671571311
-537.1979421285814
-486.3684673623866
-336.74794770845216
-479.815582892567
-601.617551879119
-588.0850247111478
-499.3293806039279
-555.1005447734537
-596.5348776448031
-540.5699129448768
-510.4599126342053
-527.4609002746388
-540.2770906295816
-194.02509858845423
-399.01266309697905
-368.7175689205375
-79.68462225369468
-222.65468529277473
-300.16784940612837
-206.40577377880544
-421.34392414642394
-23.78057482325955
-465.9591024749994
-493.29608968247777
-348.74940463306234
-401.72460374822356
-218.04725725763484
-347.1409530421916
-172.70693997112784
-375.1683839714947
-230.37784372086898
-385.81163646860324
-212.64726388954813
-320.8407838328147
-256.5070287390457
-214.18361221789448
-270.02440776746073
-281.70048792722076
-157.37427173640037
-278.2965407924256
-128.78278237324656
-365.65256792349635
-339.8419040731563
-186.29885934631628
-82.85225117567094
-334.44575019779353
-161.59295042634272
-217.7592225456736
-394.1051547522782
-174.65661331517694
-112.86986796445929
-247.23426186368445
-125.28772251237396
-539.2126251273755
-351.9480467542966
-130.49412703529174
-261.82422632593557
-181.20708327333818
-163.26780877020255
-327.58200004418484
-213.9968046164635
-196.15772535065545
-110.62167074146441
-308.78846155034387
-172.6331845287711
-335.113306909822
-249.5023828828179
-165.08176955283759
-221.65278051110363
-203.51164083991603
-127.45799822533881
-137.19190229165503
-150.40989565254125
-123.19717112373701
-107.26176765642377
-137.0991616861184
-129.7113027010874
-176.42708681125538
-222.68074275150192
-129.22556515100527
-180.24774556866612
-137.24168974463984
-128.6960621090555
-150.48471093466614
-122.42724274755366
-178.77931536377548
-102.73959350022399
-240.01167541435188
-120.26558443017987
-286.39061002966474
-131.6026895550592
-94.85608588042848
-121.47546945801272
-168.8171085882651
-143.56629895451223
-127.32976688443304
-327.3938461659292
-202.80800241407297
-280.15672853345467
-219.53333288380713
-36.75343169992214
-128.44559467436912
-161.17397541565566
-78.62200780246812
-156.60362325784774
-144.95162680188776
-266.14046016542846
-189.1443792809878
-334.6281556130588
-224.00276961769023
-117.87826030458837
-114.24344861786803
-257.2292048894921
-201.5193974906469
-101.26093157225023
-220.75683711448448
-132.17134205259276
-97.51939583871695
-194.0827160658726
-121.76864401508627
-355.3041133901525
-144.9892765418569
-51.3184509758002
-88.76058606441016
-111.43667784730589
-89.02156625851207
-112.8309878550003
