16.0
14.0
13.0
19.0
52.0
64.0
75.0
95.0
53.0
53.0
73.0
34.0
74.0
121.0
43.0
88.0
46.0
108.0
77.0
111.0
27.0
33.0
55.0
44.0
43.0
52.0
46.0
41.0
119.0
122.0
122.0
142.0
38.0
213.0
210.0
209.0
223.0
231.0
219.0
124.0
20.0
303.0
369.0
500.0
500.0
219.0
170.0
22.0
211.0
48.0
60.0
12.0
11.0
9.0
11.0
9.0
10.0
9.0
10.0
11.0
10.0
9.0
10.0
9.0
8.0
10.0
9.0
10.0
9.0
9.0
9.0
10.0
11.0
9.0
9.0
10.0
10.0
11.0
9.0
12.0
8.0
12.0
11.0
12.0
8.0
13.0
11.0
9.0
11.0
9.0
9.0
12.0
10.0
9.0
9.0
9.0
11.0
14.0
13.0
14.0
58.0
500.0
28.0
12.0
11.0
10.0
10.0
9.0
11.0
8.0
11.0
8.0
10.0
11.0
10.0
10.0
11.0
11.0
10.0
10.0
10.0
10.0
10.0
9.0
10.0
10.0
9.0
10.0
10.0
10.0
10.0
8.0
11.0
10.0
11.0
11.0
8.0
9.0
11.0
8.0
9.0
10.0
9.0
10.0
10.0
10.0
10.0
8.0
9.0
9.0
10.0
12.0
11.0
9.0
9.0
11.0
8.0
11.0
9.0
9.0
11.0
10.0
10.0
8.0
11.0
10.0
11.0
9.0
15.0
15.0
13.0
17.0
62.0
206.0
18.0
11.0
14.0
10.0
9.0
11.0
9.0
10.0
9.0
10.0
9.0
10.0
8.0
11.0
10.0
10.0
8.0
10.0
9.0
10.0
8.0
10.0
10.0
9.0
10.0
10.0
