36.0
46.0
20.0
13.0
36.0
45.0
28.0
77.0
33.0
105.0
11.0
47.0
68.0
113.0
110.0
47.0
112.0
24.0
190.0
38.0
65.0
186.0
196.0
25.0
52.0
108.0
96.0
196.0
192.0
127.0
269.0
135.0
95.0
64.0
183.0
45.0
176.0
52.0
153.0
140.0
54.0
310.0
74.0
404.0
274.0
242.0
157.0
129.0
325.0
24.0
133.0
47.0
153.0
189.0
470.0
31.0
244.0
135.0
209.0
142.0
367.0
132.0
437.0
295.0
47.0
167.0
48.0
159.0
112.0
18.0
188.0
310.0
211.0
352.0
102.0
234.0
79.0
95.0
174.0
87.0
84.0
81.0
115.0
139.0
156.0
222.0
122.0
70.0
108.0
149.0
12.0
23.0
27.0
186.0
267.0
355.0
275.0
139.0
61.0
51.0
54.0
48.0
101.0
134.0
88.0
99.0
50.0
42.0
20.0
67.0
272.0
111.0
65.0
23.0
47.0
120.0
15.0
15.0
43.0
16.0
15.0
110.0
27.0
19.0
19.0
15.0
15.0
20.0
10.0
11.0
12.0
10.0
17.0
13.0
9.0
10.0
17.0
11.0
16.0
11.0
14.0
14.0
12.0
9.0
9.0
9.0
12.0
10.0
11.0
8.0
9.0
10.0
12.0
10.0
10.0
10.0
12.0
10.0
10.0
11.0
9.0
10.0
10.0
10.0
10.0
9.0
10.0
10.0
8.0
9.0
10.0
11.0
9.0
10.0
10.0
9.0
9.0
10.0
10.0
10.0
14.0
11.0
10.0
12.0
20.0
86.0
54.0
24.0
19.0
16.0
16.0
15.0
15.0
12.0
9.0
9.0
11.0
10.0
10.0
11.0
