13.0
16.0
15.0
19.0
66.0
13.0
27.0
14.0
16.0
10.0
11.0
18.0
19.0
24.0
29.0
23.0
10.0
21.0
13.0
23.0
9.0
37.0
23.0
12.0
45.0
11.0
13.0
8.0
17.0
17.0
15.0
18.0
18.0
9.0
41.0
20.0
27.0
12.0
21.0
10.0
10.0
20.0
34.0
18.0
12.0
20.0
19.0
9.0
18.0
11.0
37.0
19.0
12.0
18.0
23.0
9.0
10.0
30.0
19.0
10.0
29.0
39.0
28.0
55.0
12.0
43.0
22.0
40.0
17.0
39.0
25.0
16.0
31.0
25.0
27.0
24.0
14.0
11.0
22.0
24.0
23.0
9.0
17.0
52.0
22.0
14.0
19.0
19.0
19.0
12.0
42.0
11.0
17.0
80.0
11.0
37.0
48.0
12.0
28.0
14.0
18.0
19.0
28.0
35.0
11.0
17.0
14.0
31.0
25.0
51.0
39.0
20.0
23.0
25.0
21.0
47.0
30.0
27.0
45.0
20.0
16.0
29.0
43.0
33.0
20.0
14.0
21.0
23.0
25.0
50.0
20.0
45.0
90.0
21.0
15.0
44.0
27.0
33.0
40.0
14.0
35.0
15.0
32.0
18.0
77.0
48.0
44.0
49.0
30.0
18.0
39.0
19.0
47.0
30.0
60.0
35.0
53.0
103.0
32.0
62.0
37.0
23.0
26.0
42.0
54.0
44.0
44.0
61.0
57.0
21.0
30.0
27.0
13.0
30.0
41.0
30.0
62.0
23.0
24.0
37.0
46.0
18.0
45.0
32.0
18.0
19.0
28.0
56.0
17.0
36.0
28.0
51.0
29.0
33.0
43.0
37.0
33.0
45.0
100.0
67.0
44.0
95.0
81.0
27.0
26.0
15.0
87.0
