50.0
16.0
11.0
10.0
13.0
10.0
10.0
10.0
9.0
9.0
9.0
9.0
8.0
8.0
9.0
9.0
10.0
10.0
9.0
8.0
8.0
10.0
10.0
9.0
9.0
10.0
10.0
10.0
11.0
9.0
9.0
8.0
9.0
9.0
9.0
10.0
9.0
10.0
9.0
9.0
10.0
10.0
10.0
9.0
9.0
10.0
10.0
9.0
9.0
10.0
9.0
9.0
8.0
8.0
8.0
9.0
10.0
9.0
10.0
8.0
9.0
9.0
10.0
10.0
10.0
9.0
9.0
10.0
9.0
10.0
10.0
10.0
10.0
9.0
11.0
10.0
9.0
10.0
9.0
9.0
10.0
10.0
9.0
10.0
10.0
9.0
9.0
8.0
10.0
10.0
9.0
9.0
9.0
10.0
10.0
9.0
9.0
10.0
9.0
10.0
10.0
10.0
9.0
10.0
9.0
8.0
10.0
9.0
10.0
9.0
9.0
9.0
9.0
10.0
10.0
10.0
10.0
8.0
9.0
9.0
9.0
8.0
23.0
20.0
22.0
17.0
11.0
19.0
19.0
16.0
15.0
26.0
21.0
13.0
17.0
13.0
12.0
36.0
15.0
11.0
10.0
10.0
12.0
8.0
9.0
10.0
10.0
11.0
10.0
9.0
8.0
10.0
10.0
10.0
9.0
9.0
9.0
8.0
11.0
10.0
9.0
9.0
9.0
10.0
9.0
10.0
10.0
10.0
9.0
10.0
10.0
9.0
12.0
9.0
10.0
9.0
9.0
10.0
9.0
9.0
9.0
9.0
9.0
10.0
9.0
9.0
9.0
10.0
9.0
10.0
9.0
10.0
10.0
9.0
9.0
10.0
10.0
10.0
9.0
8.0
