12.0
15.0
14.0
22.0
17.0
17.0
23.0
102.0
72.0
74.0
66.0
59.0
78.0
81.0
47.0
37.0
38.0
119.0
42.0
138.0
304.0
90.0
234.0
30.0
187.0
23.0
32.0
57.0
33.0
224.0
105.0
289.0
269.0
198.0
287.0
318.0
238.0
278.0
189.0
113.0
298.0
302.0
372.0
302.0
261.0
241.0
323.0
345.0
363.0
328.0
275.0
367.0
423.0
345.0
359.0
409.0
357.0
500.0
112.0
500.0
500.0
339.0
287.0
16.0
12.0
17.0
21.0
12.0
13.0
12.0
10.0
12.0
11.0
10.0
11.0
11.0
10.0
11.0
10.0
11.0
11.0
10.0
11.0
10.0
10.0
10.0
10.0
8.0
10.0
10.0
9.0
9.0
8.0
9.0
9.0
10.0
9.0
11.0
10.0
9.0
10.0
10.0
9.0
10.0
9.0
9.0
9.0
11.0
10.0
10.0
10.0
10.0
10.0
9.0
9.0
8.0
10.0
11.0
9.0
11.0
10.0
10.0
10.0
8.0
10.0
12.0
8.0
12.0
10.0
14.0
14.0
36.0
61.0
15.0
21.0
10.0
15.0
17.0
14.0
11.0
13.0
11.0
16.0
11.0
12.0
11.0
10.0
10.0
9.0
10.0
12.0
10.0
11.0
10.0
10.0
9.0
9.0
9.0
12.0
10.0
10.0
11.0
9.0
10.0
9.0
10.0
9.0
9.0
10.0
9.0
8.0
10.0
10.0
9.0
9.0
10.0
9.0
11.0
10.0
11.0
9.0
9.0
11.0
11.0
10.0
10.0
10.0
10.0
10.0
11.0
9.0
9.0
10.0
8.0
11.0
10.0
11.0
10.0
9.0
11.0
