15.0
33.0
64.0
19.0
9.0
20.0
15.0
15.0
49.0
32.0
101.0
23.0
21.0
46.0
29.0
24.0
14.0
26.0
39.0
20.0
43.0
43.0
49.0
37.0
49.0
79.0
98.0
75.0
112.0
65.0
64.0
46.0
22.0
32.0
28.0
22.0
16.0
18.0
14.0
63.0
14.0
19.0
12.0
17.0
18.0
26.0
41.0
143.0
17.0
47.0
43.0
95.0
125.0
111.0
86.0
115.0
265.0
103.0
69.0
170.0
29.0
27.0
12.0
13.0
18.0
21.0
27.0
16.0
11.0
19.0
22.0
12.0
17.0
9.0
11.0
13.0
15.0
12.0
10.0
10.0
13.0
8.0
8.0
12.0
11.0
12.0
10.0
17.0
14.0
12.0
11.0
15.0
14.0
19.0
24.0
20.0
30.0
97.0
125.0
17.0
17.0
39.0
20.0
22.0
19.0
17.0
15.0
26.0
16.0
14.0
21.0
31.0
15.0
15.0
18.0
19.0
13.0
14.0
16.0
12.0
14.0
15.0
10.0
15.0
14.0
23.0
14.0
14.0
16.0
11.0
12.0
15.0
19.0
10.0
16.0
15.0
15.0
10.0
16.0
12.0
17.0
27.0
15.0
20.0
21.0
20.0
31.0
18.0
71.0
68.0
122.0
47.0
79.0
23.0
68.0
72.0
170.0
115.0
87.0
76.0
25.0
12.0
14.0
15.0
16.0
13.0
13.0
20.0
10.0
13.0
30.0
64.0
44.0
25.0
46.0
108.0
97.0
30.0
34.0
9.0
27.0
11.0
18.0
21.0
13.0
11.0
9.0
12.0
14.0
13.0
20.0
21.0
13.0
32.0
20.0
26.0
9.0
22.0
13.0
29.0
