13.500000000000004
29.999999999999986
27.000000000000007
15.500000000000002
30.500000000000007
38.0
49.49999999999999
78.5
140.0
98.99999999999999
113.99999999999999
161.49999999999994
110.49999999999999
89.5
138.0
126.0
113.99999999999999
83.0
209.99999999999997
306.5
156.99999999999997
312.0
143.5
156.99999999999994
323.0
380.0
363.0
329.0
394.5
280.5
340.99999999999994
442.0
141.99999999999997
323.50000000000006
302.5
344.9999999999999
434.0
458.5
164.5
287.5
343.0
500.0
500.0
500.0
500.0
368.0
500.0
500.0
500.0
500.0
500.0
500.0
500.0
258.0
500.0
500.0
500.0
500.0
500.0
500.0
481.0
212.0
343.5
500.0
500.0
241.99999999999994
323.5
212.0
339.5
442.5
500.0
500.0
500.0
102.99999999999997
199.5
273.5
320.0
347.5
420.5
388.0
489.5
500.0
500.0
143.5
500.0
500.0
500.0
356.0
500.0
500.0
500.0
500.0
426.0
411.0
459.0
500.0
500.0
500.0
500.0
500.0
500.0
500.0
500.0
500.0
500.0
500.0
500.0
500.0
500.0
500.0
500.0
416.99999999999994
500.0
500.0
500.0
500.0
500.0
500.0
500.0
430.5
500.0
500.0
500.0
477.5
500.0
500.0
500.0
500.0
500.0
500.0
500.0
500.0
500.0
500.0
137.0
500.0
500.0
500.0
500.0
500.0
500.0
500.0
500.0
500.0
500.0
500.0
500.0
500.0
500.0
500.0
500.0
316.5
500.0
464.0
500.0
458.0
500.0
500.0
500.0
500.0
500.0
500.0
500.0
500.0
500.0
500.0
500.0
258.0
500.0
500.0
500.0
500.0
500.0
220.5
231.5
301.0
500.0
500.0
500.0
500.0
268.5
500.0
494.00000000000006
212.99999999999997
367.5
20.500000000000004
114.49999999999997
489.0
500.0
500.0
500.0
500.0
500.0
500.0
500.0
500.0
500.0
405.0
500.0
500.0
500.0
500.0
500.0
500.0
500.0
500.0
500.0
500.0
500.0
500.0
500.0
26.000000000000007
77.5
392.0
265.5
267.0
266.5
402.0
111.5
96.49999999999999
500.0
500.0
357.5
255.0
500.0
500.0
500.0
10.5
24.5
58.5
14.000000000000004
80.49999999999999
82.49999999999999
209.5
259.5
500.0
273.0
500.0
500.0
500.0
259.5
500.0
286.5
500.0
500.0
500.0
26.0
484.5
393.0
500.0
500.0
140.0
163.0
442.5
48.499999999999986
500.0
500.0
500.0
500.0
500.0
500.0
500.0
500.0
126.99999999999999
119.99999999999999
500.0
500.0
158.5
106.99999999999999
321.5
500.0
500.0
500.0
350.0
256.0
425.0
282.99999999999994
262.0
500.0
410.0
500.0
414.5
500.0
500.0
500.0
478.5
500.0
500.0
500.0
500.0
500.0
11.0
29.499999999999993
38.999999999999986
74.5
59.99999999999999
18.000000000000007
48.99999999999998
114.0
360.0
500.0
88.99999999999999
200.5
131.49999999999997
341.0
339.5
500.0
500.0
311.99999999999994
282.0
500.0
500.0
500.0
500.0
416.0
440.5
500.0
500.0
500.0
500.0
500.0
500.0
500.0
500.0
500.0
20.0
34.5
126.49999999999999
275.50000000000006
103.99999999999999
500.0
268.5
376.0
500.0
500.0
500.0
255.5
500.0
500.0
424.49999999999994
500.0
500.0
500.0
500.0
500.0
500.0
500.0
500.0
469.5
500.0
500.0
17.500000000000007
156.0
303.0
125.99999999999997
252.49999999999994
208.5
500.0
500.0
281.5
500.0
500.0
500.0
500.0
500.0
500.0
500.0
500.0
500.0
500.0
500.0
500.0
500.0
500.0
383.0
351.0
500.0
500.0
405.5
500.0
500.0
500.0
500.0
500.0
500.0
314.5
500.0
500.0
392.0
500.0
500.0
500.0
365.0
500.0
500.0
500.0
500.0
500.0
500.0
500.0
500.0
500.0
500.0
500.0
318.5
145.49999999999997
500.0
500.0
286.5
500.0
500.0
43.5
500.0
340.0
500.0
500.0
500.0
158.0
343.0
423.5
251.99999999999994
280.0
312.49999999999994
156.49999999999997
291.99999999999994
347.9999999999999
175.99999999999994
397.0
423.0
492.0
478.5
500.0
151.5
159.0
167.49999999999997
338.0
339.0
325.5
500.0
342.5
157.99999999999997
500.0
500.0
500.0
86.5
10.5
79.99999999999999
12.500000000000002
171.49999999999997
113.49999999999999
212.5
236.5
248.5
260.0
242.5
422.5
500.0
500.0
257.0
500.0
500.0
355.5
500.0
500.0
500.0
500.0
256.0
9.0
11.5
14.500000000000002
11.5
500.0
500.0
500.0
12.500000000000002
22.500000000000007
48.49999999999999
124.0
232.5
280.0
257.0
420.0
500.0
500.0
500.0
500.0
500.0
384.5
11.5
63.999999999999986
308.5
500.0
500.0
500.0
500.0
500.0
500.0
318.0
500.0
500.0
500.0
500.0
493.5
500.0
186.0
107.5
500.0
193.49999999999997
233.49999999999994
500.0
500.0
500.0
278.0
337.0
500.0
500.0
500.0
500.0
500.0
500.0
500.0
500.0
500.0
327.0
500.0
500.0
229.99999999999994
500.0
313.0
276.5
39.49999999999999
500.0
500.0
130.5
500.0
22.000000000000007
73.49999999999997
127.49999999999997
76.49999999999999
88.99999999999997
500.0
500.0
290.5
500.0
500.0
500.0
500.0
305.0
500.0
500.0
463.0
500.0
10.0
46.999999999999986
106.49999999999997
500.0
500.0
500.0
500.0
500.0
500.0
500.0
500.0
500.0
500.0
367.5
500.0
500.0
500.0
500.0
500.0
500.0
500.0
500.0
500.0
196.99999999999997
298.5
484.5
500.0
500.0
256.5
500.0
500.0
500.0
500.0
260.0
313.5
292.5
68.0
298.0
500.0
500.0
243.49999999999997
267.5
500.0
500.0
292.0
44.499999999999986
500.0
46.499999999999986
127.99999999999996
500.0
256.5
500.0
500.0
500.0
500.0
345.0
500.0
258.0
500.0
500.0
500.0
248.00000000000006
500.0
15.500000000000004
30.99999999999999
77.49999999999997
76.0
145.0
494.00000000000006
500.0
500.0
500.0
288.0
62.999999999999986
262.5
333.0
500.0
500.0
287.0
376.0
500.0
500.0
500.0
500.0
500.0
500.0
500.0
500.0
500.0
500.0
287.5
105.0
416.99999999999994
377.0
500.0
500.0
500.0
500.0
500.0
500.0
500.0
500.0
500.0
500.0
500.0
500.0
460.0
500.0
500.0
500.0
500.0
500.0
500.0
500.0
500.0
500.0
500.0
500.0
500.0
500.0
500.0
500.0
500.0
500.0
379.0
500.0
500.0
500.0
500.0
468.0
500.0
500.0
500.0
500.0
500.0
500.0
500.0
92.49999999999999
88.49999999999997
333.0
500.0
500.0
500.0
500.0
500.0
500.0
262.0
500.0
500.0
103.99999999999999
430.0
491.0
500.0
500.0
293.5
500.0
280.0
273.5
448.5
500.0
16.000000000000004
500.0
500.0
199.0
500.0
61.0
125.00000000000003
424.49999999999994
297.5
500.0
500.0
500.0
96.5
479.0
500.0
500.0
500.0
500.0
500.0
402.0
500.0
500.0
58.499999999999986
500.0
500.0
101.0
186.49999999999997
409.0
240.5
500.0
248.0
311.49999999999994
337.0
500.0
500.0
422.5
500.0
500.0
500.0
500.0
500.0
500.0
500.0
500.0
500.0
500.0
449.49999999999994
500.0
500.0
116.49999999999997
407.5
376.5
500.0
500.0
500.0
498.5
500.0
500.0
500.0
500.0
74.99999999999999
256.0
500.0
500.0
255.0
500.0
500.0
342.0
360.0
500.0
500.0
500.0
500.0
500.0
500.0
500.0
104.99999999999997
500.0
256.5
275.0
47.999999999999986
43.499999999999986
79.49999999999999
500.0
500.0
500.0
500.0
26.5
66.49999999999999
117.49999999999997
51.999999999999986
117.49999999999999
500.0
207.0
429.49999999999994
500.0
500.0
500.0
500.0
261.5
27.500000000000004
272.0
500.0
500.0
500.0
500.0
500.0
500.0
37.5
500.0
500.0
500.0
333.99999999999994
268.5
268.5
455.5
33.00000000000001
500.0
18.5
11.5
26.000000000000004
92.0
275.0
500.0
274.0
500.0
500.0
500.0
304.5
500.0
500.0
500.0
500.0
500.0
500.0
367.5
500.0
500.0
500.0
500.0
397.5
256.0
500.0
500.0
500.0
500.0
500.0
500.0
500.0
500.0
500.0
500.0
500.0
474.5
500.0
500.0
500.0
500.0
500.0
500.0
500.0
500.0
500.0
363.0
457.0
500.0
500.0
500.0
18.000000000000007
15.000000000000002
26.500000000000007
26.500000000000007
46.999999999999986
104.49999999999997
52.99999999999999
500.0
500.0
250.00000000000003
399.5
500.0
500.0
500.0
500.0
500.0
341.0
456.5
500.0
179.99999999999994
321.5
341.5
500.0
500.0
103.49999999999997
256.0
84.49999999999999
500.0
145.5
199.49999999999997
71.99999999999999
500.0
232.99999999999994
258.0
500.0
500.0
500.0
500.0
409.0
500.0
500.0
88.49999999999999
389.0
500.0
500.0
500.0
500.0
470.0
500.0
63.499999999999986
500.0
500.0
287.0
500.0
500.0
500.0
175.49999999999997
382.5
342.5
500.0
500.0
500.0
500.0
500.0
500.0
500.0
500.0
500.0
500.0
10.0
53.499999999999986
30.500000000000007
18.0
17.000000000000004
69.49999999999999
97.49999999999997
116.49999999999997
210.5
500.0
500.0
500.0
500.0
500.0
500.0
500.0
500.0
420.5
500.0
500.0
201.49999999999994
500.0
360.5
500.0
500.0
344.5
500.0
500.0
291.0
484.5
364.0
500.0
500.0
500.0
500.0
336.5
500.0
500.0
500.0
63.499999999999986
206.0
352.5
500.0
500.0
500.0
500.0
500.0
500.0
500.0
66.49999999999997
341.0
