19.500000000000004
35.5
14.0
15.000000000000004
12.5
16.000000000000004
22.000000000000004
15.500000000000004
15.500000000000002
17.000000000000004
22.000000000000004
13.000000000000002
27.5
43.999999999999986
39.5
19.000000000000004
37.5
67.99999999999997
22.500000000000007
19.000000000000007
24.500000000000007
37.5
32.00000000000001
60.99999999999999
46.499999999999986
98.49999999999997
26.000000000000007
23.500000000000007
70.0
39.5
31.5
20.000000000000007
27.000000000000007
21.500000000000004
31.500000000000007
14.5
27.000000000000007
74.50000000000001
56.49999999999998
31.000000000000004
48.5
33.0
41.99999999999999
94.99999999999999
116.5
117.0
196.0
154.99999999999994
173.0
160.5
220.50000000000003
153.49999999999994
329.5
235.0
306.0
313.0
359.0
252.5
322.49999999999994
372.49999999999994
468.5
500.0
330.4999999999999
479.5
465.5
500.0
500.0
500.0
500.0
500.0
500.0
500.0
500.0
500.0
500.0
500.0
500.0
500.0
500.0
500.0
500.0
500.0
500.0
500.0
500.0
500.0
500.0
500.0
500.0
500.0
500.0
500.0
500.0
500.0
500.0
500.0
500.0
500.0
500.0
500.0
500.0
482.5
500.0
500.0
500.0
500.0
500.0
500.0
500.0
500.0
500.0
500.0
500.0
500.0
500.0
500.0
500.0
500.0
500.0
500.0
500.0
500.0
500.0
500.0
500.0
500.0
500.0
500.0
500.0
500.0
500.0
500.0
500.0
500.0
500.0
500.0
500.0
500.0
500.0
500.0
500.0
500.0
500.0
467.0
500.0
500.0
500.0
500.0
500.0
500.0
500.0
500.0
500.0
500.0
500.0
500.0
500.0
500.0
500.0
500.0
500.0
500.0
500.0
500.0
500.0
500.0
500.0
500.0
500.0
477.0
500.0
500.0
500.0
500.0
500.0
500.0
500.0
500.0
500.0
500.0
500.0
500.0
500.0
500.0
500.0
500.0
500.0
500.0
277.0
500.0
500.0
500.0
400.5
500.0
500.0
500.0
500.0
500.0
474.5
500.0
9.5
19.000000000000004
24.500000000000004
75.49999999999997
12.500000000000002
43.99999999999999
27.0
23.500000000000007
20.500000000000007
27.000000000000007
49.499999999999986
31.500000000000007
65.5
45.99999999999999
27.499999999999993
31.0
48.499999999999986
23.500000000000007
31.000000000000007
23.500000000000007
33.99999999999999
36.0
14.500000000000002
24.500000000000007
35.5
37.0
26.0
23.000000000000004
25.0
44.5
19.500000000000004
25.500000000000007
23.500000000000007
30.000000000000004
31.000000000000007
36.0
82.49999999999997
238.5
202.5
137.0
145.49999999999997
158.5
157.99999999999997
175.99999999999994
355.5
203.5
342.5
286.49999999999994
286.99999999999994
302.5
340.0
346.0
290.0
309.5
285.0
338.9999999999999
297.0
305.99999999999994
270.0
239.5
340.0
276.0
330.99999999999994
296.5
419.0
352.5
470.0
323.9999999999999
294.49999999999994
381.0
335.0
416.5
424.49999999999994
250.99999999999997
304.5
292.0
317.0
292.49999999999994
379.0
346.5
414.0
498.5
336.5
297.5
500.0
497.5
326.49999999999994
444.49999999999994
475.0
396.99999999999994
457.0
500.0
500.0
497.0
500.0
500.0
497.5
500.0
447.5
500.0
500.0
448.0
497.0
500.0
500.0
500.0
500.0
500.0
500.0
500.0
452.5
500.0
500.0
500.0
500.0
499.0
500.0
500.0
500.0
500.0
500.0
500.0
500.0
500.0
500.0
500.0
353.0
500.0
500.0
500.0
500.0
470.0
429.0
494.5
500.0
500.0
356.5
379.5
500.0
500.0
500.0
500.0
462.5
500.0
499.5
500.0
500.0
500.0
500.0
500.0
500.0
500.0
500.0
500.0
494.00000000000006
500.0
500.0
500.0
500.0
485.5
500.0
500.0
500.0
500.0
500.0
500.0
481.0
489.0
495.50000000000006
500.0
500.0
500.0
500.0
500.0
500.0
500.0
500.0
500.0
500.0
500.0
500.0
500.0
500.0
500.0
454.5
343.49999999999994
484.5
403.5
424.0
500.0
500.0
500.0
500.0
500.0
500.0
500.0
500.0
500.0
500.0
500.0
9.5
9.0
9.0
10.0
10.0
10.5
10.5
13.500000000000004
11.000000000000002
12.000000000000002
10.5
12.500000000000004
13.000000000000004
9.5
11.5
15.000000000000002
13.500000000000004
15.500000000000004
15.500000000000004
53.0
23.500000000000007
15.000000000000002
16.000000000000004
24.000000000000007
49.99999999999999
62.0
43.499999999999986
37.99999999999999
30.500000000000004
24.000000000000007
20.000000000000007
54.5
41.49999999999999
38.49999999999999
30.500000000000007
17.0
60.49999999999998
24.0
30.500000000000007
15.000000000000004
32.0
32.99999999999999
20.500000000000007
21.500000000000004
60.5
21.500000000000004
33.5
31.999999999999993
25.500000000000007
26.500000000000007
14.5
34.49999999999999
20.000000000000004
14.5
15.000000000000004
14.000000000000004
24.500000000000007
20.0
24.500000000000004
31.5
17.500000000000004
24.000000000000007
16.000000000000004
65.0
51.999999999999986
29.500000000000007
34.499999999999986
41.99999999999999
49.49999999999998
52.499999999999986
44.49999999999999
40.5
31.999999999999993
36.50000000000001
49.99999999999999
67.5
42.499999999999986
38.0
36.0
19.500000000000004
53.999999999999986
46.49999999999999
26.500000000000004
38.5
33.50000000000001
43.499999999999986
32.50000000000001
37.50000000000001
43.499999999999986
49.99999999999999
26.000000000000007
56.999999999999986
33.5
29.499999999999986
35.0
66.49999999999997
30.000000000000007
29.999999999999993
32.50000000000001
48.99999999999998
33.50000000000001
41.0
23.500000000000007
31.000000000000007
35.0
54.49999999999997
50.499999999999986
58.499999999999986
46.49999999999999
34.0
35.5
41.99999999999999
49.999999999999986
37.5
29.000000000000007
40.99999999999999
30.000000000000004
33.00000000000001
69.49999999999997
66.99999999999999
52.5
20.5
22.500000000000007
26.000000000000007
39.49999999999999
30.000000000000004
17.0
22.500000000000007
16.500000000000004
38.00000000000001
18.0
21.000000000000004
35.0
24.000000000000007
19.500000000000004
23.000000000000007
29.500000000000007
38.50000000000001
45.0
36.5
79.99999999999997
31.500000000000007
30.999999999999993
39.499999999999986
38.49999999999999
30.500000000000007
14.5
20.5
35.0
32.99999999999999
54.999999999999986
40.5
26.000000000000007
32.999999999999986
48.499999999999986
43.5
47.999999999999986
65.49999999999997
39.5
31.49999999999999
41.5
28.5
25.0
34.0
74.99999999999999
100.49999999999997
48.0
31.500000000000007
45.49999999999999
59.99999999999999
95.49999999999999
34.5
35.5
43.499999999999986
21.000000000000007
30.000000000000004
44.0
38.5
33.50000000000001
53.49999999999999
33.5
37.00000000000001
45.0
40.5
37.5
54.499999999999986
54.0
63.999999999999986
49.49999999999999
64.99999999999997
29.000000000000007
36.00000000000001
51.499999999999986
61.49999999999998
44.499999999999986
83.5
49.99999999999999
72.5
45.99999999999999
37.0
23.000000000000007
27.000000000000007
42.499999999999986
48.99999999999999
31.000000000000004
41.0
72.49999999999997
51.499999999999986
40.0
36.0
37.999999999999986
67.49999999999997
49.49999999999998
26.500000000000007
36.5
33.99999999999999
37.0
57.99999999999999
82.99999999999997
50.499999999999986
36.50000000000001
45.99999999999999
40.99999999999999
48.99999999999998
54.499999999999986
59.499999999999986
45.0
52.5
53.99999999999997
90.99999999999999
61.99999999999999
67.49999999999999
93.99999999999997
62.499999999999986
40.5
73.99999999999999
61.49999999999999
98.99999999999997
80.0
100.99999999999997
55.499999999999986
86.99999999999999
85.99999999999997
105.49999999999997
86.49999999999999
129.49999999999997
76.99999999999999
67.99999999999999
115.49999999999997
85.49999999999999
143.99999999999997
99.5
80.99999999999997
104.99999999999997
158.5
144.0
133.0
141.0
143.5
122.0
98.99999999999999
120.99999999999999
178.0
49.99999999999999
55.999999999999986
100.5
68.5
59.999999999999986
62.499999999999986
52.99999999999998
59.999999999999986
77.5
93.0
71.49999999999999
89.99999999999997
48.0
84.5
49.999999999999986
129.0
119.49999999999999
45.0
52.99999999999999
53.999999999999986
65.49999999999997
53.49999999999999
83.99999999999999
81.49999999999997
81.49999999999997
92.49999999999997
127.49999999999997
110.0
137.99999999999997
208.5
90.99999999999997
135.49999999999997
90.99999999999997
78.99999999999999
135.5
160.5
88.5
67.49999999999999
107.99999999999997
173.0
103.0
67.49999999999997
103.49999999999997
111.0
59.999999999999986
48.999999999999986
98.5
57.49999999999998
85.5
86.49999999999999
155.5
165.5
175.5
163.0
104.99999999999997
79.99999999999997
85.99999999999999
116.5
53.49999999999998
154.0
57.99999999999999
72.99999999999997
125.5
230.0
178.49999999999997
194.5
85.99999999999999
167.0
335.5
65.99999999999997
63.49999999999998
121.49999999999996
82.99999999999997
128.5
79.99999999999999
145.99999999999997
151.0
223.49999999999994
93.99999999999997
286.5
269.5
125.49999999999997
66.99999999999999
166.5
216.99999999999994
64.99999999999997
49.5
73.49999999999997
54.499999999999986
52.0
36.0
44.99999999999999
55.5
73.0
109.49999999999997
65.49999999999999
55.499999999999986
60.49999999999998
66.49999999999999
108.49999999999999
64.49999999999999
75.0
91.99999999999997
123.5
61.5
64.49999999999997
35.50000000000001
53.499999999999986
41.0
70.5
81.49999999999997
52.0
55.999999999999986
53.99999999999997
87.5
66.99999999999999
79.99999999999999
58.999999999999986
72.99999999999997
106.49999999999997
83.49999999999999
86.99999999999999
112.0
119.49999999999997
71.49999999999997
57.99999999999997
57.499999999999986
84.5
52.99999999999998
87.49999999999997
58.499999999999986
58.999999999999986
88.49999999999999
79.99999999999997
58.49999999999997
107.49999999999997
75.49999999999999
9.5
10.5
14.000000000000004
14.500000000000002
13.000000000000004
13.500000000000004
14.500000000000002
21.000000000000007
23.000000000000007
16.500000000000004
14.000000000000004
14.000000000000004
13.500000000000004
15.500000000000004
18.000000000000007
16.000000000000004
13.500000000000004
25.5
28.000000000000004
13.5
35.99999999999999
19.500000000000004
26.499999999999993
42.999999999999986
26.000000000000007
49.99999999999999
16.0
78.99999999999999
29.500000000000007
21.500000000000007
27.49999999999999
34.5
23.000000000000007
46.5
45.99999999999998
40.0
40.499999999999986
29.500000000000007
42.999999999999986
54.5
31.500000000000004
50.5
114.49999999999997
41.99999999999999
31.500000000000007
30.499999999999993
32.5
41.49999999999999
20.500000000000007
32.0
35.5
58.999999999999986
39.49999999999999
87.49999999999999
80.50000000000001
73.49999999999999
29.500000000000007
48.5
55.5
115.49999999999997
120.5
99.5
95.0
88.49999999999997
186.00000000000003
141.99999999999997
142.49999999999997
135.0
77.99999999999997
126.49999999999997
132.49999999999997
192.99999999999997
125.99999999999999
121.5
100.49999999999997
136.0
106.5
165.5
185.5
125.0
152.49999999999997
137.49999999999994
177.0
108.99999999999999
127.99999999999999
240.99999999999994
142.0
143.99999999999997
120.0
161.99999999999997
207.5
249.5
179.0
213.5
210.5
213.5
250.49999999999997
268.99999999999994
236.5
213.49999999999997
242.0
267.5
168.99999999999997
243.49999999999997
329.0
251.99999999999994
357.5
201.99999999999997
230.0
294.0
280.99999999999994
209.99999999999994
321.49999999999994
256.5
376.5
291.5
232.99999999999997
271.49999999999994
204.0
433.5
350.0
426.99999999999994
399.0
500.0
472.0
500.0
500.0
459.0
500.0
500.0
500.0
500.0
500.0
500.0
500.0
500.0
500.0
500.0
500.0
500.0
500.0
500.0
500.0
500.0
500.0
500.0
500.0
500.0
500.0
500.0
500.0
500.0
500.0
500.0
500.0
500.0
500.0
500.0
500.0
500.0
500.0
500.0
500.0
500.0
500.0
500.0
500.0
500.0
500.0
500.0
500.0
500.0
500.0
500.0
500.0
500.0
500.0
500.0
500.0
500.0
500.0
500.0
500.0
500.0
500.0
500.0
500.0
500.0
500.0
500.0
500.0
500.0
500.0
500.0
500.0
500.0
500.0
500.0
500.0
500.0
12.500000000000004
23.000000000000004
16.500000000000004
11.500000000000002
21.000000000000004
16.500000000000004
19.000000000000004
22.500000000000004
23.000000000000004
30.499999999999993
20.000000000000004
34.0
20.500000000000007
25.500000000000007
35.999999999999986
14.500000000000002
29.500000000000007
17.500000000000007
24.000000000000007
10.5
23.5
25.500000000000007
34.49999999999999
20.5
19.500000000000004
27.500000000000007
29.5
17.500000000000007
15.000000000000004
21.500000000000004
19.000000000000004
17.500000000000007
17.500000000000007
21.500000000000007
28.500000000000007
14.500000000000002
16.000000000000004
29.000000000000007
14.500000000000004
36.0
21.000000000000007
20.500000000000007
25.5
20.500000000000007
21.000000000000007
27.500000000000004
12.500000000000002
23.5
44.0
16.500000000000004
15.500000000000002
19.000000000000004
20.500000000000007
14.000000000000002
26.0
21.500000000000007
23.0
21.000000000000007
16.000000000000004
26.0
12.000000000000002
19.500000000000004
21.500000000000007
35.0
16.0
26.000000000000007
22.000000000000007
17.500000000000007
46.5
14.500000000000002
14.000000000000002
13.500000000000004
22.5
22.000000000000007
36.499999999999986
27.500000000000007
32.49999999999999
24.5
10.5
34.0
18.000000000000004
14.000000000000004
29.999999999999993
16.5
20.500000000000007
15.000000000000002
18.0
24.500000000000007
11.0
18.0
18.5
26.500000000000004
11.0
23.500000000000007
21.500000000000007
27.000000000000007
17.500000000000004
17.000000000000004
32.49999999999999
20.500000000000007
16.000000000000004
22.000000000000007
18.0
25.000000000000007
23.0
25.500000000000007
23.5
23.000000000000007
31.000000000000004
23.000000000000004
23.500000000000007
18.500000000000004
17.000000000000004
34.499999999999986
26.5
27.000000000000004
23.000000000000004
28.500000000000007
28.000000000000007
19.500000000000004
33.00000000000001
58.999999999999986
20.500000000000007
16.000000000000004
25.000000000000007
14.000000000000002
17.500000000000007
17.500000000000007
24.500000000000007
23.000000000000004
16.500000000000004
17.000000000000004
14.500000000000002
16.500000000000004
29.0
15.500000000000004
49.49999999999999
39.999999999999986
12.000000000000002
28.000000000000007
13.000000000000004
24.500000000000007
17.5
22.000000000000004
22.500000000000004
17.500000000000007
19.000000000000004
33.5
15.000000000000002
24.0
12.000000000000002
33.999999999999986
23.500000000000007
30.499999999999993
18.500000000000004
30.999999999999993
16.000000000000004
19.500000000000004
11.500000000000002
22.500000000000004
17.5
17.500000000000007
15.000000000000002
15.500000000000004
15.000000000000002
23.000000000000004
30.999999999999996
40.5
15.000000000000002
22.500000000000007
13.000000000000004
16.5
29.500000000000007
24.500000000000007
14.000000000000004
10.500000000000002
20.500000000000007
38.499999999999986
19.500000000000004
23.500000000000007
16.000000000000004
29.5
25.500000000000007
23.000000000000004
31.000000000000004
11.000000000000002
19.000000000000004
34.5
20.500000000000004
34.5
21.000000000000007
27.500000000000007
16.500000000000004
16.000000000000004
23.000000000000004
16.500000000000004
17.500000000000004
19.000000000000007
13.0
20.5
16.0
14.0
28.000000000000007
17.0
21.500000000000007
24.000000000000004
28.500000000000007
27.5
28.000000000000007
18.0
18.5
16.500000000000004
45.99999999999999
27.000000000000007
23.500000000000007
11.000000000000002
25.500000000000007
19.000000000000004
21.500000000000004
25.500000000000007
13.000000000000002
30.000000000000007
15.500000000000004
13.000000000000002
18.500000000000004
31.5
15.000000000000002
22.5
11.500000000000002
13.500000000000002
19.500000000000004
25.500000000000007
14.500000000000002
17.000000000000004
30.499999999999993
23.500000000000004
21.000000000000007
15.000000000000004
55.49999999999999
21.000000000000007
13.500000000000004
13.500000000000004
43.99999999999999
52.5
12.500000000000002
29.500000000000007
14.500000000000004
19.000000000000004
32.50000000000001
32.499999999999986
14.000000000000002
17.500000000000007
19.000000000000004
24.0
16.500000000000004
16.500000000000004
22.000000000000007
20.000000000000007
20.000000000000004
24.0
14.500000000000002
16.500000000000004
23.500000000000007
22.500000000000004
19.500000000000007
20.500000000000007
14.000000000000004
20.000000000000007
21.500000000000007
31.499999999999986
17.5
48.999999999999986
21.000000000000004
13.500000000000004
36.00000000000001
13.000000000000004
21.000000000000007
26.5
19.000000000000004
19.000000000000004
26.500000000000007
20.000000000000004
23.000000000000007
14.000000000000002
20.000000000000007
20.000000000000007
20.000000000000007
17.000000000000004
20.5
14.000000000000004
20.500000000000007
16.500000000000004
22.500000000000007
15.000000000000002
26.5
38.0
36.99999999999999
17.000000000000004
21.500000000000007
21.500000000000004
20.000000000000004
40.99999999999999
20.5
18.500000000000007
28.500000000000007
20.000000000000007
26.000000000000007
21.500000000000004
14.000000000000004
25.0
15.500000000000004
23.0
22.000000000000007
23.500000000000007
18.000000000000007
11.0
19.000000000000004
16.000000000000004
18.000000000000007
17.5
14.000000000000004
23.500000000000004
15.000000000000004
45.99999999999998
14.5
17.500000000000007
32.00000000000001
19.500000000000004
15.500000000000004
13.000000000000002
16.000000000000004
23.500000000000007
21.500000000000004
13.5
26.499999999999996
20.000000000000007
17.0
18.500000000000007
19.500000000000004
18.500000000000004
16.500000000000004
21.000000000000007
12.500000000000004
14.000000000000002
20.000000000000004
15.500000000000002
37.5
24.000000000000004
26.000000000000007
29.499999999999986
23.000000000000007
22.0
13.000000000000004
14.500000000000002
19.000000000000004
22.500000000000004
19.000000000000007
18.500000000000004
19.000000000000004
24.500000000000007
10.5
23.500000000000004
21.500000000000004
19.000000000000004
15.000000000000002
16.0
16.500000000000004
21.000000000000007
20.500000000000007
12.000000000000002
16.5
17.500000000000007
37.99999999999999
17.500000000000004
13.500000000000004
16.500000000000004
27.500000000000007
16.5
21.5
32.499999999999986
35.5
55.499999999999986
31.000000000000007
32.5
25.000000000000007
42.99999999999999
16.500000000000004
18.000000000000004
27.500000000000007
32.499999999999986
36.0
34.99999999999999
14.500000000000002
36.00000000000001
17.000000000000007
14.0
27.000000000000007
20.000000000000004
23.500000000000007
24.500000000000004
14.0
10.0
19.000000000000004
24.5
17.5
20.000000000000007
29.500000000000007
15.000000000000004
30.000000000000007
24.0
15.500000000000002
22.500000000000007
15.500000000000004
25.5
25.000000000000007
33.5
32.99999999999999
12.500000000000002
17.0
20.5
14.500000000000004
22.000000000000004
20.500000000000007
14.000000000000004
16.000000000000004
24.000000000000007
16.0
13.5
35.0
18.000000000000004
18.500000000000004
23.0
15.500000000000002
30.499999999999993
29.000000000000007
12.000000000000002
27.500000000000007
16.000000000000004
24.000000000000007
19.500000000000004
27.000000000000007
27.000000000000007
28.500000000000007
11.5
19.500000000000007
25.500000000000004
25.5
25.000000000000007
22.500000000000004
12.000000000000002
25.500000000000007
13.500000000000004
18.000000000000004
21.000000000000007
25.000000000000004
26.500000000000004
35.49999999999999
15.000000000000002
20.000000000000007
23.000000000000007
19.000000000000007
28.500000000000007
15.500000000000002
26.000000000000007
12.500000000000002
24.000000000000007
30.5
22.500000000000007
23.000000000000004
18.500000000000007
18.500000000000007
12.5
18.000000000000007
26.499999999999996
25.000000000000004
23.000000000000007
24.000000000000007
35.50000000000001
21.000000000000007
16.000000000000004
24.000000000000007
19.500000000000004
25.000000000000007
21.000000000000004
29.499999999999996
22.500000000000007
25.000000000000007
15.500000000000004
19.000000000000004
19.000000000000004
40.499999999999986
60.499999999999986
20.500000000000007
29.999999999999993
15.000000000000002
38.99999999999999
15.500000000000004
24.500000000000007
20.500000000000007
24.000000000000004
15.000000000000004
18.000000000000004
14.500000000000004
21.000000000000007
22.000000000000007
17.500000000000004
14.500000000000002
29.000000000000007
11.0
18.000000000000007
21.000000000000007
31.999999999999996
22.500000000000007
21.500000000000007
16.500000000000004
28.000000000000007
22.000000000000004
34.00000000000001
34.0
37.5
30.499999999999993
13.000000000000004
15.500000000000002
12.500000000000004
22.0
24.0
18.000000000000004
41.499999999999986
22.500000000000004
17.0
16.000000000000004
35.5
34.5
12.000000000000002
13.500000000000004
15.000000000000004
16.500000000000004
36.49999999999999
16.0
13.500000000000004
18.500000000000004
22.0
19.000000000000004
18.000000000000007
17.5
18.000000000000007
14.500000000000002
13.500000000000004
29.5
17.000000000000004
16.000000000000004
31.5
19.000000000000004
25.000000000000004
23.0
14.500000000000004
26.000000000000007
21.000000000000007
35.99999999999999
28.999999999999993
14.500000000000002
19.000000000000004
20.5
19.000000000000004
16.000000000000004
10.0
29.0
26.000000000000007
15.500000000000004
18.500000000000004
30.0
26.000000000000007
23.0
19.000000000000004
16.000000000000004
16.500000000000004
47.999999999999986
14.5
16.500000000000004
15.500000000000004
23.000000000000007
26.500000000000007
27.5
15.000000000000002
19.000000000000004
63.499999999999986
22.500000000000007
31.5
23.0
16.500000000000004
29.499999999999993
22.500000000000007
16.000000000000004
19.500000000000004
28.000000000000007
29.500000000000007
20.5
18.500000000000007
23.500000000000007
19.500000000000004
18.000000000000007
24.500000000000007
16.500000000000004
20.500000000000007
14.500000000000002
19.500000000000004
38.499999999999986
24.000000000000007
11.5
26.0
22.500000000000007
16.0
17.500000000000004
12.500000000000004
13.000000000000004
21.000000000000007
12.5
41.0
27.000000000000007
49.49999999999999
14.5
17.000000000000004
17.0
16.500000000000004
41.49999999999999
13.000000000000004
19.000000000000007
17.5
11.5
21.500000000000004
37.0
14.0
18.500000000000004
15.000000000000002
41.5
15.500000000000002
31.500000000000004
37.49999999999999
20.500000000000007
17.500000000000004
26.000000000000004
21.000000000000007
39.5
19.000000000000004
36.99999999999999
11.000000000000002
13.5
12.500000000000002
27.0
22.000000000000004
13.5
12.500000000000002
26.5
20.000000000000007
15.500000000000004
45.0
12.500000000000004
29.0
20.0
25.000000000000004
22.500000000000007
39.0
15.500000000000004
28.500000000000007
15.000000000000004
36.99999999999999
27.0
13.000000000000004
25.500000000000007
28.500000000000007
24.0
39.5
22.000000000000004
15.500000000000002
14.500000000000004
19.000000000000004
10.0
17.000000000000004
28.500000000000007
22.5
20.5
23.000000000000004
34.0
22.500000000000004
13.000000000000004
14.500000000000002
12.500000000000002
22.5
23.000000000000007
27.499999999999993
12.000000000000002
19.500000000000004
22.5
17.500000000000007
13.5
17.000000000000007
24.500000000000007
25.000000000000004
21.000000000000004
29.500000000000007
20.5
19.000000000000004
23.000000000000004
25.500000000000004
17.5
17.0
14.5
28.500000000000007
16.000000000000004
19.500000000000004
11.0
26.0
32.50000000000001
19.000000000000004
19.000000000000004
32.0
22.000000000000007
16.5
18.5
16.000000000000004
36.499999999999986
24.500000000000004
26.0
27.5
21.500000000000004
17.500000000000004
14.500000000000002
24.5
16.000000000000004
31.499999999999993
30.5
20.000000000000007
27.000000000000007
43.5
22.5
17.000000000000004
28.000000000000007
26.999999999999996
17.000000000000007
14.500000000000002
34.5
25.500000000000007
26.0
14.500000000000002
12.500000000000004
11.5
39.5
17.500000000000007
19.500000000000007
25.0
18.000000000000007
26.499999999999996
32.49999999999999
14.0
11.5
51.999999999999986
19.500000000000004
14.0
36.99999999999999
12.000000000000002
17.000000000000004
39.0
28.000000000000007
27.500000000000007
12.000000000000002
11.5
18.000000000000004
17.5
23.000000000000007
14.000000000000004
25.000000000000007
15.500000000000004
18.000000000000004
16.000000000000004
12.000000000000002
13.500000000000004
16.500000000000004
25.000000000000004
18.000000000000004
32.999999999999986
15.500000000000002
31.5
16.500000000000004
28.000000000000007
14.0
14.500000000000002
18.500000000000004
14.500000000000004
20.0
32.0
34.5
16.500000000000004
15.500000000000002
17.500000000000004
19.000000000000004
27.0
17.000000000000004
22.000000000000007
23.000000000000007
15.000000000000002
27.499999999999993
20.000000000000004
18.500000000000004
17.000000000000004
20.000000000000004
14.0
29.000000000000007
10.0
26.000000000000007
19.500000000000004
15.000000000000004
24.5
23.500000000000007
32.49999999999999
17.000000000000007
20.500000000000004
61.999999999999986
18.000000000000007
22.000000000000007
17.5
18.000000000000007
19.000000000000004
14.0
11.000000000000002
21.000000000000004
16.000000000000004
19.000000000000004
14.000000000000004
20.000000000000007
12.500000000000002
13.500000000000002
22.000000000000007
37.5
38.0
27.500000000000004
17.0
15.500000000000002
12.000000000000002
22.000000000000007
21.500000000000007
28.500000000000004
21.000000000000007
25.000000000000007
26.000000000000004
29.000000000000007
10.5
11.0
16.500000000000004
26.500000000000007
18.0
18.000000000000007
27.499999999999993
28.000000000000007
12.000000000000002
30.999999999999993
14.500000000000002
17.5
11.5
22.500000000000007
12.000000000000002
11.0
25.0
19.500000000000004
16.000000000000004
20.000000000000007
30.499999999999996
24.000000000000004
14.5
19.000000000000004
75.99999999999999
20.0
13.5
13.500000000000002
30.000000000000004
17.500000000000004
13.000000000000002
30.000000000000007
28.000000000000007
13.000000000000004
15.500000000000004
29.500000000000007
19.000000000000004
16.0
18.000000000000004
42.5
16.500000000000004
15.500000000000002
21.5
16.500000000000004
22.000000000000007
10.5
16.000000000000004
24.000000000000007
17.0
15.000000000000002
19.500000000000004
14.0
19.500000000000004
38.0
16.0
16.500000000000004
11.0
15.500000000000002
18.500000000000004
19.000000000000004
13.000000000000004
27.500000000000007
32.0
36.0
14.0
12.500000000000004
23.000000000000007
14.500000000000002
30.000000000000007
27.5
13.500000000000004
22.0
25.500000000000007
36.499999999999986
23.000000000000007
26.000000000000007
21.000000000000004
16.000000000000004
21.5
17.5
25.500000000000007
51.499999999999986
19.000000000000004
16.5
20.000000000000007
14.500000000000004
25.5
34.499999999999986
21.500000000000007
19.500000000000007
25.000000000000007
17.5
20.000000000000007
15.500000000000004
13.5
27.000000000000007
20.500000000000007
19.000000000000004
20.5
24.5
16.000000000000004
14.000000000000004
15.500000000000004
19.500000000000004
22.500000000000007
37.99999999999999
28.500000000000007
14.000000000000004
21.000000000000007
34.49999999999999
15.000000000000004
37.49999999999999
20.000000000000004
13.5
15.000000000000002
19.500000000000004
34.999999999999986
24.000000000000004
11.5
18.500000000000004
18.0
25.500000000000007
15.500000000000002
19.500000000000004
20.000000000000007
18.000000000000007
14.0
16.000000000000004
42.49999999999999
22.500000000000004
19.000000000000004
17.000000000000007
12.500000000000004
22.000000000000004
21.500000000000007
19.000000000000004
30.000000000000004
33.0
12.500000000000002
15.500000000000002
16.000000000000004
26.500000000000007
17.0
27.500000000000007
31.499999999999993
19.000000000000004
20.000000000000004
21.000000000000007
24.5
20.500000000000007
11.5
20.000000000000007
22.000000000000004
16.000000000000004
26.000000000000007
