16.000000000000004
23.500000000000007
14.000000000000004
31.500000000000004
16.5
25.5
35.0
52.999999999999986
66.5
40.0
89.49999999999999
147.0
118.99999999999997
140.49999999999994
200.5
132.49999999999997
152.99999999999997
197.0
171.5
306.5
294.99999999999994
469.50000000000006
386.0
275.4999999999999
291.99999999999994
179.5
224.99999999999997
242.49999999999994
254.0
351.0
430.5
500.0
500.0
500.0
282.99999999999994
500.0
500.0
453.5
380.5
500.0
500.0
354.5
237.99999999999997
500.0
189.49999999999997
221.99999999999997
393.5
217.0
206.49999999999997
477.5
386.5
336.0
500.0
500.0
500.0
500.0
500.0
500.0
500.0
137.0
146.99999999999997
153.5
307.0
361.0
500.0
159.0
500.0
500.0
414.0
32.50000000000001
25.000000000000007
52.999999999999986
57.49999999999997
409.5
281.0
263.0
500.0
500.0
278.0
264.0
500.0
368.50000000000006
500.0
500.0
256.0
500.0
500.0
500.0
301.5
27.000000000000007
121.49999999999997
149.99999999999997
295.0
500.0
312.5
500.0
500.0
500.0
500.0
99.99999999999997
257.5
500.0
500.0
42.0
301.0
500.0
500.0
500.0
500.0
468.0
500.0
500.0
500.0
500.0
500.0
500.0
500.0
500.0
500.0
500.0
500.0
500.0
500.0
500.0
500.0
500.0
500.0
356.5
500.0
390.5
500.0
500.0
500.0
500.0
500.0
500.0
500.0
463.0
426.5
500.0
500.0
500.0
500.0
461.0
500.0
500.0
283.0
500.0
500.0
500.0
500.0
500.0
500.0
500.0
350.50000000000006
500.0
499.0
500.0
500.0
500.0
389.0
500.0
500.0
74.49999999999999
274.0
500.0
500.0
500.0
500.0
500.0
500.0
363.5
500.0
439.5
500.0
500.0
276.0
278.5
500.0
500.0
500.0
500.0
364.5
500.0
500.0
500.0
500.0
129.5
500.0
500.0
500.0
500.0
500.0
430.5
500.0
89.49999999999999
61.99999999999999
116.49999999999997
136.99999999999997
128.00000000000003
500.0
156.49999999999997
124.99999999999997
317.5
500.0
368.0
470.5
126.49999999999997
160.49999999999997
366.0
500.0
365.0
370.0
500.0
500.0
500.0
335.5
500.0
500.0
500.0
34.00000000000001
275.0
358.0
500.0
398.0
500.0
500.0
500.0
165.0
500.0
500.0
24.000000000000004
270.0
496.5
500.0
500.0
321.5
500.0
500.0
500.0
381.0
500.0
500.0
49.99999999999999
362.5
361.5
389.0
500.0
500.0
500.0
500.0
500.0
83.0
239.0
500.0
34.5
48.49999999999999
276.5
25.500000000000007
95.49999999999997
83.5
92.49999999999997
97.5
99.5
102.0
186.5
309.0
500.0
500.0
255.0
311.0
282.5
401.5
233.5
76.99999999999997
334.5
249.0
373.0
500.0
290.0
500.0
500.0
500.0
72.49999999999999
282.5
13.000000000000004
500.0
28.999999999999993
16.000000000000004
41.0
32.0
26.5
22.500000000000004
22.000000000000007
36.5
21.5
13.5
33.99999999999999
30.5
16.000000000000004
21.000000000000007
22.000000000000007
41.99999999999999
14.000000000000004
17.000000000000004
28.000000000000007
27.499999999999993
14.500000000000002
49.499999999999986
16.500000000000004
13.500000000000002
21.500000000000007
22.500000000000007
27.000000000000007
30.000000000000007
29.000000000000007
12.000000000000002
21.000000000000004
28.500000000000007
12.500000000000002
15.000000000000004
18.500000000000004
36.999999999999986
22.000000000000004
20.000000000000004
35.0
40.499999999999986
16.000000000000004
26.500000000000004
17.0
15.000000000000002
19.000000000000004
14.0
12.500000000000002
25.500000000000007
59.5
17.500000000000004
12.000000000000002
17.000000000000004
34.99999999999999
21.000000000000004
17.5
17.5
10.500000000000002
16.000000000000004
25.5
24.0
11.500000000000002
28.999999999999993
18.5
20.5
30.000000000000004
15.000000000000002
24.5
17.5
26.000000000000007
18.500000000000004
19.000000000000004
13.5
23.000000000000004
12.000000000000002
16.000000000000004
24.5
11.5
25.500000000000007
19.500000000000004
19.000000000000004
15.500000000000004
19.000000000000007
25.500000000000004
12.500000000000004
18.0
20.500000000000004
30.499999999999996
20.5
21.500000000000004
24.5
33.99999999999999
21.500000000000004
20.500000000000007
30.999999999999986
19.000000000000004
14.500000000000002
19.000000000000004
17.000000000000004
17.500000000000004
31.500000000000007
27.500000000000007
13.500000000000004
23.000000000000004
30.0
14.500000000000002
15.000000000000004
19.000000000000004
18.500000000000004
34.0
23.5
34.99999999999999
26.500000000000007
21.000000000000007
36.5
16.000000000000004
43.999999999999986
14.500000000000002
10.5
43.499999999999986
18.500000000000004
21.000000000000007
15.000000000000002
21.0
25.000000000000007
19.000000000000004
22.000000000000007
11.500000000000002
11.5
14.000000000000004
16.500000000000004
22.500000000000004
21.000000000000007
36.0
18.000000000000007
21.000000000000004
25.500000000000007
15.000000000000002
52.999999999999986
17.5
20.500000000000007
22.000000000000007
23.000000000000007
16.500000000000004
17.000000000000004
20.000000000000004
20.500000000000007
19.000000000000004
26.000000000000007
28.0
20.500000000000007
24.5
22.000000000000004
21.500000000000004
18.500000000000004
26.5
39.5
20.500000000000004
13.000000000000002
18.500000000000004
51.0
23.500000000000007
32.5
20.000000000000007
28.5
16.500000000000004
28.5
26.000000000000007
28.000000000000007
37.5
15.500000000000004
18.500000000000004
21.500000000000004
26.5
26.500000000000007
13.0
20.5
42.49999999999999
14.5
61.99999999999998
21.0
26.0
22.000000000000007
22.500000000000007
15.500000000000002
22.000000000000007
24.000000000000007
18.000000000000004
17.000000000000004
27.500000000000007
52.99999999999999
16.000000000000004
42.0
16.0
24.000000000000007
41.499999999999986
36.5
23.000000000000007
16.5
14.5
25.000000000000007
21.5
21.500000000000004
28.000000000000007
16.500000000000004
21.000000000000007
17.5
26.500000000000004
19.500000000000004
18.000000000000004
12.500000000000004
17.500000000000007
37.5
16.000000000000004
18.000000000000004
25.499999999999996
23.000000000000007
21.000000000000007
16.500000000000004
16.500000000000004
23.500000000000004
20.000000000000007
14.0
11.5
30.500000000000007
20.000000000000004
19.000000000000004
14.500000000000004
29.000000000000007
21.000000000000004
18.000000000000004
21.000000000000004
17.000000000000007
14.000000000000004
16.000000000000004
37.0
14.500000000000004
14.000000000000004
10.0
17.000000000000007
18.0
26.000000000000007
14.500000000000002
28.49999999999999
27.999999999999993
25.5
17.500000000000007
21.0
30.499999999999993
30.000000000000007
27.000000000000004
19.500000000000004
19.500000000000004
14.000000000000002
16.000000000000004
15.500000000000002
17.5
16.000000000000004
36.5
27.999999999999993
30.999999999999993
13.500000000000004
32.50000000000001
15.500000000000002
11.500000000000002
31.999999999999993
30.000000000000007
20.000000000000004
22.5
15.000000000000002
36.99999999999999
21.000000000000004
18.000000000000004
19.500000000000007
26.000000000000007
24.5
19.000000000000004
16.500000000000004
19.500000000000007
26.000000000000004
39.999999999999986
16.000000000000004
24.500000000000007
13.500000000000004
31.000000000000004
44.0
43.5
26.000000000000007
22.000000000000007
25.500000000000007
47.5
19.000000000000004
25.500000000000007
17.5
23.500000000000007
42.49999999999999
21.500000000000007
17.000000000000004
25.000000000000007
29.0
20.500000000000007
25.000000000000007
16.500000000000004
29.999999999999993
14.0
17.000000000000004
56.5
13.000000000000004
29.999999999999993
15.000000000000002
20.500000000000007
31.499999999999993
14.000000000000004
11.0
25.000000000000007
22.500000000000004
24.5
13.5
20.500000000000004
23.000000000000004
18.500000000000004
15.000000000000004
33.99999999999999
34.5
14.500000000000002
23.500000000000007
35.999999999999986
34.99999999999999
17.000000000000007
28.5
27.500000000000004
24.5
28.99999999999999
19.500000000000004
27.500000000000007
29.5
10.5
18.000000000000007
12.000000000000002
21.500000000000004
16.500000000000004
13.0
28.500000000000007
24.500000000000007
23.000000000000007
17.500000000000007
42.49999999999999
34.00000000000001
77.0
28.500000000000007
84.49999999999997
87.99999999999997
166.5
79.49999999999999
149.99999999999997
89.49999999999997
160.5
219.0
204.0
213.0
222.5
291.0
360.50000000000006
371.49999999999994
442.5
454.5
405.49999999999994
436.0
453.0
450.5
474.5
500.0
500.0
500.0
500.0
500.0
158.0
362.0
397.00000000000006
388.5
425.0
447.0
450.5
500.0
500.0
500.0
500.0
365.0
430.0
500.0
500.0
465.5
500.0
204.0
287.0
472.0
500.0
500.0
500.0
500.0
500.0
500.0
500.0
500.0
500.0
500.0
500.0
500.0
500.0
500.0
500.0
175.49999999999997
438.0
500.0
500.0
500.0
500.0
500.0
500.0
500.0
500.0
500.0
500.0
255.0
500.0
500.0
500.0
500.0
127.0
261.0
286.5
500.0
500.0
500.0
40.0
274.0
500.0
500.0
33.00000000000001
264.0
500.0
477.0
497.0
477.0
473.0
500.0
500.0
500.0
255.0
500.0
500.0
500.0
500.0
500.0
500.0
500.0
500.0
500.0
500.0
500.0
500.0
500.0
500.0
500.0
500.0
283.5
500.0
500.0
500.0
500.0
500.0
500.0
500.0
500.0
500.0
500.0
500.0
500.0
500.0
500.0
500.0
281.0
500.0
30.000000000000007
40.99999999999999
276.5
68.0
263.49999999999994
500.0
500.0
500.0
500.0
500.0
280.5
500.0
500.0
500.0
235.49999999999997
500.0
500.0
500.0
500.0
500.0
500.0
500.0
500.0
500.0
500.0
500.0
500.0
500.0
500.0
500.0
500.0
500.0
500.0
500.0
500.0
500.0
500.0
500.0
