22.000000000000004
27.0
33.99999999999999
59.0
31.000000000000004
31.000000000000004
167.49999999999997
117.99999999999996
183.5
107.99999999999997
211.5
224.5
184.99999999999997
217.99999999999997
263.0
224.5
331.5
298.0
260.99999999999994
487.5
225.0
407.0
482.5
349.5
442.5
500.0
500.0
500.0
92.49999999999999
500.0
500.0
500.0
500.0
500.0
366.0
320.0
311.0
500.0
500.0
500.0
500.0
406.5
436.0
427.5
500.0
500.0
500.0
500.0
500.0
500.0
500.0
500.0
500.0
391.5
500.0
500.0
500.0
500.0
500.0
500.0
500.0
500.0
500.0
500.0
494.00000000000006
104.5
469.5
500.0
490.0
500.0
500.0
500.0
271.0
51.499999999999986
36.49999999999999
249.0
145.49999999999997
395.0
395.49999999999994
464.5
97.99999999999999
500.0
255.0
270.0
491.0
500.0
500.0
500.0
381.5
275.0
500.0
193.49999999999994
478.5
500.0
500.0
500.0
500.0
500.0
500.0
255.0
500.0
500.0
500.0
500.0
78.0
311.0
364.5
500.0
500.0
500.0
500.0
500.0
500.0
14.500000000000002
62.49999999999999
405.0
476.0
293.5
500.0
500.0
500.0
434.5
81.49999999999997
500.0
349.5
299.99999999999994
500.0
500.0
500.0
500.0
500.0
500.0
20.500000000000004
43.499999999999986
30.999999999999993
81.5
81.0
129.0
162.99999999999997
173.99999999999997
217.99999999999997
436.99999999999994
500.0
500.0
500.0
500.0
356.0
500.0
500.0
500.0
500.0
500.0
439.0
500.0
500.0
500.0
500.0
142.5
500.0
500.0
91.49999999999999
500.0
500.0
500.0
500.0
500.0
124.49999999999997
500.0
500.0
500.0
500.0
500.0
500.0
393.0
500.0
500.0
26.000000000000007
29.500000000000007
71.50000000000001
209.49999999999997
176.99999999999997
232.5
295.0
219.99999999999994
77.99999999999999
290.0
187.99999999999997
500.0
34.0
13.0
22.000000000000007
30.000000000000004
57.0
180.49999999999994
500.0
33.0
37.999999999999986
71.49999999999997
144.5
383.5
66.50000000000001
500.0
500.0
500.0
500.0
500.0
500.0
500.0
500.0
204.99999999999994
410.0
431.5
100.99999999999999
188.49999999999994
353.5
500.0
107.99999999999997
500.0
500.0
500.0
500.0
500.0
500.0
500.0
500.0
333.0
391.0
500.0
500.0
500.0
334.5
124.49999999999999
306.5
500.0
500.0
500.0
500.0
500.0
500.0
500.0
51.499999999999986
500.0
349.0
328.5
500.0
500.0
500.0
500.0
500.0
500.0
500.0
500.0
500.0
500.0
500.0
500.0
500.0
500.0
500.0
381.0
500.0
500.0
500.0
441.5
500.0
500.0
500.0
500.0
75.99999999999997
75.99999999999997
343.9999999999999
334.0
313.5
300.0
500.0
500.0
500.0
500.0
500.0
500.0
485.5
500.0
500.0
500.0
500.0
500.0
500.0
500.0
500.0
500.0
500.0
447.0
500.0
490.0
127.49999999999997
500.0
500.0
500.0
28.500000000000007
442.5
500.0
500.0
500.0
269.0
500.0
500.0
270.0
500.0
500.0
500.0
500.0
500.0
256.5
9.5
15.500000000000002
47.0
500.0
397.0
104.99999999999997
253.99999999999994
65.99999999999999
331.0
500.0
392.0
500.0
500.0
500.0
500.0
500.0
500.0
273.0
500.0
500.0
490.50000000000006
500.0
500.0
119.99999999999997
363.0
500.0
364.50000000000006
500.0
500.0
500.0
500.0
54.999999999999986
310.5
267.0
500.0
500.0
500.0
21.5
54.49999999999999
93.0
500.0
500.0
116.99999999999997
412.0
411.5
378.0
114.99999999999997
500.0
47.49999999999999
278.0
18.5
127.5
132.99999999999997
500.0
13.000000000000004
263.0
500.0
500.0
425.0
436.5
500.0
500.0
384.5
500.0
500.0
500.0
500.0
500.0
500.0
500.0
448.5
500.0
500.0
500.0
500.0
36.50000000000001
257.5
500.0
324.5
500.0
500.0
500.0
411.0
500.0
44.5
500.0
500.0
500.0
500.0
500.0
500.0
500.0
500.0
500.0
500.0
95.49999999999999
500.0
500.0
500.0
500.0
500.0
500.0
500.0
500.0
500.0
329.0
500.0
500.0
464.0
500.0
500.0
255.0
465.5
500.0
500.0
500.0
500.0
500.0
346.5
253.99999999999997
486.0
419.49999999999994
177.5
263.0
500.0
294.0
373.0
393.0
471.5
500.0
500.0
35.0
75.50000000000001
54.499999999999986
257.49999999999994
500.0
226.0
18.0
99.99999999999999
75.5
277.0
373.0
59.999999999999986
301.5
223.99999999999994
481.5
500.0
500.0
500.0
78.49999999999999
86.0
125.0
500.0
500.0
363.49999999999994
219.49999999999994
283.5
132.0
500.0
500.0
273.5
56.99999999999998
500.0
500.0
500.0
500.0
500.0
272.0
258.0
31.000000000000007
45.99999999999999
191.49999999999997
108.5
500.0
166.5
64.99999999999997
277.0
75.49999999999999
309.0
423.0
488.5
98.49999999999997
500.0
27.99999999999999
318.99999999999994
186.5
414.5
500.0
500.0
65.49999999999999
500.0
500.0
500.0
500.0
500.0
500.0
280.0
259.5
500.0
500.0
500.0
500.0
500.0
500.0
53.49999999999998
299.0
485.0
500.0
500.0
500.0
500.0
394.0
492.5
387.5
418.0
500.0
500.0
500.0
500.0
489.0
448.0
386.5
500.0
449.49999999999994
500.0
500.0
500.0
500.0
500.0
500.0
500.0
500.0
500.0
26.0
59.499999999999986
83.49999999999997
500.0
500.0
496.5
500.0
478.00000000000006
500.0
500.0
472.0
500.0
500.0
500.0
500.0
500.0
500.0
500.0
500.0
500.0
500.0
500.0
455.0
272.0
500.0
403.0
131.0
175.5
500.0
500.0
488.00000000000006
500.0
500.0
500.0
373.0
500.0
500.0
500.0
500.0
500.0
500.0
161.0
102.0
180.50000000000003
441.0
438.5
500.0
497.0
303.0
469.0
500.0
164.49999999999997
500.0
500.0
500.0
500.0
500.0
500.0
500.0
467.0
500.0
460.0
332.0
392.5
485.0
468.0
371.0
388.0
440.0
349.5000000000001
457.0
460.5
461.5
500.0
52.999999999999986
42.5
78.0
76.49999999999997
121.49999999999997
170.49999999999994
91.99999999999997
190.99999999999997
186.99999999999994
391.5
500.0
500.0
500.0
500.0
500.0
500.0
500.0
500.0
500.0
500.0
120.49999999999997
296.0
274.0
60.999999999999986
42.499999999999986
13.5
24.000000000000007
63.999999999999986
43.999999999999986
111.99999999999999
330.0
500.0
313.0
500.0
500.0
500.0
500.0
500.0
64.99999999999999
302.0
500.0
500.0
500.0
500.0
500.0
500.0
500.0
500.0
500.0
500.0
256.0
500.0
500.0
500.0
500.0
500.0
500.0
500.0
500.0
500.0
500.0
500.0
500.0
500.0
500.0
500.0
500.0
500.0
500.0
500.0
500.0
500.0
255.0
500.0
500.0
500.0
500.0
500.0
500.0
500.0
500.0
500.0
338.0
500.0
327.0
500.0
500.0
139.5
85.99999999999999
184.0
327.5
291.0
500.0
500.0
500.0
500.0
500.0
500.0
424.49999999999994
500.0
500.0
262.5
426.0
500.0
500.0
500.0
500.0
384.0
500.0
500.0
500.0
500.0
500.0
500.0
500.0
500.0
151.5
165.49999999999997
88.5
401.5
305.5
500.0
500.0
500.0
500.0
214.5
256.5
500.0
500.0
500.0
500.0
219.5
500.0
500.0
500.0
500.0
110.49999999999999
500.0
500.0
500.0
127.99999999999999
321.0
500.0
262.5
500.0
500.0
391.5
356.0
500.0
500.0
500.0
500.0
207.5
500.0
500.0
500.0
500.0
500.0
500.0
500.0
500.0
500.0
500.0
106.0
255.0
500.0
500.0
290.5
500.0
500.0
500.0
168.49999999999994
490.0
247.0
255.5
500.0
500.0
424.5
500.0
121.99999999999996
446.5
500.0
283.0
500.0
500.0
43.499999999999986
441.0
111.49999999999999
162.5
320.5
304.5
500.0
500.0
500.0
500.0
500.0
500.0
25.000000000000007
41.0
200.99999999999994
500.0
500.0
497.5
426.99999999999994
278.5
500.0
405.0
328.5
500.0
500.0
500.0
500.0
500.0
259.5
318.0
500.0
188.0
192.99999999999997
226.0
500.0
500.0
500.0
500.0
262.0
500.0
500.0
73.5
132.49999999999997
121.99999999999999
148.5
130.5
116.49999999999997
152.99999999999997
161.99999999999997
500.0
245.5
227.99999999999997
500.0
405.5
500.0
281.0
500.0
217.49999999999994
500.0
284.49999999999994
214.5
112.49999999999997
23.500000000000007
149.5
114.0
174.5
99.99999999999997
151.5
168.5
183.99999999999997
138.5
191.0
148.49999999999997
296.5
85.49999999999997
38.0
53.49999999999999
54.99999999999999
82.49999999999999
72.99999999999997
60.99999999999998
28.999999999999993
46.999999999999986
161.99999999999997
84.49999999999999
24.500000000000004
92.99999999999999
50.49999999999997
140.0
211.5
32.499999999999986
86.49999999999999
214.99999999999994
142.5
500.0
500.0
500.0
480.0
500.0
500.0
500.0
500.0
30.499999999999996
308.99999999999994
500.0
500.0
500.0
269.5
500.0
500.0
500.0
72.99999999999997
129.99999999999997
206.99999999999994
500.0
500.0
51.5
62.49999999999997
79.00000000000001
500.0
336.5
500.0
500.0
500.0
500.0
500.0
500.0
500.0
500.0
500.0
500.0
500.0
60.49999999999999
170.49999999999997
305.0
500.0
350.5
99.99999999999997
197.99999999999997
500.0
500.0
500.0
500.0
500.0
500.0
500.0
500.0
500.0
500.0
500.0
255.0
500.0
52.499999999999986
500.0
131.49999999999997
375.5
122.49999999999999
500.0
500.0
500.0
500.0
215.99999999999994
500.0
500.0
500.0
500.0
500.0
500.0
500.0
89.99999999999997
500.0
248.49999999999997
500.0
500.0
500.0
500.0
500.0
500.0
500.0
500.0
500.0
500.0
500.0
381.0
500.0
500.0
500.0
500.0
500.0
500.0
367.0
334.5
500.0
337.99999999999994
500.0
