17.0
27.000000000000007
17.0
21.500000000000007
41.5
28.000000000000004
21.500000000000007
42.499999999999986
31.0
11.500000000000002
28.000000000000007
25.500000000000004
23.000000000000007
22.500000000000007
22.500000000000007
24.500000000000007
39.0
19.000000000000007
15.000000000000002
22.000000000000007
24.500000000000007
52.0
22.500000000000004
12.5
40.999999999999986
28.999999999999996
26.500000000000004
48.0
30.500000000000007
51.999999999999986
61.49999999999999
66.49999999999999
54.499999999999986
75.99999999999997
82.49999999999997
80.99999999999997
60.5
105.99999999999997
29.499999999999993
29.500000000000007
15.000000000000002
20.000000000000007
18.500000000000004
25.000000000000007
22.000000000000004
15.000000000000002
31.000000000000007
28.500000000000007
19.500000000000007
38.0
37.5
47.5
42.499999999999986
47.999999999999986
126.49999999999997
121.0
99.0
136.0
143.49999999999997
124.49999999999999
219.0
162.5
187.5
213.5
261.5
273.0
223.50000000000003
302.5
350.4999999999999
479.5
303.5
317.5
301.0
334.0
279.0
427.5
421.5
217.0
460.5
500.0
337.5
456.0
500.0
500.0
500.0
470.5
500.0
500.0
500.0
500.0
500.0
500.0
500.0
500.0
500.0
500.0
500.0
500.0
500.0
500.0
500.0
500.0
500.0
500.0
500.0
500.0
500.0
500.0
500.0
500.0
500.0
500.0
500.0
500.0
500.0
500.0
500.0
500.0
500.0
500.0
500.0
500.0
354.5
500.0
500.0
500.0
500.0
500.0
500.0
500.0
500.0
500.0
500.0
500.0
500.0
500.0
500.0
500.0
500.0
500.0
500.0
500.0
500.0
500.0
500.0
500.0
500.0
500.0
500.0
500.0
500.0
500.0
500.0
500.0
500.0
500.0
500.0
500.0
500.0
500.0
500.0
500.0
500.0
500.0
500.0
500.0
500.0
500.0
500.0
500.0
500.0
500.0
500.0
500.0
500.0
500.0
500.0
500.0
500.0
500.0
500.0
500.0
500.0
500.0
500.0
500.0
500.0
500.0
500.0
500.0
500.0
500.0
500.0
500.0
500.0
500.0
500.0
500.0
500.0
500.0
10.0
14.500000000000002
25.500000000000007
37.00000000000001
45.99999999999999
15.000000000000002
20.500000000000007
29.0
20.000000000000007
17.000000000000004
33.5
21.000000000000007
34.5
30.500000000000004
39.0
53.5
47.999999999999986
18.500000000000004
21.000000000000007
18.500000000000007
30.500000000000007
16.0
34.5
42.0
72.49999999999997
39.0
25.000000000000007
40.5
23.000000000000007
20.000000000000007
29.0
56.0
53.49999999999998
16.5
26.0
25.500000000000004
16.500000000000004
13.500000000000004
23.0
23.000000000000007
34.999999999999986
20.500000000000007
29.5
29.499999999999993
37.99999999999999
18.5
33.99999999999999
47.0
58.99999999999997
69.49999999999999
126.49999999999999
500.0
430.5
135.5
42.499999999999986
43.999999999999986
58.499999999999986
27.000000000000004
51.0
25.000000000000004
16.0
31.500000000000007
34.0
44.0
19.500000000000004
17.500000000000004
16.000000000000004
31.500000000000007
36.50000000000001
19.000000000000004
28.000000000000007
13.500000000000004
14.500000000000002
23.000000000000007
27.000000000000007
12.500000000000004
30.000000000000007
37.0
37.50000000000001
50.5
40.5
28.500000000000007
35.99999999999999
47.499999999999986
52.5
57.99999999999999
25.0
39.99999999999999
34.49999999999999
29.000000000000007
61.5
57.499999999999986
20.500000000000007
40.999999999999986
30.5
25.500000000000007
29.000000000000007
44.999999999999986
56.99999999999999
70.99999999999999
49.49999999999998
56.0
37.999999999999986
53.49999999999998
25.500000000000004
39.5
40.5
61.999999999999986
63.499999999999986
25.5
52.99999999999999
29.500000000000007
26.500000000000004
19.500000000000007
22.000000000000004
33.5
21.500000000000004
41.5
19.500000000000004
26.0
33.999999999999986
33.00000000000001
43.99999999999999
108.99999999999999
148.49999999999997
174.5
158.5
183.5
207.0
170.5
184.49999999999994
197.0
167.49999999999997
222.0
283.0
231.0
166.49999999999997
161.5
172.49999999999994
158.99999999999997
134.5
338.5
217.0
365.5
191.0
191.0
243.49999999999997
207.0
185.5
146.0
190.0
214.00000000000003
170.99999999999997
273.5
212.5
283.5
174.49999999999994
271.5
299.49999999999994
220.49999999999994
288.49999999999994
201.5
307.0
322.5
293.5
248.5
259.49999999999994
361.5
308.5
260.5
221.49999999999997
234.50000000000003
278.0
295.0
370.0
181.0
180.0
261.0
342.5
230.5
281.5
416.99999999999994
269.0
339.99999999999994
314.49999999999994
416.5
366.0
429.0
258.0
287.0
296.5
347.49999999999994
437.5000000000001
364.0
487.0
463.5
460.0
328.0
407.5
294.49999999999994
8.5
9.5
9.5
9.0
9.5
9.0
9.0
9.0
9.5
9.5
9.0
9.5
10.0
9.0
10.0
8.5
8.5
10.0
8.5
8.5
9.5
8.5
9.0
9.5
10.0
8.5
9.5
9.5
10.5
9.0
8.5
8.5
9.5
9.5
9.5
10.0
8.5
9.0
9.5
9.0
10.0
8.0
9.5
9.0
9.5
10.0
9.0
10.0
9.5
9.0
9.5
10.0
9.5
9.0
9.5
9.0
9.5
9.0
8.5
8.5
8.5
10.5
10.0
9.0
10.0
9.0
9.5
9.5
9.0
9.5
9.5
10.0
8.5
8.5
10.0
10.5
9.5
9.0
10.0
9.5
10.0
11.5
9.5
10.0
11.5
14.0
10.0
9.5
13.000000000000004
14.5
15.000000000000004
10.5
13.000000000000004
16.5
20.000000000000004
31.000000000000007
14.500000000000002
13.000000000000002
26.500000000000007
31.499999999999993
22.000000000000004
25.5
19.500000000000004
16.5
9.5
49.999999999999986
19.000000000000004
58.999999999999986
31.499999999999993
35.0
30.999999999999993
19.000000000000004
24.000000000000004
29.000000000000007
23.500000000000007
39.0
24.000000000000007
19.500000000000004
30.0
21.500000000000004
25.000000000000007
26.5
20.5
26.5
11.000000000000002
12.000000000000002
12.000000000000002
19.500000000000004
27.999999999999993
18.500000000000004
52.0
19.000000000000004
15.500000000000002
19.500000000000004
33.99999999999999
25.000000000000007
19.000000000000004
26.000000000000007
21.000000000000007
54.5
46.99999999999997
30.999999999999993
15.000000000000004
21.500000000000004
19.000000000000004
31.0
27.999999999999993
39.5
29.000000000000007
23.500000000000007
31.500000000000004
31.000000000000004
21.500000000000004
25.500000000000007
41.99999999999999
43.0
53.49999999999999
34.99999999999999
40.49999999999999
27.500000000000004
41.999999999999986
36.499999999999986
32.50000000000001
32.50000000000001
24.000000000000004
20.500000000000007
30.500000000000007
37.99999999999999
32.50000000000001
26.500000000000004
31.500000000000007
87.99999999999999
28.000000000000007
25.000000000000007
17.500000000000004
19.000000000000004
43.99999999999999
16.000000000000004
31.000000000000007
25.5
65.5
21.500000000000004
35.499999999999986
27.500000000000007
39.0
43.5
70.99999999999999
32.50000000000001
36.0
32.00000000000001
35.00000000000001
38.49999999999999
37.50000000000001
55.999999999999986
31.500000000000007
38.999999999999986
27.000000000000007
32.5
29.500000000000004
64.99999999999997
23.000000000000007
39.5
44.999999999999986
52.999999999999986
55.5
81.5
40.5
40.5
36.5
61.49999999999999
39.499999999999986
32.49999999999999
33.999999999999986
18.500000000000007
24.500000000000007
54.49999999999997
55.499999999999986
27.500000000000007
43.0
44.5
35.0
59.999999999999986
66.99999999999999
99.49999999999999
74.5
48.499999999999986
28.999999999999993
31.999999999999996
52.999999999999986
36.0
41.0
110.5
56.50000000000001
37.5
75.99999999999997
40.999999999999986
56.99999999999999
74.49999999999999
76.49999999999999
76.5
61.49999999999999
48.499999999999986
71.99999999999999
60.49999999999998
66.99999999999997
73.99999999999997
64.49999999999999
84.49999999999999
90.49999999999997
60.499999999999986
69.49999999999997
85.5
111.0
69.5
117.49999999999997
73.49999999999999
80.49999999999999
66.99999999999999
45.99999999999999
73.49999999999997
70.49999999999999
40.999999999999986
44.0
43.499999999999986
70.0
72.99999999999997
45.99999999999999
68.5
61.49999999999997
48.5
113.49999999999997
68.99999999999997
66.49999999999999
79.99999999999999
51.5
71.99999999999999
51.999999999999986
90.0
57.99999999999997
45.99999999999999
58.499999999999986
47.999999999999986
48.999999999999986
52.99999999999999
55.0
87.99999999999997
59.499999999999986
60.5
70.49999999999999
56.49999999999999
61.49999999999997
87.49999999999999
66.99999999999999
83.49999999999997
84.49999999999997
72.99999999999997
79.49999999999999
47.999999999999986
55.499999999999986
116.49999999999997
68.99999999999999
85.5
58.999999999999986
95.5
86.5
70.99999999999999
61.49999999999998
79.99999999999997
84.5
90.99999999999999
50.499999999999986
83.49999999999999
110.49999999999997
160.5
99.0
69.49999999999999
95.99999999999997
140.5
74.49999999999999
114.99999999999997
84.99999999999999
128.49999999999997
48.99999999999999
46.499999999999986
96.99999999999997
43.499999999999986
77.99999999999997
78.49999999999999
60.0
115.99999999999997
59.499999999999986
69.49999999999999
82.49999999999997
101.0
105.49999999999997
70.99999999999997
153.49999999999997
134.0
112.99999999999997
149.0
129.0
138.99999999999997
188.0
167.0
84.99999999999999
57.499999999999986
109.49999999999997
120.0
117.99999999999997
70.49999999999999
76.5
55.99999999999998
124.49999999999997
138.0
77.5
262.0
71.49999999999997
144.0
67.49999999999997
102.5
88.0
100.5
94.99999999999999
133.99999999999997
280.4999999999999
206.99999999999997
208.99999999999997
134.49999999999994
164.49999999999997
126.99999999999999
219.49999999999997
343.0
141.99999999999997
80.49999999999999
77.99999999999999
114.49999999999997
152.49999999999997
76.99999999999999
71.99999999999997
66.0
143.49999999999997
213.99999999999994
108.99999999999997
86.99999999999997
80.5
60.999999999999986
99.5
111.49999999999997
70.0
111.99999999999997
78.99999999999999
116.49999999999997
76.99999999999997
112.99999999999997
89.0
100.49999999999997
80.99999999999997
168.0
113.5
88.49999999999999
9.0
9.5
9.5
9.5
9.0
10.5
10.0
10.0
8.5
9.0
8.5
10.0
9.5
9.5
9.5
10.0
9.5
8.0
10.5
9.5
9.5
9.0
8.5
8.5
9.0
10.0
9.5
10.0
9.0
9.0
9.0
10.0
9.5
9.0
9.5
8.5
9.0
8.0
10.5
9.5
9.0
10.0
9.5
10.0
8.5
9.0
8.5
9.0
10.0
10.0
9.5
10.5
10.0
8.5
9.0
9.5
8.5
9.0
10.0
9.5
10.0
9.5
10.0
9.5
9.0
9.0
9.0
10.0
8.5
10.0
10.0
9.5
9.0
9.5
9.5
10.0
9.0
9.5
9.0
10.5
9.0
10.0
9.0
10.0
9.5
9.0
10.0
9.5
9.0
9.5
9.5
10.0
9.0
9.5
10.0
10.0
9.5
9.0
9.0
8.5
9.5
9.0
9.5
9.0
9.0
9.5
9.0
8.5
9.5
9.0
10.0
10.5
8.5
9.5
9.5
9.5
9.0
9.0
10.5
10.0
9.5
10.0
10.0
9.0
9.5
9.5
9.5
9.0
9.5
9.5
9.5
9.5
9.5
9.0
10.5
9.0
10.0
9.0
10.0
9.5
9.5
10.0
10.0
8.0
8.5
9.0
9.5
9.5
9.5
9.5
9.0
10.0
9.0
8.5
10.0
9.0
9.5
9.5
9.0
10.0
9.0
8.5
10.0
9.5
9.5
9.0
9.0
10.0
9.0
9.0
8.0
9.5
9.5
9.0
9.5
10.0
10.0
9.5
10.0
9.0
10.0
10.0
10.0
9.5
9.5
10.0
10.0
9.5
8.5
9.5
8.5
9.0
8.5
9.0
9.0
10.0
10.0
9.5
9.5
9.5
11.0
27.000000000000007
24.000000000000007
24.5
30.5
19.000000000000004
25.500000000000007
24.000000000000007
34.0
31.499999999999993
23.000000000000007
23.0
46.5
41.5
15.000000000000004
17.000000000000004
16.500000000000004
21.000000000000004
20.000000000000004
21.500000000000004
20.500000000000007
27.49999999999999
15.500000000000002
45.499999999999986
60.99999999999999
27.0
24.500000000000007
33.5
18.0
58.499999999999986
43.99999999999999
39.5
37.00000000000001
27.499999999999993
26.500000000000007
33.0
39.5
66.99999999999999
63.499999999999986
29.500000000000007
30.500000000000007
19.500000000000004
40.0
63.5
43.999999999999986
29.0
16.0
24.0
29.500000000000004
19.000000000000004
16.000000000000004
21.000000000000007
40.0
31.500000000000007
24.0
19.000000000000004
16.000000000000004
23.500000000000004
45.499999999999986
43.499999999999986
24.000000000000007
30.499999999999993
30.499999999999993
37.999999999999986
59.499999999999986
72.49999999999997
31.000000000000007
36.99999999999999
36.00000000000001
31.00000000000001
34.99999999999999
21.500000000000007
42.49999999999999
31.500000000000007
22.500000000000007
39.499999999999986
29.5
61.0
75.5
88.99999999999997
107.49999999999997
72.99999999999997
70.5
47.999999999999986
65.99999999999997
38.0
45.0
66.99999999999999
91.49999999999999
67.99999999999999
63.99999999999999
95.99999999999999
82.0
50.49999999999999
25.500000000000007
41.99999999999999
70.99999999999999
75.49999999999997
124.49999999999997
183.0
306.0
500.0
94.0
87.5
105.99999999999997
109.5
71.49999999999997
55.5
55.499999999999986
91.49999999999999
106.49999999999997
136.5
234.0
188.0
246.5
226.5
196.0
168.5
284.0
321.0
139.0
167.99999999999994
266.0
115.0
186.0
212.5
214.5
276.5
353.0
233.99999999999994
393.5
330.5
500.0
390.0
483.00000000000006
365.0
261.0
445.5
422.0
500.0
500.0
500.0
500.0
500.0
374.49999999999994
500.0
500.0
500.0
500.0
500.0
430.5
500.0
500.0
341.5
456.0
500.0
500.0
500.0
500.0
395.5
432.0
500.0
500.0
500.0
500.0
500.0
500.0
500.0
496.0
426.0
500.0
500.0
500.0
500.0
500.0
500.0
500.0
307.0
500.0
500.0
500.0
500.0
500.0
500.0
500.0
500.0
500.0
300.5
500.0
500.0
500.0
294.0
500.0
346.0
500.0
300.0
459.0
337.4999999999999
500.0
453.5
8.5
9.5
9.5
10.0
9.5
10.0
9.5
9.0
9.0
8.5
9.0
9.5
9.0
11.0
11.0
11.0
10.5
10.0
12.000000000000002
12.000000000000002
10.0
11.000000000000002
12.000000000000002
14.5
10.5
10.5
15.500000000000004
10.5
12.000000000000002
13.000000000000002
17.0
17.500000000000007
14.000000000000004
26.000000000000007
29.999999999999993
27.000000000000007
44.99999999999999
40.5
82.49999999999999
74.99999999999999
82.49999999999999
113.5
142.5
103.49999999999999
185.5
226.00000000000003
155.0
245.5
178.0
147.5
111.49999999999997
156.49999999999997
144.49999999999997
199.0
174.49999999999994
179.0
228.5
138.49999999999994
191.99999999999997
136.0
247.5
201.49999999999997
175.99999999999994
271.5
251.49999999999997
167.5
166.49999999999994
188.5
185.0
180.5
161.99999999999994
228.5
189.0
320.5
290.5
263.5
271.0
343.0
500.0
366.0
373.0
347.99999999999994
299.0
330.9999999999999
384.0
364.0
334.99999999999994
286.5
389.5
264.5
365.49999999999994
407.0
245.99999999999994
426.0
236.0
166.99999999999994
383.0
195.49999999999997
249.99999999999997
150.5
233.99999999999994
165.0
168.5
176.99999999999997
300.5
302.0
408.0
322.5
338.49999999999994
366.5
365.0
359.0
292.0
340.5
452.5
304.5
334.5
179.5
172.99999999999997
143.49999999999997
127.99999999999999
144.99999999999997
263.99999999999994
360.5
300.99999999999994
331.99999999999994
240.5
132.0
120.99999999999997
134.0
146.99999999999997
108.49999999999999
81.99999999999997
142.49999999999997
125.0
45.999999999999986
156.99999999999997
271.99999999999994
237.0
337.0
290.5
234.5
285.0
315.99999999999994
299.0
241.5
245.99999999999994
284.49999999999994
162.49999999999997
337.5
265.5
403.49999999999994
281.0
331.0
359.5
451.5
390.5
401.5
334.49999999999994
361.99999999999994
389.50000000000006
500.0
500.0
416.0
500.0
500.0
500.0
500.0
500.0
500.0
500.0
500.0
500.0
500.0
489.5
500.0
500.0
500.0
466.0
476.5
500.0
465.5
454.0
500.0
499.0
500.0
500.0
462.5
500.0
500.0
500.0
169.99999999999994
162.0
163.99999999999997
494.5
500.0
500.0
500.0
500.0
500.0
10.0
10.0
10.0
10.0
10.5
10.0
10.5
10.0
12.000000000000002
12.000000000000002
10.5
10.0
11.0
12.000000000000002
11.500000000000002
9.0
10.5
15.000000000000002
13.000000000000004
12.000000000000002
15.500000000000004
23.000000000000007
16.500000000000004
15.500000000000004
20.000000000000007
18.000000000000004
19.000000000000004
22.500000000000007
26.500000000000007
25.000000000000007
24.500000000000007
23.500000000000007
21.500000000000004
20.000000000000004
26.5
23.500000000000007
31.500000000000007
22.000000000000004
21.000000000000004
30.000000000000007
40.5
56.499999999999986
44.499999999999986
34.0
55.999999999999986
41.0
39.49999999999999
42.49999999999999
54.499999999999986
58.499999999999986
65.5
66.49999999999999
57.999999999999986
55.499999999999986
39.0
72.99999999999997
82.49999999999999
88.99999999999997
95.0
79.49999999999999
93.0
140.0
84.49999999999997
142.0
93.99999999999997
65.99999999999999
65.49999999999997
77.99999999999999
58.499999999999986
62.999999999999986
72.0
75.99999999999997
152.0
75.49999999999999
77.49999999999999
98.49999999999999
84.99999999999997
126.49999999999999
203.0
168.5
132.0
155.0
115.99999999999999
77.49999999999999
50.999999999999986
151.49999999999997
162.49999999999997
83.49999999999999
93.99999999999997
98.49999999999999
131.5
122.49999999999997
76.49999999999999
81.99999999999997
123.99999999999999
136.99999999999997
109.99999999999996
97.0
134.99999999999997
111.99999999999999
104.99999999999999
85.99999999999997
94.0
95.49999999999999
157.5
100.99999999999999
100.49999999999997
112.49999999999997
77.99999999999999
99.49999999999997
77.49999999999997
88.49999999999997
100.49999999999997
90.99999999999999
127.99999999999997
75.99999999999997
143.49999999999997
105.49999999999997
125.49999999999997
104.0
138.5
94.99999999999997
71.49999999999999
36.0
53.49999999999998
76.49999999999997
74.49999999999999
95.49999999999997
137.5
180.49999999999997
141.99999999999997
115.99999999999997
149.49999999999994
90.99999999999999
130.0
253.5
312.0
58.499999999999986
72.99999999999997
53.49999999999998
61.49999999999999
58.999999999999986
61.99999999999999
67.99999999999997
68.99999999999997
62.999999999999986
67.49999999999999
63.99999999999998
81.0
89.99999999999997
64.49999999999997
74.49999999999999
66.99999999999997
130.99999999999997
102.0
130.0
139.5
187.50000000000003
500.0
152.99999999999997
127.99999999999999
147.49999999999997
120.99999999999997
231.49999999999997
422.5
161.99999999999994
129.0
187.49999999999997
254.99999999999997
63.99999999999998
74.49999999999997
62.499999999999986
91.49999999999999
97.5
104.99999999999997
87.49999999999999
81.99999999999997
116.99999999999999
115.99999999999999
115.0
206.0
135.49999999999997
146.0
190.5
70.99999999999999
77.49999999999999
62.999999999999986
69.99999999999997
76.99999999999997
65.99999999999997
62.999999999999986
91.99999999999997
79.99999999999997
123.99999999999999
187.0
187.5
250.0
162.5
133.49999999999997
187.5
24.000000000000007
12.500000000000002
19.000000000000004
18.500000000000007
12.500000000000002
18.500000000000004
18.500000000000007
30.5
13.0
17.5
17.0
21.500000000000004
17.500000000000007
14.500000000000002
21.500000000000007
18.0
18.000000000000007
20.500000000000004
17.5
12.000000000000002
21.500000000000004
16.000000000000004
22.000000000000007
14.000000000000004
21.000000000000007
14.000000000000004
21.000000000000007
24.0
14.0
11.000000000000002
11.5
14.500000000000002
12.000000000000002
42.999999999999986
15.000000000000002
24.000000000000007
17.5
23.500000000000007
15.000000000000002
16.5
26.0
34.0
17.500000000000007
43.99999999999999
25.0
16.5
17.5
29.499999999999993
25.000000000000004
16.500000000000004
29.0
15.000000000000004
14.0
15.500000000000002
15.500000000000004
30.499999999999996
30.0
14.000000000000002
21.5
19.000000000000004
27.0
75.5
19.000000000000004
19.500000000000004
11.500000000000002
21.0
15.500000000000002
11.500000000000002
17.0
22.500000000000007
13.500000000000004
23.000000000000004
30.000000000000007
12.500000000000004
17.000000000000004
29.000000000000007
16.000000000000004
14.0
20.500000000000007
17.000000000000004
13.5
13.5
17.0
24.500000000000007
15.500000000000002
15.500000000000002
18.000000000000007
23.000000000000007
19.500000000000004
15.500000000000004
23.0
18.0
24.500000000000007
12.000000000000002
22.000000000000007
16.000000000000004
23.000000000000007
21.000000000000007
14.5
21.500000000000004
21.500000000000007
19.500000000000004
37.0
33.5
15.500000000000004
22.0
12.000000000000002
14.500000000000002
17.500000000000007
17.5
19.500000000000004
10.0
15.000000000000004
31.000000000000004
22.500000000000007
24.5
18.500000000000007
41.49999999999999
16.500000000000004
12.500000000000002
14.500000000000002
16.500000000000004
12.000000000000002
13.0
18.000000000000007
23.000000000000004
26.000000000000007
17.000000000000004
14.5
17.0
25.500000000000007
25.5
16.0
12.000000000000002
20.000000000000007
14.500000000000002
25.500000000000004
11.5
45.0
33.49999999999999
14.500000000000002
16.000000000000004
13.500000000000004
30.000000000000007
15.000000000000002
12.500000000000002
15.500000000000004
11.0
14.500000000000002
19.000000000000004
21.500000000000004
17.5
18.500000000000004
14.0
21.500000000000007
13.5
18.0
20.000000000000004
10.0
23.500000000000007
19.000000000000004
26.000000000000004
31.499999999999993
21.0
17.000000000000004
16.0
18.500000000000007
12.5
14.000000000000004
14.000000000000004
15.500000000000002
14.0
19.500000000000004
17.000000000000004
19.000000000000004
30.000000000000007
12.500000000000002
18.000000000000007
12.000000000000002
25.000000000000007
10.5
12.500000000000004
12.500000000000002
16.000000000000004
22.500000000000004
15.500000000000002
15.500000000000002
34.5
24.000000000000007
24.000000000000007
31.499999999999986
15.000000000000002
15.000000000000002
14.500000000000002
12.500000000000002
14.500000000000004
13.5
18.000000000000004
21.000000000000007
14.5
22.0
14.5
22.000000000000007
16.000000000000004
23.0
26.5
14.000000000000004
34.5
19.500000000000004
23.0
12.5
45.5
20.000000000000004
26.999999999999993
21.500000000000004
13.500000000000004
48.0
14.0
32.99999999999999
32.00000000000001
19.500000000000004
17.500000000000007
16.0
16.5
28.5
16.000000000000004
13.000000000000004
28.999999999999996
21.5
26.0
12.000000000000002
15.500000000000002
21.5
16.500000000000004
21.500000000000007
16.500000000000004
53.999999999999986
28.0
17.500000000000007
22.500000000000007
13.000000000000002
22.000000000000004
19.500000000000004
25.500000000000007
32.5
20.000000000000007
12.500000000000002
21.500000000000007
29.000000000000007
30.500000000000004
25.000000000000004
37.00000000000001
19.000000000000004
15.500000000000002
27.000000000000007
17.000000000000004
19.000000000000004
25.000000000000007
12.500000000000002
18.500000000000004
18.0
23.0
17.500000000000004
19.500000000000004
26.0
29.500000000000004
25.500000000000007
24.5
26.999999999999993
22.5
12.000000000000002
38.49999999999999
15.000000000000002
27.000000000000007
18.000000000000004
20.500000000000007
33.0
39.499999999999986
17.500000000000004
13.5
16.500000000000004
16.5
16.5
19.000000000000004
18.500000000000004
33.00000000000001
11.500000000000002
41.49999999999999
19.500000000000004
26.000000000000007
28.000000000000004
28.999999999999993
16.000000000000004
32.00000000000001
23.000000000000007
25.500000000000007
35.0
27.500000000000007
22.500000000000007
22.0
26.499999999999996
15.500000000000004
41.99999999999999
25.500000000000004
22.500000000000007
15.500000000000002
15.000000000000004
18.500000000000004
24.500000000000004
29.5
19.500000000000004
28.000000000000007
33.5
12.000000000000002
26.500000000000007
23.500000000000004
13.500000000000004
41.0
19.000000000000004
16.000000000000004
19.000000000000004
12.500000000000002
15.000000000000002
12.500000000000002
17.5
37.49999999999999
32.0
21.000000000000007
25.500000000000007
27.5
21.000000000000007
45.999999999999986
24.5
21.000000000000004
27.499999999999993
18.5
18.500000000000007
29.0
22.0
33.99999999999999
22.5
14.000000000000004
35.49999999999999
16.0
23.500000000000007
15.500000000000002
14.000000000000004
42.5
16.0
26.000000000000007
17.000000000000004
15.500000000000004
17.5
21.000000000000007
16.000000000000004
13.0
17.000000000000004
49.49999999999999
23.5
16.000000000000004
18.500000000000007
21.000000000000007
18.500000000000004
20.500000000000007
20.000000000000007
48.499999999999986
16.000000000000004
12.500000000000004
14.0
34.49999999999999
22.0
24.5
21.000000000000004
26.5
19.500000000000004
16.5
39.99999999999999
18.500000000000007
27.500000000000007
17.5
13.0
29.0
18.500000000000004
14.500000000000002
19.000000000000004
23.500000000000007
21.500000000000004
29.5
17.0
16.5
16.500000000000004
22.500000000000004
34.49999999999999
16.500000000000004
13.000000000000004
11.0
15.500000000000004
13.0
13.500000000000004
17.500000000000004
