23.0
27.000000000000007
21.500000000000004
19.500000000000004
14.500000000000004
30.000000000000004
13.500000000000004
28.000000000000007
15.000000000000004
28.5
10.0
13.0
12.000000000000002
25.000000000000007
29.000000000000007
13.5
14.0
14.000000000000002
31.000000000000004
16.0
29.500000000000004
27.5
38.49999999999999
41.99999999999999
17.5
24.000000000000007
21.500000000000007
24.000000000000004
42.5
45.0
37.5
58.49999999999999
105.5
23.500000000000007
16.5
24.500000000000007
22.500000000000004
55.499999999999986
26.999999999999993
47.499999999999986
69.49999999999997
33.0
25.000000000000007
50.5
28.499999999999993
73.00000000000001
180.5
107.0
118.49999999999997
190.5
103.49999999999999
93.99999999999999
80.49999999999997
87.49999999999999
45.999999999999986
73.49999999999997
135.5
183.5
193.5
168.5
136.49999999999997
186.0
174.49999999999997
137.0
139.0
139.49999999999997
184.5
233.99999999999994
181.5
275.49999999999994
190.5
232.50000000000003
188.99999999999997
262.0
204.99999999999997
232.0
205.0
211.0
271.0
227.5
222.99999999999997
345.5
354.0
372.0
301.99999999999994
236.5
355.5
284.0
350.0
189.0
265.5
215.0
409.0
334.49999999999994
332.0
301.99999999999994
336.49999999999994
255.00000000000003
317.99999999999994
393.49999999999994
422.5
413.0
433.0
321.99999999999994
461.0
457.5
500.0
500.0
500.0
500.0
500.0
500.0
500.0
500.0
500.0
500.0
500.0
500.0
500.0
500.0
500.0
500.0
500.0
500.0
500.0
500.0
500.0
500.0
500.0
500.0
500.0
500.0
500.0
500.0
500.0
500.0
500.0
500.0
500.0
500.0
500.0
500.0
500.0
500.0
500.0
500.0
500.0
500.0
500.0
500.0
500.0
500.0
131.49999999999997
201.0
272.0
500.0
500.0
500.0
500.0
500.0
500.0
500.0
500.0
500.0
260.5
500.0
500.0
500.0
500.0
500.0
500.0
500.0
500.0
500.0
500.0
500.0
500.0
500.0
257.5
500.0
500.0
500.0
500.0
500.0
500.0
500.0
500.0
500.0
500.0
500.0
500.0
500.0
500.0
500.0
500.0
500.0
500.0
500.0
500.0
500.0
287.99999999999994
277.5
175.5
136.49999999999997
132.0
62.0
91.0
72.0
83.99999999999999
72.49999999999997
25.5
16.5
44.999999999999986
18.500000000000004
21.500000000000007
18.500000000000007
20.0
17.000000000000004
13.000000000000004
32.00000000000001
33.499999999999986
31.999999999999993
20.000000000000007
23.5
39.49999999999999
27.000000000000007
54.999999999999986
115.0
127.00000000000001
75.0
149.0
154.99999999999994
190.49999999999997
224.5
136.0
126.0
145.99999999999997
213.0
341.0
232.5
270.0
229.5
200.0
217.50000000000003
204.0
307.5
269.5
290.0
230.00000000000006
363.5
396.5
318.49999999999994
308.0
210.0
210.0
285.5
216.49999999999997
217.0
253.99999999999994
258.5
285.99999999999994
227.0
262.0
307.0
378.0
265.0
309.5
283.0
316.5
337.0
231.50000000000003
245.49999999999997
488.00000000000006
230.0
311.4999999999999
238.49999999999997
221.5
267.0
328.0
257.5
226.5
223.0
207.0
195.49999999999997
259.49999999999994
288.0
221.5
255.49999999999997
284.99999999999994
431.5
268.5
399.50000000000006
286.0
322.5
198.0
317.49999999999994
353.0
336.5
242.0
309.5
262.5
357.5
257.5
249.5
374.0
470.5
189.0
283.0
351.5
271.0
426.99999999999994
424.0
362.49999999999994
320.99999999999994
449.49999999999994
460.50000000000006
431.0
441.0
323.49999999999994
455.50000000000006
500.0
500.0
446.0
500.0
500.0
500.0
500.0
500.0
500.0
500.0
500.0
500.0
500.0
500.0
500.0
500.0
500.0
479.0
500.0
500.0
460.5
500.0
500.0
451.00000000000006
377.4999999999999
500.0
500.0
500.0
500.0
500.0
500.0
500.0
500.0
433.5
500.0
500.0
500.0
500.0
463.5
425.5
495.50000000000006
500.0
500.0
500.0
500.0
500.0
500.0
467.0
500.0
500.0
500.0
500.0
500.0
498.5
500.0
500.0
500.0
500.0
500.0
500.0
444.49999999999994
500.0
500.0
466.0
500.0
500.0
473.0
456.5
500.0
479.5
500.0
500.0
500.0
500.0
500.0
500.0
344.0
500.0
500.0
500.0
9.0
9.5
9.5
9.5
9.0
9.5
9.5
9.0
10.5
8.5
9.0
9.0
9.0
9.5
10.0
9.5
10.0
9.0
8.5
9.0
9.5
9.5
8.5
10.0
10.0
9.0
10.0
9.5
10.0
9.5
10.0
10.0
9.0
9.5
9.5
9.5
9.5
9.5
9.5
10.0
10.0
9.0
9.5
9.5
9.5
9.0
10.0
10.5
9.5
9.0
10.0
9.5
10.0
9.5
9.0
9.5
10.0
8.5
10.0
9.0
9.5
9.5
9.5
9.5
8.5
9.0
10.0
9.5
9.0
9.0
8.0
11.0
9.0
9.5
11.5
10.0
11.5
14.500000000000002
14.5
16.000000000000004
18.5
21.000000000000007
34.0
21.500000000000004
34.499999999999986
22.000000000000007
16.5
36.0
28.500000000000007
23.000000000000007
20.500000000000004
21.000000000000007
24.500000000000007
29.5
14.000000000000004
23.5
17.000000000000004
11.500000000000002
13.000000000000002
18.500000000000007
17.5
51.999999999999986
24.500000000000004
27.000000000000007
12.000000000000002
19.000000000000004
19.500000000000004
19.500000000000004
25.000000000000007
20.000000000000004
24.5
23.5
25.5
14.500000000000004
21.000000000000007
30.999999999999993
29.999999999999996
14.000000000000002
22.0
37.49999999999999
19.000000000000004
15.000000000000004
22.500000000000007
41.999999999999986
29.499999999999993
20.000000000000007
37.99999999999999
36.50000000000001
29.500000000000007
23.000000000000007
22.0
45.999999999999986
32.50000000000001
36.499999999999986
33.5
37.50000000000001
28.5
36.0
35.99999999999999
40.49999999999999
47.499999999999986
63.499999999999986
27.500000000000004
15.000000000000002
24.000000000000007
42.49999999999999
62.0
33.5
40.5
22.500000000000007
24.000000000000007
28.5
41.49999999999999
65.5
52.0
30.500000000000004
62.999999999999986
29.000000000000007
25.500000000000007
34.99999999999999
63.499999999999986
71.49999999999999
66.99999999999999
30.000000000000007
20.500000000000007
35.0
20.000000000000007
44.49999999999999
46.999999999999986
53.99999999999997
31.000000000000004
31.499999999999993
49.499999999999986
41.0
46.49999999999999
57.499999999999986
52.499999999999986
40.499999999999986
42.0
68.49999999999997
30.000000000000004
52.499999999999986
49.499999999999986
40.999999999999986
37.49999999999999
38.999999999999986
35.49999999999999
45.0
37.00000000000001
89.5
73.49999999999997
29.000000000000007
19.000000000000004
34.5
29.0
28.5
38.5
49.999999999999986
72.49999999999999
45.5
40.5
17.500000000000004
16.0
43.5
31.000000000000004
47.999999999999986
40.0
31.500000000000004
43.5
31.5
18.000000000000004
12.500000000000002
29.999999999999993
36.50000000000001
22.500000000000004
34.0
17.5
43.499999999999986
28.000000000000007
14.500000000000002
35.00000000000001
22.000000000000007
24.500000000000007
22.500000000000007
41.0
58.499999999999986
61.99999999999997
52.5
39.5
36.5
72.99999999999997
54.499999999999986
64.49999999999997
69.0
64.99999999999999
37.0
32.50000000000001
49.49999999999998
46.999999999999986
31.500000000000007
53.5
63.499999999999986
58.499999999999986
84.99999999999997
56.999999999999986
57.49999999999998
56.499999999999986
84.0
90.99999999999999
70.5
44.0
66.5
61.499999999999986
79.99999999999997
72.5
142.0
74.5
74.49999999999999
53.49999999999998
82.49999999999997
79.99999999999999
50.999999999999986
94.49999999999999
64.49999999999997
52.99999999999998
67.49999999999999
66.99999999999999
132.0
97.99999999999997
81.49999999999999
92.0
94.5
96.49999999999997
59.499999999999986
68.49999999999997
59.499999999999986
67.99999999999999
58.49999999999997
65.0
81.49999999999997
51.999999999999986
51.499999999999986
102.5
62.99999999999997
53.499999999999986
74.5
80.49999999999997
91.0
53.999999999999986
58.499999999999986
75.99999999999999
101.49999999999997
86.99999999999997
60.99999999999999
70.0
81.0
82.49999999999997
41.99999999999999
77.99999999999997
69.49999999999999
41.0
44.499999999999986
57.999999999999986
55.999999999999986
84.49999999999997
52.999999999999986
47.499999999999986
72.49999999999997
86.99999999999999
97.0
56.99999999999999
71.49999999999999
71.5
95.0
87.49999999999999
57.499999999999986
84.99999999999997
77.49999999999997
89.5
61.99999999999997
81.49999999999997
101.49999999999997
121.99999999999997
91.49999999999999
102.49999999999999
98.49999999999997
58.499999999999986
173.99999999999997
76.49999999999999
115.49999999999999
141.0
138.0
109.99999999999997
80.99999999999997
94.49999999999997
127.99999999999997
142.0
73.5
116.99999999999997
145.5
66.5
64.99999999999997
48.999999999999986
101.5
70.49999999999999
80.49999999999999
72.99999999999997
117.99999999999997
78.99999999999997
66.49999999999997
187.5
135.0
115.5
232.49999999999994
219.0
164.49999999999997
272.0
207.99999999999997
174.49999999999994
151.0
112.99999999999997
63.49999999999998
134.99999999999994
84.99999999999997
224.0
185.5
192.99999999999997
196.0
104.99999999999997
139.49999999999997
187.0
292.5
254.99999999999997
251.49999999999994
152.5
122.5
92.99999999999997
119.5
144.0
117.0
151.5
164.5
73.49999999999997
86.99999999999997
93.5
222.49999999999997
100.49999999999999
222.49999999999997
170.99999999999997
161.49999999999997
201.0
340.99999999999994
260.5
147.99999999999997
146.5
227.5
101.99999999999997
195.5
231.5
200.5
8.5
9.0
9.5
9.5
8.5
10.0
9.5
9.0
10.0
10.5
9.0
9.5
10.0
9.5
9.5
9.0
9.5
9.0
8.5
9.0
8.5
10.5
9.0
8.5
8.5
10.0
9.5
9.5
10.5
9.5
9.0
9.5
9.5
9.5
9.5
9.5
10.0
9.5
9.0
10.5
9.5
10.0
8.5
10.0
9.5
9.5
10.0
9.5
10.5
10.0
9.5
9.5
10.5
9.0
9.0
10.0
10.0
9.0
9.0
9.0
9.0
9.5
8.5
8.5
10.0
8.0
9.5
9.5
9.0
9.5
9.0
9.0
10.0
9.5
10.0
9.5
9.5
9.5
9.0
9.0
10.0
8.5
9.5
9.5
9.0
9.5
9.5
9.0
10.0
8.0
8.5
9.5
9.0
9.5
9.5
10.5
9.5
9.0
9.0
10.0
9.0
10.0
10.0
9.0
9.5
9.5
9.0
9.5
9.5
10.0
9.5
9.5
10.0
9.0
10.5
9.0
10.5
9.5
9.0
9.5
10.5
9.5
9.5
10.0
8.5
9.0
9.5
9.0
10.0
9.5
9.0
9.5
9.0
9.5
10.0
9.5
9.0
9.0
9.0
9.5
9.5
9.5
9.0
9.5
8.0
10.0
9.0
9.5
9.5
9.5
9.5
10.0
9.0
10.0
10.0
10.0
10.0
10.0
9.0
10.0
9.5
9.0
10.5
8.0
8.5
9.5
9.5
8.5
8.5
10.0
9.5
10.0
9.0
9.5
9.5
9.0
8.0
9.0
9.5
9.5
10.0
10.0
8.5
9.5
10.0
9.5
10.5
9.5
9.0
9.0
9.0
10.5
9.5
9.5
9.0
9.5
9.5
9.5
9.5
8.5
11.0
13.5
36.0
16.500000000000004
12.500000000000004
19.500000000000004
22.500000000000004
21.000000000000004
16.500000000000004
11.500000000000002
12.000000000000002
13.0
16.5
20.500000000000004
30.500000000000004
12.000000000000002
23.0
29.500000000000004
42.0
21.500000000000004
21.000000000000007
18.5
29.000000000000007
16.000000000000004
18.5
45.49999999999999
24.000000000000007
22.000000000000004
13.500000000000002
15.500000000000002
26.0
21.500000000000004
13.500000000000002
32.99999999999999
26.500000000000007
19.000000000000004
21.000000000000007
54.999999999999986
17.0
33.999999999999986
31.500000000000007
11.000000000000002
45.49999999999999
16.500000000000004
32.00000000000001
34.5
29.499999999999986
14.0
19.000000000000004
44.5
27.499999999999993
23.500000000000004
41.99999999999999
22.000000000000007
28.000000000000007
13.000000000000002
17.500000000000004
11.000000000000002
18.500000000000004
16.000000000000004
26.500000000000007
27.5
23.000000000000007
26.0
21.000000000000007
32.99999999999999
19.500000000000004
64.49999999999999
13.5
38.499999999999986
19.000000000000004
32.50000000000001
36.50000000000001
27.5
41.49999999999999
34.00000000000001
28.000000000000007
28.500000000000004
34.5
18.000000000000007
26.0
18.500000000000004
21.000000000000007
45.5
23.0
35.0
62.0
71.49999999999999
55.0
30.000000000000007
27.500000000000007
37.5
22.000000000000004
35.999999999999986
25.000000000000007
29.500000000000007
23.500000000000007
18.0
24.500000000000004
32.49999999999999
37.0
18.0
58.99999999999997
32.00000000000001
32.50000000000001
44.0
30.500000000000004
27.999999999999993
30.999999999999993
50.499999999999986
67.49999999999999
90.0
47.5
47.999999999999986
53.999999999999986
81.99999999999997
58.499999999999986
39.499999999999986
51.499999999999986
73.99999999999997
88.49999999999997
99.49999999999997
64.49999999999997
80.99999999999997
105.00000000000001
117.5
127.49999999999999
103.0
78.0
127.0
179.50000000000003
147.99999999999997
190.5
157.0
145.0
81.49999999999997
109.49999999999999
113.99999999999999
175.49999999999994
157.0
202.5
166.99999999999997
182.99999999999997
143.5
182.0
148.0
128.5
171.5
303.99999999999994
169.5
271.99999999999994
155.49999999999997
264.0
184.0
200.0
293.0
206.0
204.5
281.49999999999994
165.0
291.99999999999994
467.5
182.0
185.5
277.0
328.5
295.0
195.0
260.49999999999994
225.99999999999994
201.0
189.5
204.0
170.99999999999994
297.5
321.0
291.99999999999994
287.5
196.99999999999994
220.5
195.5
210.0
123.5
112.49999999999999
204.5
132.5
132.5
119.49999999999997
318.00000000000006
338.0
212.0
136.99999999999997
133.5
344.5
131.0
197.0
210.0
147.99999999999997
211.5
163.99999999999997
9.5
10.0
9.5
8.5
9.0
8.5
10.0
8.0
9.5
10.5
9.0
10.0
10.0
9.5
11.0
10.0
9.5
10.5
10.5
10.0
10.5
10.5
10.5
9.5
11.0
11.5
10.5
11.500000000000002
13.500000000000004
11.500000000000002
12.000000000000002
13.000000000000004
12.000000000000002
10.0
11.0
11.5
12.000000000000002
11.0
14.000000000000004
17.5
17.000000000000004
19.500000000000004
17.500000000000004
23.000000000000007
16.5
17.5
16.5
17.500000000000007
26.0
22.000000000000004
25.000000000000007
30.000000000000007
26.500000000000007
21.000000000000004
23.000000000000007
23.000000000000007
34.5
29.500000000000004
29.000000000000007
28.000000000000007
35.50000000000001
26.500000000000007
29.000000000000007
24.500000000000004
25.000000000000007
28.500000000000007
35.0
32.00000000000001
25.000000000000004
37.0
28.000000000000007
30.500000000000007
29.500000000000007
36.5
35.5
33.5
46.499999999999986
47.0
42.49999999999999
76.49999999999997
67.0
55.499999999999986
49.99999999999999
97.0
91.0
127.99999999999997
202.0
115.99999999999997
123.0
177.0
128.99999999999997
143.0
147.99999999999997
136.0
93.99999999999999
101.49999999999999
140.99999999999997
98.99999999999999
247.0
102.99999999999999
116.00000000000001
86.49999999999997
76.49999999999997
268.5
74.99999999999997
49.999999999999986
80.0
101.99999999999999
86.0
156.0
115.49999999999997
128.49999999999997
31.500000000000007
41.99999999999999
39.5
59.99999999999998
70.99999999999999
84.49999999999997
63.49999999999998
109.99999999999997
115.49999999999999
69.99999999999997
131.0
112.5
124.5
154.5
152.5
129.5
150.5
147.49999999999997
103.0
106.99999999999999
127.49999999999999
133.49999999999997
239.0
124.99999999999997
91.49999999999997
107.0
160.0
165.49999999999994
152.0
167.0
115.99999999999997
155.49999999999994
108.99999999999999
308.99999999999994
117.5
86.49999999999999
110.5
123.49999999999997
119.5
109.99999999999999
232.99999999999994
128.0
138.49999999999997
163.5
167.0
175.5
318.99999999999994
101.5
107.99999999999999
127.49999999999999
202.0
97.99999999999997
122.49999999999999
162.0
150.99999999999994
159.99999999999997
127.5
274.0
158.99999999999997
168.99999999999997
170.0
191.0
140.5
208.99999999999994
265.0
291.49999999999994
346.0
135.0
207.5
220.0
147.5
269.0
224.00000000000003
151.5
166.49999999999994
153.5
139.99999999999994
149.49999999999994
192.5
213.49999999999997
311.0
219.5
212.0
376.99999999999994
227.0
180.49999999999994
132.0
354.0
33.0
30.500000000000004
13.000000000000004
35.00000000000001
35.499999999999986
34.5
53.49999999999999
42.49999999999999
34.5
30.500000000000007
21.500000000000004
37.0
54.999999999999986
82.0
107.0
54.499999999999986
109.99999999999997
85.49999999999997
67.99999999999999
76.49999999999997
142.5
73.49999999999999
92.0
100.99999999999999
76.49999999999997
59.499999999999986
74.99999999999999
50.999999999999986
39.0
97.99999999999997
59.499999999999986
39.0
36.00000000000001
63.99999999999998
96.49999999999999
59.99999999999998
84.49999999999999
61.99999999999999
95.49999999999997
80.99999999999999
84.49999999999999
69.99999999999997
93.99999999999997
84.49999999999997
83.99999999999999
74.99999999999997
137.99999999999997
110.99999999999997
119.0
108.49999999999999
118.49999999999997
86.99999999999999
57.99999999999997
88.49999999999999
72.49999999999997
82.0
147.5
74.0
71.99999999999997
136.49999999999997
146.0
141.0
147.0
155.49999999999997
118.49999999999997
165.49999999999997
105.5
224.0
124.99999999999999
110.5
249.0
139.5
89.5
154.49999999999994
240.49999999999994
134.5
43.999999999999986
65.0
65.49999999999999
72.49999999999997
77.5
179.5
175.99999999999997
268.99999999999994
38.49999999999999
66.99999999999997
57.49999999999998
49.99999999999998
71.99999999999997
50.499999999999986
43.499999999999986
48.499999999999986
55.499999999999986
64.99999999999997
56.49999999999999
57.49999999999998
74.99999999999999
97.99999999999997
118.99999999999997
91.0
93.99999999999997
109.0
104.49999999999997
85.99999999999997
104.49999999999999
156.0
108.99999999999996
89.5
139.5
304.50000000000006
135.5
123.49999999999997
166.99999999999997
114.0
82.49999999999997
85.49999999999997
222.50000000000003
129.49999999999997
128.49999999999997
110.5
296.50000000000006
111.0
201.0
130.49999999999997
140.5
233.5
233.49999999999994
446.5
256.0
124.99999999999997
95.49999999999999
74.99999999999999
65.49999999999997
89.5
87.99999999999997
115.0
178.00000000000003
153.0
137.99999999999997
161.0
133.49999999999997
206.0
283.00000000000006
109.49999999999997
209.99999999999997
305.5
119.99999999999997
200.5
197.5
111.5
344.0
457.0
55.499999999999986
53.499999999999986
54.999999999999986
70.99999999999997
76.99999999999997
82.99999999999997
79.99999999999999
183.0
219.5
112.5
82.99999999999997
113.0
117.49999999999997
109.49999999999997
80.49999999999997
155.49999999999997
123.49999999999997
143.5
218.5
140.49999999999997
183.00000000000003
162.49999999999994
112.49999999999997
86.0
90.99999999999997
91.99999999999997
136.99999999999994
117.49999999999997
120.99999999999997
147.5
205.5
124.99999999999999
156.99999999999994
108.0
138.0
150.5
175.99999999999997
218.49999999999997
129.0
193.0
184.5
200.0
112.0
199.99999999999997
129.0
197.99999999999997
121.49999999999997
136.0
43.0
21.500000000000004
15.000000000000002
27.999999999999993
12.500000000000002
21.500000000000004
38.49999999999999
23.500000000000007
29.499999999999993
19.000000000000004
16.000000000000004
28.000000000000007
25.000000000000007
23.0
51.0
28.000000000000007
20.000000000000007
54.499999999999986
58.5
34.49999999999999
29.500000000000007
26.000000000000007
35.999999999999986
31.500000000000007
35.0
41.0
34.99999999999999
21.000000000000007
29.500000000000007
31.5
15.500000000000002
44.5
67.49999999999997
48.99999999999999
34.5
37.50000000000001
31.000000000000004
141.5
123.49999999999999
165.49999999999997
74.99999999999999
129.99999999999997
67.49999999999997
77.0
79.99999999999997
101.0
107.0
141.99999999999997
130.5
139.0
134.5
92.49999999999997
84.99999999999999
155.5
167.0
214.5
235.5
261.49999999999994
256.99999999999994
324.5
367.5
338.0
275.99999999999994
244.5
208.0
394.5
344.0
187.99999999999997
244.5
351.5
168.5
234.0
150.49999999999997
233.5
181.99999999999994
333.5
174.5
198.5
145.5
150.99999999999997
154.49999999999997
220.0
170.99999999999994
341.49999999999994
158.99999999999997
135.5
163.5
198.0
199.99999999999994
381.0
321.5
158.99999999999997
190.5
204.5
130.5
164.49999999999997
166.99999999999997
214.49999999999997
348.0
233.49999999999994
169.99999999999997
256.0
241.99999999999994
185.5
149.99999999999997
156.5
136.5
169.0
138.5
137.5
320.99999999999994
124.00000000000003
139.0
169.5
131.49999999999997
152.49999999999997
134.99999999999997
132.0
165.99999999999994
173.49999999999994
226.99999999999994
262.0
292.0
166.99999999999994
342.5
280.0
276.0
374.0
354.0
331.0
337.5
231.0
221.0
242.5
204.0
201.5
155.99999999999997
134.0
385.0
87.49999999999997
93.99999999999999
96.49999999999997
99.99999999999997
118.99999999999999
237.99999999999997
181.99999999999997
282.0
249.5
446.5
241.0
132.0
278.0
225.0
226.5
257.49999999999994
334.0
366.5
229.99999999999997
322.0
354.0
221.99999999999994
192.5
490.50000000000006
464.5
172.99999999999997
310.0
344.5
273.5
283.99999999999994
226.0
290.0
334.0
333.5
429.49999999999994
347.5
412.5
339.0
233.0
272.4999999999999
482.0
180.5
269.0
138.5
184.00000000000003
384.0
346.5
271.5
192.0
209.5
317.5
266.5
146.5
248.99999999999994
215.0
306.5
290.0
314.5
349.5
179.49999999999994
349.0
9.5
10.5
9.5
10.5
10.5
10.0
9.5
9.0
11.0
8.5
10.0
9.5
10.0
11.0
11.5
12.000000000000002
11.0
12.000000000000002
10.5
13.000000000000004
13.000000000000002
12.500000000000004
13.000000000000004
16.5
14.000000000000004
17.0
17.000000000000004
16.0
15.500000000000004
16.5
17.0
13.500000000000004
17.5
12.500000000000004
16.500000000000004
14.000000000000004
14.000000000000004
16.5
16.500000000000004
18.5
20.000000000000007
22.500000000000007
25.000000000000004
27.500000000000007
33.00000000000001
116.5
121.0
115.0
166.5
109.5
170.0
121.5
84.0
120.49999999999997
176.5
257.0
257.49999999999994
446.5
435.5
500.0
497.0
500.0
500.0
500.0
500.0
500.0
500.0
426.5
500.0
500.0
500.0
500.0
500.0
500.0
500.0
500.0
500.0
500.0
500.0
500.0
500.0
500.0
500.0
500.0
500.0
500.0
500.0
500.0
500.0
500.0
500.0
500.0
500.0
500.0
500.0
500.0
500.0
500.0
500.0
500.0
500.0
500.0
500.0
500.0
384.5
500.0
500.0
500.0
500.0
500.0
500.0
500.0
500.0
500.0
500.0
500.0
477.5
385.99999999999994
492.5
488.5
417.0
444.5
409.99999999999994
500.0
487.0
500.0
500.0
500.0
500.0
500.0
500.0
500.0
500.0
500.0
500.0
500.0
500.0
444.49999999999994
500.0
500.0
500.0
500.0
500.0
500.0
500.0
500.0
500.0
500.0
500.0
500.0
500.0
490.0
500.0
500.0
500.0
500.0
500.0
500.0
500.0
500.0
500.0
500.0
500.0
500.0
500.0
493.00000000000006
500.0
500.0
500.0
500.0
394.0
398.5
479.0
500.0
500.0
500.0
500.0
500.0
500.0
500.0
500.0
500.0
500.0
500.0
500.0
500.0
500.0
500.0
500.0
500.0
500.0
500.0
500.0
500.0
500.0
500.0
500.0
500.0
356.5
500.0
