-500.0
-500.0
-500.0
-377.5
-500.0
-409.5
-211.49999999999997
-231.5
-164.99999999999994
-158.0
-180.99999999999994
-132.0
-170.5
-116.0
-158.49999999999997
-122.00000000000001
-193.99999999999997
-191.0
-125.0
-500.0
-168.49999999999994
-180.49999999999994
-153.99999999999997
-132.5
-146.5
-123.99999999999997
-158.99999999999997
-168.0
-145.5
-251.50000000000003
-171.99999999999997
-171.49999999999994
-171.49999999999994
-187.5
-114.5
-196.0
-436.99999999999994
-500.0
-500.0
-500.0
-191.50000000000003
-172.5
-129.5
-127.99999999999997
-106.5
-155.0
-150.99999999999997
-111.5
-93.0
-121.99999999999999
-105.0
-93.49999999999999
-147.5
-156.0
-94.99999999999999
-114.0
-108.99999999999999
-93.5
-102.99999999999999
-117.99999999999999
-108.5
-109.49999999999997
-79.99999999999999
-126.5
-114.5
-170.50000000000003
-114.49999999999997
-500.0
-168.5
-500.0
-133.99999999999997
-192.5
-104.5
-156.99999999999997
-111.00000000000001
-138.99999999999997
-107.0
-113.5
-96.49999999999999
-96.5
-130.49999999999997
-99.49999999999999
-111.0
-185.5
-155.99999999999997
-141.5
-101.0
-115.50000000000001
-101.5
-500.0
-251.49999999999997
-292.0
-246.5
-170.5
-298.49999999999994
-161.0
-198.5
-169.49999999999997
-166.0
-115.49999999999999
-91.5
-178.5
-119.0
-363.0
-185.0
-190.99999999999997
-125.5
-146.0
-175.0
-99.0
-150.49999999999997
-176.99999999999997
-149.0
-115.0
-137.99999999999997
-115.5
-129.0
-113.99999999999999
-144.99999999999997
-116.99999999999997
-94.49999999999999
-144.0
-118.49999999999999
-147.49999999999997
-128.0
-134.5
-108.5
-128.49999999999997
-131.5
-232.99999999999994
-153.0
-281.5
-214.5
-187.5
-210.49999999999997
-122.99999999999999
-214.5
-150.49999999999997
-229.5
-107.5
-271.0
-460.0
-190.5
-173.5
-158.0
-115.0
-163.5
-168.5
-172.0
-162.0
-130.5
-154.5
-150.0
-138.49999999999997
-179.5
-276.5
-263.0
-126.0
-234.50000000000003
-231.5
-205.00000000000003
-182.5
-136.5
-210.5
-144.5
-157.99999999999997
-160.99999999999997
-116.5
-155.5
-148.99999999999997
-101.49999999999999
-161.0
-175.0
-130.0
-200.50000000000003
-206.0
-118.0
-191.0
-210.0
-165.49999999999997
-189.0
-161.99999999999997
-209.49999999999994
-171.5
-407.0
-224.5
-325.5
-201.5
-255.49999999999994
-241.49999999999994
-215.0
-311.0
-249.0
-242.5
-198.0
-240.00000000000003
-226.0
-145.5
-163.49999999999994
-163.0
-268.0
-248.49999999999994
-302.5
-346.5
-145.0
-199.5
-249.5
-197.0
-182.49999999999994
-180.5
-122.5
-500.0
-223.0
-205.5
-232.0
-273.0
-315.0
-140.49999999999997
-151.0
-286.99999999999994
-197.50000000000003
-294.5
-246.0
-177.49999999999994
-235.5
-232.50000000000003
-201.0
-225.0
-199.0
-209.0
-182.5
-187.49999999999994
-196.5
-265.0
-182.99999999999997
-200.5
-129.0
-193.5
-165.0
-161.5
-111.5
-169.0
-336.5
-195.5
-201.0
-245.0
-139.99999999999997
-126.0
-145.0
-139.99999999999997
-98.0
-114.5
-161.99999999999997
-331.0
-168.49999999999997
-145.5
-129.5
-178.0
-143.99999999999994
-140.5
-111.0
-163.5
-93.5
-138.0
-95.5
-160.99999999999997
-118.5
-89.99999999999999
-105.5
-94.49999999999999
-107.5
-101.0
-89.5
-89.5
-99.99999999999999
-140.99999999999997
-99.49999999999999
-110.0
-110.5
-165.99999999999994
-143.49999999999994
-240.99999999999997
-127.0
-109.99999999999999
-103.0
-102.5
-116.49999999999997
-102.0
-84.5
-131.0
-107.49999999999999
-105.5
-105.49999999999999
-103.5
-104.0
-95.99999999999997
-137.5
-90.5
-114.5
-104.5
-108.0
-126.49999999999999
-141.5
-119.0
-152.5
-155.49999999999997
-110.5
-188.0
-176.99999999999997
-146.99999999999997
-184.0
-322.0
-145.5
-290.49999999999994
-167.49999999999994
-189.99999999999997
-173.5
-139.0
-162.99999999999994
-251.49999999999994
-297.5
-102.0
-168.5
-148.49999999999997
-136.0
-141.5
-196.99999999999997
-113.99999999999997
-115.0
-112.5
-156.0
-154.0
-118.99999999999997
-171.5
-171.5
-155.49999999999997
-136.49999999999997
-137.49999999999997
-106.0
-116.99999999999997
-99.5
-101.99999999999997
-96.5
-93.49999999999997
-90.49999999999999
-97.0
-93.49999999999997
-99.49999999999997
-77.99999999999997
-99.49999999999997
-121.49999999999999
-102.5
-101.0
-132.5
-123.0
-121.00000000000001
-103.5
-101.0
-105.0
-89.5
-112.49999999999999
-165.49999999999994
-89.49999999999999
-117.5
-86.0
-75.49999999999999
-135.99999999999994
-111.00000000000001
-92.49999999999999
-112.99999999999999
-107.5
-118.5
-103.00000000000001
-122.5
-98.5
-94.49999999999999
-122.0
-91.99999999999999
-101.5
-82.5
-139.99999999999997
-122.00000000000001
-108.00000000000001
-103.5
-97.99999999999999
-86.49999999999999
-243.5
-141.0
-132.5
-115.49999999999999
-87.99999999999997
-167.5
-110.99999999999997
-97.99999999999999
-107.5
-97.0
-139.5
-115.0
-130.5
-144.5
-216.0
-500.0
-500.0
-500.0
-500.0
-500.0
-500.0
-500.0
-500.0
-500.0
-500.0
-500.0
-499.5
-356.5
-500.0
-349.0
-257.49999999999994
-412.0
-191.0
-350.5
-383.0
-500.0
-500.0
-386.5
-353.49999999999994
-280.0
-250.5
-242.50000000000003
-275.99999999999994
-269.5
-181.49999999999994
-219.5
-200.0
-174.49999999999997
-193.5
-179.49999999999994
-175.99999999999994
-140.5
-153.49999999999997
-175.49999999999997
-155.5
-157.0
-165.49999999999997
-147.5
-148.49999999999997
-192.0
-154.5
-153.99999999999997
-147.0
-155.99999999999997
-147.0
-130.0
-152.5
-261.49999999999994
-118.0
-116.0
-132.0
-120.49999999999999
-110.5
-146.5
-121.50000000000001
-117.00000000000001
-122.5
-104.5
-301.0
-122.5
-100.5
-116.0
-110.5
-215.0
-106.5
-143.0
-108.49999999999999
-125.5
-107.0
-88.49999999999999
-118.0
-102.5
-124.5
-107.0
-104.49999999999999
-110.5
-91.49999999999997
-97.0
-108.49999999999999
-103.5
-91.49999999999997
-78.49999999999997
-113.49999999999997
-96.5
-138.5
-122.0
-68.99999999999999
-78.49999999999999
-100.5
-87.99999999999997
-84.49999999999999
-89.99999999999997
-93.0
-117.0
-109.49999999999997
-108.0
-99.5
-107.99999999999999
-110.5
-84.49999999999997
-96.49999999999999
-84.99999999999997
-85.99999999999999
-66.49999999999997
-80.99999999999997
-74.99999999999999
-113.5
-82.49999999999997
-93.0
-86.99999999999999
-106.49999999999997
-68.49999999999997
-65.49999999999997
-89.99999999999999
-97.0
-75.99999999999997
-91.49999999999999
-80.0
-76.99999999999997
-75.5
-80.49999999999997
-108.49999999999997
-79.99999999999999
-114.99999999999997
-76.49999999999997
-85.49999999999997
-82.49999999999999
-80.5
-68.0
-76.99999999999997
-93.0
-83.49999999999997
-83.49999999999997
-92.49999999999997
-98.99999999999999
-78.49999999999999
-96.5
-98.5
-87.99999999999997
-92.99999999999997
-90.0
-73.5
-81.49999999999999
-96.5
-89.0
-109.49999999999999
-77.49999999999999
-84.49999999999997
-89.49999999999999
-106.99999999999997
-70.99999999999997
-87.99999999999997
-88.49999999999997
-90.5
-71.49999999999997
-87.49999999999999
-75.99999999999997
-88.99999999999999
-88.0
-83.0
-73.49999999999999
-90.99999999999997
-94.99999999999999
-100.0
-78.99999999999997
-94.0
-89.49999999999997
-82.49999999999999
-103.5
-95.0
-85.99999999999999
-76.99999999999997
-88.5
-81.49999999999999
-83.99999999999997
-84.49999999999997
-73.99999999999999
-104.5
-106.49999999999997
-75.99999999999997
-86.49999999999997
-112.49999999999999
-112.0
-110.99999999999997
-81.5
-88.5
-72.5
-80.99999999999997
-73.49999999999999
-82.99999999999997
-76.99999999999997
-86.0
-86.99999999999999
-80.0
-85.99999999999999
-139.0
-102.49999999999999
-240.49999999999997
-104.49999999999999
-108.49999999999997
-79.49999999999997
-97.99999999999999
-104.99999999999999
-84.5
-84.49999999999999
-85.99999999999999
-78.49999999999999
-95.99999999999997
-83.99999999999997
-77.0
-94.5
-78.99999999999997
-90.99999999999999
-99.99999999999999
-90.0
-76.99999999999997
-104.0
-85.49999999999997
-69.99999999999999
-85.49999999999997
-77.99999999999997
-90.99999999999999
-76.99999999999999
-161.5
-93.5
-79.49999999999999
-106.5
-89.99999999999997
-97.99999999999999
-102.5
-83.0
-66.49999999999997
-82.49999999999999
-83.5
-80.49999999999997
-67.99999999999999
-97.0
-85.5
-115.49999999999999
-85.0
-95.5
-97.99999999999999
-85.0
-107.5
-91.49999999999999
-93.99999999999999
-74.99999999999997
-94.5
-297.0
-92.99999999999997
-77.49999999999999
-85.0
-84.49999999999999
-123.49999999999999
-95.5
-94.49999999999999
-103.49999999999999
-96.99999999999997
-97.5
-107.5
-101.49999999999997
-90.49999999999997
-86.49999999999999
-133.5
-87.5
-113.0
-80.49999999999997
-152.0
-263.5
-144.0
-85.0
-77.99999999999997
-84.5
-107.99999999999997
-150.49999999999997
-136.5
-102.5
-87.99999999999999
-113.5
-84.0
-85.99999999999999
-106.0
-99.5
-120.5
-185.5
-86.99999999999997
-81.49999999999997
-82.49999999999999
-72.49999999999997
-90.0
-92.0
-111.0
-90.5
-78.0
-73.49999999999997
-78.99999999999997
-102.0
-136.0
-96.99999999999999
-84.99999999999997
-171.5
-92.0
-117.99999999999997
-89.5
-99.0
-91.0
-99.99999999999997
-87.99999999999997
-75.99999999999997
-111.5
-87.99999999999997
-116.0
-92.5
-115.49999999999997
-115.0
-81.99999999999999
-113.0
-97.49999999999997
-94.99999999999999
-82.99999999999997
-119.49999999999997
-97.0
-102.0
-92.49999999999997
-103.99999999999999
-112.00000000000001
-108.0
-113.5
-113.0
-101.5
-106.0
-93.49999999999999
-121.50000000000001
-100.0
-81.99999999999997
-86.49999999999999
-78.49999999999997
-99.49999999999997
-104.99999999999999
-157.5
-84.99999999999997
-94.5
-88.0
-73.99999999999997
-83.49999999999997
-117.5
-97.99999999999999
-123.99999999999999
-80.99999999999997
-93.49999999999999
-89.0
-75.49999999999999
-88.99999999999997
-90.0
-80.0
-293.5
-119.0
-77.5
-102.5
-117.49999999999999
-80.49999999999997
-91.99999999999999
-85.99999999999999
-98.0
-103.49999999999999
-94.5
-85.49999999999997
-76.5
-90.99999999999997
-118.99999999999999
-79.49999999999997
-83.49999999999997
-73.99999999999999
-82.5
-87.49999999999999
-86.49999999999999
-126.49999999999999
-79.49999999999997
-81.49999999999999
-140.99999999999997
-89.49999999999997
-118.49999999999999
-72.99999999999997
-92.49999999999997
-81.99999999999999
-85.99999999999999
-86.49999999999999
-106.0
-102.99999999999999
-126.5
-81.49999999999999
-79.49999999999999
-79.0
-98.5
-500.0
-500.0
-500.0
-500.0
-500.0
-500.0
-500.0
-500.0
-500.0
-500.0
-500.0
-500.0
-500.0
-500.0
-500.0
-500.0
-500.0
-500.0
-500.0
-500.0
-500.0
-500.0
-500.0
-500.0
-500.0
-500.0
-500.0
-500.0
-500.0
-500.0
-500.0
-500.0
-500.0
-500.0
-500.0
-500.0
-500.0
-500.0
-500.0
-500.0
-500.0
-500.0
-500.0
-500.0
-500.0
-500.0
-500.0
-500.0
-500.0
-500.0
-500.0
-500.0
-500.0
-500.0
-500.0
-500.0
-500.0
-500.0
-500.0
-500.0
-500.0
-500.0
-500.0
-500.0
-500.0
-500.0
-500.0
-500.0
-500.0
-500.0
-500.0
-500.0
-500.0
-500.0
-500.0
-500.0
-500.0
-500.0
-500.0
-500.0
-500.0
-500.0
-500.0
-500.0
-500.0
-500.0
-500.0
-500.0
-500.0
-500.0
-500.0
-500.0
-500.0
-500.0
-500.0
-500.0
-500.0
-500.0
-126.49999999999999
-162.0
-120.50000000000001
-152.99999999999997
-115.0
-156.5
-109.5
-129.5
-127.99999999999999
-128.5
-145.5
-123.5
-167.00000000000003
-149.0
-108.99999999999999
-104.49999999999999
-121.0
-129.49999999999997
-103.99999999999999
-211.0
-117.0
-104.49999999999999
-96.49999999999999
-96.99999999999997
-119.99999999999997
-112.5
-101.0
-95.99999999999997
-97.0
-131.0
-123.5
-113.0
-115.99999999999999
-143.0
-112.0
-139.0
-107.5
-113.0
-110.49999999999997
-113.49999999999999
-147.0
-102.5
-131.0
-165.0
-155.99999999999997
-104.49999999999999
-138.99999999999994
-105.0
-90.99999999999997
-116.00000000000001
-91.5
-121.99999999999999
-111.5
-112.0
-254.49999999999997
-218.5
-405.0
-193.49999999999994
-146.49999999999997
-112.0
-101.0
-117.5
-109.0
-111.0
-85.5
-99.49999999999999
-92.0
-84.49999999999997
-94.99999999999997
-159.0
-89.49999999999999
-84.5
-90.5
-109.0
-87.99999999999997
-103.99999999999999
-92.99999999999997
-91.99999999999997
-102.5
-87.49999999999997
-85.49999999999999
-124.49999999999997
-90.0
-95.99999999999999
-289.0
-163.5
-83.49999999999997
-80.0
-91.49999999999999
-143.0
-89.99999999999997
-113.0
-106.49999999999999
-98.99999999999999
-216.99999999999994
-156.0
-97.0
-100.99999999999997
-94.99999999999997
-78.99999999999999
-98.99999999999999
-90.99999999999999
-500.0
-500.0
-500.0
-500.0
-500.0
-433.0
-500.0
-392.5
-500.0
-314.5
-353.5
-340.0
-199.49999999999997
-165.0
-165.0
-214.5
-204.0
-171.49999999999997
-146.99999999999997
-133.0
-144.5
-134.5
-123.5
-140.5
-103.5
-112.0
-106.5
-101.5
-101.5
-102.49999999999999
-86.49999999999999
-78.49999999999997
-107.49999999999999
-85.5
-98.0
-91.49999999999997
-111.99999999999997
-81.5
-101.99999999999997
-101.0
-83.99999999999997
-114.49999999999997
-98.99999999999999
-84.5
-109.5
-90.99999999999999
-97.5
-96.99999999999997
-88.5
-90.49999999999997
-83.5
-104.49999999999999
-102.0
-111.49999999999999
-76.0
-120.49999999999997
-87.49999999999999
-113.99999999999997
-95.5
-99.49999999999999
-93.99999999999999
-78.49999999999999
-79.49999999999999
-73.99999999999999
-65.49999999999999
-83.0
-101.5
-93.49999999999997
-80.5
-88.99999999999997
-105.5
-82.49999999999999
-84.49999999999999
-114.49999999999997
-93.0
-74.49999999999999
-89.0
-91.0
-155.5
-85.0
-77.99999999999999
-80.5
-69.99999999999997
-86.0
-80.0
-168.5
-111.49999999999999
-91.49999999999999
-85.99999999999999
-115.5
-79.49999999999997
-132.49999999999997
-86.99999999999999
-95.5
-117.99999999999997
-98.99999999999999
-90.99999999999997
-72.99999999999997
-86.0
-114.5
-91.49999999999997
-82.49999999999999
-89.49999999999999
-83.49999999999997
-91.49999999999999
-83.49999999999999
-88.49999999999997
-86.49999999999997
-86.49999999999999
-95.99999999999999
-81.49999999999999
-94.99999999999999
-94.0
-85.5
-86.99999999999999
-94.49999999999997
-98.49999999999999
-88.49999999999997
-109.49999999999999
-90.0
-83.0
-82.49999999999999
-84.49999999999997
-84.0
-113.99999999999996
-107.5
-121.49999999999999
-103.49999999999999
-71.99999999999997
-109.5
-97.5
-88.0
-106.5
-124.99999999999999
-87.99999999999997
-90.99999999999999
-81.49999999999999
-112.99999999999999
-120.5
-97.0
-81.0
-159.5
-120.0
-113.99999999999999
-116.49999999999999
-92.5
-106.0
-110.99999999999997
-104.49999999999999
-101.5
-85.99999999999997
-87.99999999999997
-90.49999999999999
-78.49999999999997
-130.49999999999997
-82.49999999999999
-93.0
-100.99999999999997
-99.49999999999999
-93.49999999999997
-103.99999999999999
-84.99999999999997
-152.0
-220.0
-106.99999999999997
-106.49999999999997
-141.5
-122.0
-120.49999999999997
-147.99999999999997
-106.0
-91.49999999999999
-106.5
-99.0
-81.5
-102.49999999999999
-90.5
-90.0
-96.5
-93.49999999999999
-93.49999999999999
-85.99999999999999
-86.99999999999999
-88.99999999999997
-104.5
-97.99999999999999
-81.99999999999999
-129.0
-92.49999999999997
-86.99999999999999
-95.0
-105.49999999999999
-85.99999999999997
-79.49999999999999
-67.99999999999997
-81.99999999999999
-80.99999999999999
-102.0
-85.99999999999999
-107.99999999999999
-162.99999999999997
-180.5
-221.5
-141.49999999999994
-213.0
-159.0
-163.5
-152.99999999999997
-157.49999999999997
-176.0
-141.5
-181.99999999999997
-145.0
-159.49999999999997
-149.99999999999997
-143.99999999999997
-131.99999999999997
-118.49999999999999
-139.5
-153.5
-119.5
-126.99999999999999
-116.49999999999997
-99.5
-131.5
-170.5
-148.0
-107.0
-114.0
-105.0
-137.99999999999997
-97.5
-116.5
-116.0
-98.99999999999999
-132.5
-102.5
-118.0
-97.5
-104.99999999999999
-91.49999999999999
-107.99999999999997
-88.99999999999999
-99.5
-95.5
-77.99999999999997
-109.0
-165.5
-84.99999999999997
-70.49999999999997
-107.99999999999999
-94.49999999999999
-92.49999999999999
-87.5
-94.99999999999999
-85.49999999999997
-91.49999999999997
-100.0
-93.49999999999997
-91.5
-76.49999999999997
-96.5
-149.5
-175.50000000000003
-99.99999999999997
-92.49999999999997
-93.99999999999999
-74.49999999999999
-73.99999999999997
-89.99999999999999
-80.99999999999997
-86.49999999999999
-67.0
-92.49999999999997
-80.5
-87.99999999999997
-68.99999999999997
-92.49999999999997
-80.5
-96.99999999999997
-75.49999999999997
-82.49999999999999
-97.5
-81.0
-80.49999999999997
-77.99999999999999
-83.99999999999999
-139.0
-86.49999999999999
-79.99999999999997
-79.99999999999999
-80.5
-85.5
-67.5
-70.49999999999997
-102.49999999999999
-81.99999999999999
-288.0
-76.99999999999997
-93.49999999999999
-73.99999999999999
-100.0
-79.49999999999999
-80.49999999999999
-87.49999999999997
-72.99999999999997
-243.5
-97.99999999999999
-141.0
-99.99999999999997
-74.49999999999997
-90.49999999999999
-113.99999999999999
-87.99999999999997
-93.49999999999999
-74.49999999999999
-87.49999999999997
-138.0
-85.5
-80.99999999999999
-121.99999999999999
-86.99999999999999
-86.99999999999999
-89.49999999999997
-80.99999999999997
-84.5
-300.0
-94.5
-133.5
-160.0
-86.99999999999999
-92.0
-73.99999999999999
-81.99999999999997
-111.5
-87.49999999999997
-75.0
-113.49999999999999
-78.49999999999999
-80.49999999999997
-113.0
-84.49999999999999
-90.49999999999999
-94.99999999999999
-113.0
-89.5
-92.5
-87.49999999999997
-94.0
-113.5
-78.49999999999997
-89.49999999999997
-97.99999999999999
-91.49999999999999
-85.49999999999997
-83.0
-90.99999999999999
-96.0
-97.99999999999997
-84.49999999999997
-102.0
-82.49999999999999
-100.99999999999999
-109.99999999999997
-95.5
-80.5
-77.99999999999999
-86.99999999999999
-134.49999999999997
-83.49999999999997
-97.0
-143.0
-119.49999999999997
-93.5
-97.5
-89.99999999999997
-99.99999999999997
-87.49999999999999
-81.0
-99.49999999999999
-95.49999999999999
-99.49999999999999
-99.0
-82.5
-95.5
-141.49999999999997
-96.5
-126.99999999999999
-109.49999999999997
-150.99999999999997
-93.99999999999997
-97.0
-101.0
-104.0
-107.49999999999999
-117.99999999999999
-83.99999999999999
-102.0
-91.0
-106.5
-500.0
-500.0
-500.0
-500.0
-500.0
-500.0
-500.0
-500.0
-500.0
-500.0
-500.0
-500.0
-500.0
-500.0
-184.0
-160.0
-143.5
-126.49999999999999
-145.0
-121.0
-157.0
-164.49999999999997
-135.5
-117.0
-237.49999999999994
-126.0
-141.0
-131.5
-157.5
-154.5
-117.5
-110.0
-171.5
-150.5
-168.0
-144.99999999999997
-148.5
-174.0
-130.49999999999997
-170.0
-150.0
-141.99999999999997
-131.0
-147.99999999999997
-111.5
-175.0
-110.5
-109.49999999999997
-120.0
-120.00000000000003
-137.5
-108.5
-115.5
-115.0
-120.0
-113.5
-111.99999999999999
-150.5
-97.5
-116.5
-135.0
-113.0
-102.49999999999999
-115.99999999999997
-289.5
-111.99999999999999
-169.5
-125.5
-113.49999999999999
-160.5
-105.5
-123.99999999999999
-105.99999999999997
-111.5
-187.5
-103.49999999999999
-109.49999999999999
-121.5
-194.5
-115.0
-128.5
-113.0
-104.99999999999997
-136.0
-135.49999999999997
-117.00000000000001
-114.5
-114.99999999999997
-121.5
-119.49999999999997
-111.50000000000001
-98.49999999999999
-107.0
-115.0
-104.5
-100.49999999999999
-138.5
-96.5
-113.00000000000001
-152.0
-119.0
-134.5
-107.0
-104.49999999999999
-95.99999999999997
-119.5
-114.5
-199.5
-100.99999999999997
-130.99999999999997
-123.0
-118.49999999999999
-107.5
-100.0
-103.99999999999999
-96.5
-116.00000000000001
-98.99999999999999
-109.5
-151.0
-105.5
-109.49999999999999
-85.99999999999997
-98.49999999999999
-93.0
-124.99999999999999
-211.5
-106.0
-101.99999999999997
-141.99999999999997
-103.49999999999999
-99.49999999999999
-115.00000000000003
-94.99999999999999
-93.99999999999997
-121.0
-89.49999999999997
-130.5
-102.0
-162.99999999999997
-98.0
-147.5
-139.0
-96.49999999999997
-91.49999999999999
-84.49999999999997
-135.5
-135.49999999999997
-294.5
-85.99999999999999
-81.99999999999999
-89.99999999999997
-92.5
-73.99999999999999
-82.49999999999999
-118.5
-81.99999999999997
-106.49999999999997
-86.0
-93.99999999999999
-91.99999999999997
-96.5
-141.5
-126.49999999999997
-141.49999999999997
-86.99999999999999
-77.99999999999997
-86.99999999999997
-89.49999999999997
-93.5
-333.0
-95.49999999999997
-87.49999999999999
-97.99999999999999
-92.99999999999997
-86.49999999999999
-81.49999999999997
-91.0
-78.49999999999997
-87.49999999999999
-99.49999999999997
-88.49999999999997
-82.49999999999997
-84.49999999999997
-85.99999999999997
-76.99999999999999
-89.5
-95.49999999999997
-155.0
-81.99999999999997
-89.5
-295.5
-118.99999999999997
-80.49999999999997
-80.5
-124.0
-99.99999999999997
-89.49999999999997
-152.0
-127.49999999999999
-500.0
-500.0
-500.0
-500.0
-500.0
-500.0
-500.0
-276.0
-234.0
-175.49999999999997
-155.99999999999997
-154.49999999999997
-155.49999999999997
-129.0
-142.0
-148.0
-123.99999999999999
-123.5
-138.99999999999997
-134.5
-117.5
-124.99999999999999
-147.0
-127.5
-119.0
-110.5
-112.49999999999999
-107.0
-112.49999999999999
-174.0
-100.0
-127.99999999999999
-109.0
-138.99999999999997
-111.99999999999997
-98.0
-114.99999999999999
-93.99999999999999
-108.99999999999999
-116.5
-111.0
-117.5
-114.49999999999999
-99.99999999999999
-107.0
-94.99999999999999
-105.0
-102.5
-112.5
-93.0
-121.00000000000001
-82.0
-200.99999999999997
-137.5
-208.0
-128.49999999999997
-125.49999999999997
-102.5
-149.5
-118.5
-187.0
-108.00000000000001
-128.5
-94.0
-134.5
-101.5
-117.99999999999999
-107.0
-110.0
-97.99999999999999
-83.0
-84.49999999999999
-98.0
-82.49999999999999
-83.0
-133.5
-83.99999999999997
-150.5
-95.99999999999999
-85.49999999999999
-104.49999999999999
-144.49999999999997
-145.5
-85.99999999999999
-97.99999999999997
-81.49999999999997
-88.5
-92.0
-103.0
-81.99999999999999
-85.49999999999999
-82.49999999999997
-104.5
-76.49999999999999
-103.49999999999997
-86.99999999999997
-77.99999999999997
-101.5
-109.0
-127.99999999999997
-125.5
-91.99999999999997
-96.99999999999999
-204.99999999999997
-135.0
-115.00000000000001
-102.5
-85.99999999999999
-100.00000000000001
-182.0
-81.99999999999997
-105.5
-82.99999999999997
-94.99999999999999
-100.49999999999997
-83.5
-123.99999999999999
-86.99999999999999
-98.99999999999999
-87.5
-85.49999999999997
-131.0
-83.0
-102.0
-117.99999999999999
-95.99999999999997
-167.49999999999997
-142.0
-94.0
-83.99999999999999
-79.49999999999999
-81.99999999999999
-85.49999999999997
-85.5
-89.0
-85.99999999999999
-75.5
-107.0
-89.99999999999997
-101.0
-98.99999999999999
-122.99999999999997
-87.99999999999997
-158.99999999999994
-92.5
-89.49999999999999
-88.99999999999997
-80.99999999999999
-176.99999999999997
-76.5
-94.5
-86.49999999999999
-132.5
-116.49999999999999
-111.5
-101.5
-76.99999999999997
-81.5
-91.99999999999997
-90.5
-78.49999999999997
-84.5
-97.99999999999997
-78.0
-137.0
-72.5
-90.99999999999999
-78.99999999999999
-96.5
-95.5
-91.99999999999997
-75.99999999999997
-89.0
-83.99999999999997
-96.0
-88.49999999999999
-120.0
-90.0
-81.5
-77.5
-90.5
-82.99999999999997
-136.0
-86.99999999999997
-135.0
-88.49999999999997
-89.5
-100.99999999999999
-93.5
-112.49999999999999
-93.5
-95.49999999999999
-98.5
-88.0
-91.99999999999997
-98.49999999999999
-85.0
-81.0
-80.0
-82.49999999999997
-99.0
-96.5
-171.0
-97.99999999999999
-97.5
-138.5
-98.0
-81.49999999999999
-111.5
-95.49999999999997
-91.99999999999999
-77.99999999999999
-75.49999999999997
-90.99999999999997
-106.49999999999997
-84.99999999999997
-87.49999999999999
-93.99999999999999
-93.0
-76.99999999999997
-144.5
-99.5
-73.99999999999999
-148.5
-92.49999999999997
-84.5
-112.5
-103.99999999999999
-88.0
-92.99999999999997
-79.49999999999999
-78.0
-295.0
-77.99999999999997
-138.0
-93.99999999999997
-96.0
-73.5
-86.49999999999999
-82.99999999999999
-86.99999999999999
-79.99999999999999
-119.49999999999999
-80.49999999999999
-80.49999999999997
-129.49999999999997
-78.49999999999997
-78.49999999999999
-74.49999999999999
-84.49999999999999
-189.0
-72.99999999999997
-72.5
-101.49999999999997
-75.49999999999997
-83.99999999999997
-82.49999999999997
-82.99999999999997
-77.99999999999997
-67.99999999999999
-82.49999999999999
-99.49999999999999
-77.0
-76.49999999999997
-84.49999999999997
-73.0
-94.5
-99.0
-133.5
-88.49999999999997
-105.0
-103.5
-75.49999999999997
-102.5
-78.99999999999999
-69.99999999999999
-96.49999999999997
-97.99999999999999
-72.0
-78.49999999999999
-68.0
-89.49999999999999
-87.49999999999999
-78.49999999999999
-68.99999999999999
-109.49999999999999
-76.99999999999997
-77.99999999999997
-75.49999999999997
-69.99999999999999
-100.49999999999999
-169.0
-148.49999999999997
-83.99999999999999
-97.99999999999999
-82.99999999999999
-81.49999999999999
-87.99999999999997
-81.99999999999997
-101.5
-125.49999999999997
-79.49999999999997
-84.99999999999997
-88.99999999999997
-73.99999999999999
-88.99999999999997
-84.49999999999997
-77.49999999999999
-103.0
-96.99999999999997
-84.99999999999999
-74.99999999999997
-88.5
-303.0
-121.49999999999997
-80.5
-119.99999999999997
-125.5
-91.5
-108.0
-97.49999999999999
-94.5
-134.49999999999997
-83.49999999999999
-89.49999999999999
-73.0
-235.99999999999994
-99.5
-118.5
-97.5
-114.0
-90.5
-79.99999999999997
-103.49999999999999
-84.5
-142.5
-91.5
-91.0
-84.5
-74.49999999999997
-87.49999999999997
-95.99999999999997
-85.0
-82.0
-106.99999999999999
-82.99999999999997
-118.5
-108.99999999999999
-135.5
-76.49999999999999
-95.99999999999997
-73.99999999999997
-91.0
-83.0
-102.5
-75.99999999999999
-101.99999999999999
-85.0
-95.99999999999997
-70.49999999999999
-98.99999999999999
-117.99999999999999
-87.0
-106.5
-85.99999999999997
-95.99999999999999
-70.49999999999999
-87.49999999999997
-91.49999999999999
-72.0
-111.0
-105.5
-98.0
-78.99999999999997
-101.5
-76.99999999999997
-201.5
-138.99999999999997
-72.99999999999997
-117.0
-97.5
-118.49999999999997
-96.5
-106.5
-95.5
-92.0
-88.99999999999997
-81.99999999999999
-88.5
-113.99999999999999
-80.0
-89.99999999999997
-116.49999999999999
-69.49999999999997
-90.49999999999997
-80.99999999999997
-72.99999999999999
-78.0
-83.99999999999999
-73.49999999999999
