-500.0
-500.0
-500.0
-500.0
-500.0
-500.0
-500.0
-500.0
-500.0
-500.0
-415.0
-425.0
-424.0
-353.5
-212.0
-187.49999999999994
-196.0
-210.0
-171.0
-191.5
-149.5
-126.00000000000001
-159.99999999999994
-133.99999999999997
-139.0
-142.5
-88.99999999999999
-91.5
-91.0
-102.0
-119.49999999999999
-95.5
-123.0
-100.0
-83.0
-80.99999999999999
-79.49999999999999
-103.5
-104.99999999999999
-95.5
-108.49999999999999
-296.0
-91.49999999999999
-82.49999999999997
-89.49999999999997
-88.99999999999999
-148.49999999999997
-79.99999999999997
-80.0
-124.99999999999997
-76.99999999999997
-136.49999999999997
-86.49999999999999
-87.49999999999997
-104.0
-96.5
-77.99999999999999
-90.99999999999999
-74.99999999999997
-86.99999999999997
-96.0
-89.99999999999999
-92.99999999999997
-81.99999999999997
-135.49999999999997
-87.49999999999999
-80.5
-77.49999999999997
-73.49999999999999
-81.49999999999999
-80.0
-82.99999999999997
-65.49999999999999
-85.5
-154.0
-84.99999999999999
-73.49999999999999
-97.0
-75.99999999999999
-81.99999999999999
-79.5
-78.99999999999999
-84.99999999999997
-78.5
-81.99999999999999
-77.5
-68.0
-110.49999999999999
-76.49999999999997
-82.5
-81.49999999999999
-104.99999999999997
-82.49999999999997
-75.49999999999999
-75.49999999999997
-93.0
-86.49999999999999
-95.49999999999999
-71.99999999999997
-85.49999999999997
-88.99999999999999
-84.99999999999999
-83.99999999999999
-81.49999999999999
-67.5
-83.0
-86.99999999999999
-76.99999999999997
-77.49999999999997
-83.99999999999999
-79.49999999999999
-78.99999999999999
-74.49999999999999
-92.0
-75.49999999999999
-76.5
-70.99999999999999
-80.99999999999997
-79.49999999999999
-80.99999999999997
-136.0
-77.49999999999997
-84.99999999999997
-75.5
-88.49999999999997
-91.99999999999997
-82.49999999999997
-75.49999999999999
-78.99999999999997
-77.5
-85.49999999999999
-91.0
-81.49999999999999
-93.99999999999999
-81.99999999999997
-71.49999999999997
-85.0
-66.49999999999999
-82.49999999999999
-83.49999999999997
-78.99999999999999
-90.49999999999999
-85.5
-89.99999999999997
-77.0
-74.99999999999999
-71.49999999999997
-90.49999999999999
-90.0
-82.49999999999997
-83.5
-86.99999999999999
-88.0
-88.49999999999997
-72.49999999999999
-68.99999999999999
-73.49999999999997
-126.0
-80.99999999999997
-292.0
-78.49999999999997
-80.99999999999997
-78.5
-80.49999999999997
-78.99999999999999
-90.99999999999997
-68.99999999999999
-93.49999999999999
-82.49999999999999
-79.49999999999997
-70.99999999999997
-82.49999999999997
-76.99999999999997
-80.49999999999999
-96.0
-101.5
-77.0
-85.99999999999999
-78.5
-90.49999999999997
-79.49999999999999
-77.49999999999999
-70.49999999999999
-82.5
-99.49999999999999
-87.99999999999997
-75.99999999999997
-77.99999999999997
-84.99999999999999
-77.49999999999997
-80.0
-73.5
-77.5
-88.99999999999997
-94.0
-124.0
-97.49999999999999
-68.99999999999999
-102.5
-79.49999999999999
-500.0
-227.99999999999994
-444.0
-249.49999999999997
-333.5
-379.5
-299.0
-174.5
-307.5
-242.99999999999997
-128.99999999999997
-106.5
-139.0
-81.99999999999999
-137.5
-100.5
-106.5
-122.99999999999999
-79.49999999999999
-108.0
-88.99999999999999
-147.0
-108.49999999999999
-84.49999999999997
-84.5
-100.0
-108.0
-106.5
-91.0
-80.0
-77.99999999999997
-86.0
-90.49999999999999
-74.0
-77.49999999999999
-87.49999999999999
-92.0
-79.99999999999997
-67.5
-105.49999999999997
-109.49999999999997
-77.5
-106.0
-74.49999999999997
-101.99999999999999
-82.49999999999999
-93.5
-109.99999999999997
-104.49999999999999
-77.0
-99.0
-82.99999999999997
-73.99999999999997
-77.49999999999997
-84.99999999999997
-120.49999999999997
-73.0
-86.99999999999999
-105.99999999999997
-94.49999999999999
-92.99999999999997
-114.0
-83.5
-125.99999999999999
-78.49999999999999
-130.5
-85.99999999999999
-84.49999999999999
-72.99999999999999
-87.99999999999999
-83.5
-85.49999999999997
-89.5
-81.49999999999997
-77.49999999999997
-79.49999999999997
-75.99999999999997
-80.49999999999997
-67.99999999999999
-79.99999999999997
-79.99999999999997
-100.99999999999997
-69.99999999999999
-92.99999999999999
-72.99999999999997
-84.49999999999997
-102.49999999999997
-79.99999999999997
-75.99999999999999
-94.49999999999999
-90.49999999999997
-89.99999999999997
-79.5
-80.49999999999997
-95.0
-76.5
-69.49999999999999
-82.99999999999999
-74.49999999999997
-93.5
-83.5
-79.5
-81.99999999999999
-79.99999999999999
-78.99999999999999
-83.49999999999999
-82.99999999999997
-89.49999999999999
-79.5
-87.5
-98.0
-80.5
-80.99999999999997
-91.49999999999999
-79.99999999999999
-86.99999999999999
-79.99999999999999
-88.0
-96.0
-76.99999999999999
-97.0
-85.49999999999997
-83.5
-99.0
-76.99999999999999
-96.49999999999997
-80.5
-80.49999999999999
-104.49999999999997
-90.49999999999997
-88.49999999999997
-129.0
-71.0
-160.0
-98.49999999999999
-99.99999999999999
-110.49999999999997
-96.5
-110.5
-97.0
-85.49999999999997
-84.49999999999997
-105.0
-87.5
-83.49999999999999
-93.49999999999999
-91.5
-113.99999999999997
-97.49999999999999
-86.49999999999999
-90.0
-92.49999999999997
-114.49999999999997
-73.0
-195.0
-94.49999999999999
-87.49999999999999
-82.0
-85.5
-97.5
-99.0
-91.0
-95.0
-83.99999999999999
-79.49999999999999
-112.0
-76.99999999999997
-85.5
-90.99999999999997
-72.99999999999997
-78.49999999999997
-88.99999999999997
-78.99999999999999
-118.99999999999999
-173.0
-112.49999999999997
-136.49999999999994
-100.5
-93.0
-83.49999999999997
-105.99999999999997
-87.49999999999997
-81.99999999999999
-92.0
-78.49999999999999
-77.5
-120.99999999999999
-74.99999999999997
-74.49999999999997
-73.49999999999997
-75.99999999999997
-91.0
-88.5
-114.99999999999997
-78.49999999999997
-97.0
-88.49999999999999
-180.49999999999997
-80.99999999999997
-96.5
-500.0
-500.0
-500.0
-500.0
-500.0
-500.0
-500.0
-500.0
-500.0
-500.0
-500.0
-500.0
-500.0
-500.0
-500.0
-500.0
-500.0
-500.0
-500.0
-500.0
-500.0
-500.0
-500.0
-500.0
-500.0
-500.0
-500.0
-500.0
-500.0
-500.0
-500.0
-500.0
-500.0
-500.0
-500.0
-500.0
-500.0
-500.0
-500.0
-500.0
-500.0
-500.0
-500.0
-500.0
-500.0
-500.0
-500.0
-500.0
-500.0
-500.0
-500.0
-500.0
-500.0
-500.0
-500.0
-500.0
-500.0
-500.0
-500.0
-500.0
-500.0
-500.0
-500.0
-500.0
-500.0
-500.0
-500.0
-500.0
-500.0
-500.0
-500.0
-500.0
-500.0
-500.0
-500.0
-500.0
-500.0
-500.0
-500.0
-500.0
-500.0
-500.0
-500.0
-500.0
-500.0
-500.0
-500.0
-500.0
-500.0
-500.0
-500.0
-500.0
-500.0
-500.0
-500.0
-500.0
-500.0
-500.0
-500.0
-500.0
-500.0
-500.0
-500.0
-500.0
-500.0
-500.0
-500.0
-500.0
-500.0
-500.0
-500.0
-500.0
-500.0
-500.0
-500.0
-500.0
-500.0
-500.0
-500.0
-500.0
-500.0
-500.0
-500.0
-500.0
-500.0
-500.0
-500.0
-500.0
-500.0
-500.0
-500.0
-236.99999999999994
-85.0
-138.5
-98.0
-68.99999999999997
-119.00000000000003
-90.99999999999997
-144.0
-73.49999999999999
-103.99999999999999
-92.99999999999997
-86.99999999999999
-70.99999999999999
-81.49999999999999
-90.49999999999999
-242.5
-76.49999999999997
-82.0
-110.99999999999997
-74.49999999999999
-91.99999999999999
-67.5
-80.99999999999997
-76.49999999999997
-83.49999999999999
-134.5
-105.49999999999999
-116.99999999999997
-89.99999999999997
-268.0
-91.0
-75.99999999999997
-81.49999999999997
-98.99999999999999
-141.99999999999997
-80.49999999999999
-164.5
-112.5
-83.49999999999999
-82.49999999999997
-112.5
-145.49999999999997
-73.0
-90.99999999999999
-90.5
-205.0
-95.0
-82.99999999999997
-159.50000000000003
-97.0
-85.5
-89.5
-91.0
-82.5
-101.49999999999997
-111.49999999999999
-80.99999999999997
-81.49999999999999
-66.49999999999999
-103.5
-80.49999999999997
-84.5
-99.5
-78.49999999999997
-96.5
-75.0
-87.49999999999999
-68.5
-82.49999999999999
-500.0
-500.0
-500.0
-263.0
-174.0
-195.99999999999997
-217.0
-206.5
-164.5
-223.0
-187.99999999999997
-255.5
-284.0
-204.0
-152.49999999999997
-144.99999999999994
-133.0
-103.99999999999999
-132.5
-142.5
-110.0
-115.5
-121.49999999999997
-173.5
-119.49999999999997
-86.99999999999999
-86.99999999999997
-101.5
-90.0
-91.99999999999999
-150.0
-78.49999999999999
-145.0
-87.49999999999999
-86.49999999999999
-93.99999999999997
-85.49999999999997
-125.0
-106.5
-144.0
-83.99999999999997
-298.5
-80.49999999999997
-91.99999999999999
-78.99999999999999
-92.0
-89.99999999999997
-107.00000000000001
-83.5
-79.49999999999997
-105.49999999999999
-139.99999999999997
-90.49999999999997
-121.49999999999999
-102.5
-97.0
-87.99999999999999
-78.0
-95.99999999999997
-97.99999999999999
-75.5
-99.49999999999999
-92.0
-91.0
-76.0
-76.49999999999997
-79.5
-92.49999999999997
-137.99999999999994
-110.49999999999997
-122.49999999999999
-82.99999999999999
-84.49999999999997
-84.5
-79.0
-84.99999999999997
-96.49999999999997
-88.99999999999997
-77.49999999999999
-115.49999999999999
-77.49999999999997
-74.99999999999997
-88.49999999999997
-115.5
-85.5
-84.0
-85.49999999999997
-79.49999999999997
-75.99999999999997
-90.49999999999997
-84.99999999999999
-88.0
-71.5
-75.49999999999997
-70.49999999999999
-85.99999999999997
-73.0
-68.0
-101.49999999999997
-98.5
-77.49999999999999
-85.49999999999997
-155.5
-90.99999999999999
-79.49999999999999
-83.99999999999999
-73.99999999999999
-86.0
-98.5
-68.0
-85.0
-97.5
-81.0
-89.49999999999999
-91.5
-83.49999999999997
-78.99999999999997
-76.49999999999997
-97.0
-76.49999999999997
-96.49999999999999
-72.49999999999997
-72.5
-81.0
-79.99999999999999
-91.49999999999999
-62.999999999999986
-79.49999999999999
-81.99999999999999
-88.5
-81.99999999999999
-90.99999999999999
-81.49999999999999
-87.49999999999997
-71.49999999999997
-73.99999999999999
-73.5
-71.49999999999999
-77.49999999999999
-80.99999999999999
-101.5
-76.5
-85.5
-69.0
-98.5
-83.5
-110.5
-73.49999999999999
-86.99999999999999
-71.49999999999999
-88.99999999999999
-63.499999999999986
-68.49999999999999
-81.0
-102.5
-105.49999999999997
-96.49999999999999
-74.99999999999999
-81.99999999999997
-85.0
-85.5
-161.5
-87.49999999999997
-92.99999999999999
-78.99999999999999
-91.49999999999997
-134.49999999999997
-73.99999999999999
-107.99999999999997
-96.5
-91.5
-76.5
-97.0
-75.99999999999999
-83.5
-83.5
-89.5
-98.99999999999999
-88.0
-102.0
-92.0
-92.99999999999997
-89.0
-72.0
-85.0
-73.49999999999997
-78.99999999999997
-99.5
-84.0
-105.49999999999999
-72.5
-81.49999999999999
-77.99999999999999
-79.99999999999997
-83.99999999999997
-67.5
-78.99999999999997
-81.49999999999999
-75.99999999999997
-83.49999999999999
-158.5
-105.0
-120.50000000000003
-100.49999999999997
-286.0
-183.5
-141.5
-97.0
-190.49999999999997
-75.99999999999997
-88.99999999999997
-90.0
-80.49999999999997
-138.5
-81.99999999999999
-90.49999999999999
-94.99999999999999
-116.5
-101.0
-92.99999999999997
-86.99999999999997
-80.49999999999999
-83.49999999999997
-92.49999999999999
-127.99999999999997
-98.99999999999999
-92.0
-95.5
-82.99999999999997
-77.5
-119.99999999999997
-86.49999999999999
-80.5
-91.49999999999997
-88.49999999999999
-86.99999999999999
-76.99999999999999
-72.99999999999999
-87.49999999999997
-85.99999999999997
-73.49999999999999
-93.99999999999999
-82.49999999999997
-88.49999999999997
-83.49999999999997
-75.49999999999997
-88.99999999999997
-81.99999999999999
-92.5
-76.49999999999997
-91.99999999999997
-77.99999999999999
-88.99999999999997
-93.49999999999997
-87.49999999999997
-80.5
-104.5
-78.49999999999997
-95.49999999999997
-76.99999999999999
-80.99999999999999
-68.99999999999997
-96.49999999999999
-102.5
-82.99999999999997
-97.5
-70.99999999999997
-82.49999999999997
-76.49999999999997
-88.99999999999997
-71.49999999999999
-93.5
-72.5
-76.5
-80.49999999999997
-86.49999999999997
-80.99999999999997
-123.99999999999997
-71.99999999999997
-67.49999999999999
-77.0
-75.49999999999997
-81.99999999999999
-82.49999999999997
-95.49999999999999
-78.49999999999997
-79.49999999999997
-97.99999999999999
-288.5
-216.49999999999994
-82.49999999999999
-87.49999999999999
-104.49999999999999
-94.5
-81.49999999999999
-86.99999999999999
-121.99999999999996
-93.0
-91.0
-134.49999999999994
-101.0
-72.99999999999999
-80.0
-78.0
-71.99999999999997
-88.5
-87.99999999999997
-81.99999999999997
-94.5
-85.99999999999997
-137.0
-89.5
-101.99999999999999
-81.99999999999999
-82.49999999999999
-108.99999999999996
-80.0
-84.49999999999997
-90.0
-126.99999999999999
-79.49999999999999
-90.49999999999999
-106.99999999999997
-82.49999999999999
-82.49999999999999
-143.0
-73.99999999999997
-73.49999999999997
-70.49999999999999
-79.99999999999997
-80.5
-78.99999999999999
-65.99999999999997
-71.49999999999999
-89.49999999999999
-84.5
-77.99999999999999
-74.49999999999999
-76.0
-70.49999999999999
-122.49999999999999
-87.49999999999997
-76.49999999999997
-105.5
-78.0
-95.49999999999997
-87.49999999999997
-86.0
-83.5
-83.49999999999997
-79.99999999999997
-72.99999999999997
-71.99999999999999
-81.49999999999999
-93.49999999999997
-73.99999999999999
-68.0
-70.99999999999999
-86.49999999999999
-85.0
-72.49999999999997
-72.49999999999997
-84.99999999999997
-70.99999999999997
-74.99999999999997
-93.49999999999997
-120.49999999999996
-107.99999999999997
-80.5
-78.99999999999999
-84.99999999999997
-74.99999999999999
-74.99999999999997
-81.49999999999999
-117.99999999999996
-83.99999999999997
-81.99999999999997
-62.999999999999986
-95.49999999999999
-157.00000000000003
-83.49999999999997
-70.49999999999999
-85.99999999999997
-96.49999999999997
-77.99999999999997
-169.0
-77.99999999999997
-75.99999999999999
-78.0
-70.99999999999999
-72.49999999999997
-72.99999999999997
-81.99999999999999
-82.99999999999999
-73.99999999999999
-73.49999999999997
-79.0
-77.5
-99.0
-81.99999999999999
-327.0
-500.0
-500.0
-500.0
-500.0
-500.0
-500.0
-500.0
-500.0
-500.0
-500.0
-500.0
-500.0
-500.0
-500.0
-500.0
-500.0
-500.0
-500.0
-500.0
-500.0
-500.0
-500.0
-500.0
-500.0
-500.0
-500.0
-500.0
-500.0
-500.0
-500.0
-500.0
-500.0
-500.0
-500.0
-500.0
-500.0
-500.0
-500.0
-500.0
-500.0
-500.0
-500.0
-500.0
-500.0
-500.0
-500.0
-500.0
-500.0
-500.0
-500.0
-500.0
-500.0
-500.0
-500.0
-500.0
-500.0
-500.0
-500.0
-500.0
-500.0
-500.0
-500.0
-500.0
-500.0
-500.0
-500.0
-500.0
-500.0
-500.0
-500.0
-500.0
-500.0
-500.0
-500.0
-500.0
-500.0
-500.0
-500.0
-500.0
-500.0
-500.0
-500.0
-500.0
-500.0
-500.0
-500.0
-500.0
-500.0
-500.0
-500.0
-500.0
-500.0
-500.0
-500.0
-500.0
-500.0
-500.0
-500.0
-500.0
-500.0
-500.0
-500.0
-500.0
-500.0
-500.0
-500.0
-500.0
-500.0
-500.0
-500.0
-500.0
-500.0
-500.0
-500.0
-500.0
-500.0
-500.0
-500.0
-500.0
-500.0
-500.0
-500.0
-500.0
-500.0
-500.0
-500.0
-500.0
-500.0
-500.0
-500.0
-500.0
-500.0
-500.0
-500.0
-500.0
-500.0
-500.0
-500.0
-500.0
-500.0
-500.0
-500.0
-500.0
-500.0
-500.0
-500.0
-500.0
-500.0
-500.0
-500.0
-500.0
-500.0
-500.0
-500.0
-500.0
-500.0
-500.0
-500.0
-500.0
-500.0
-500.0
-500.0
-500.0
-500.0
-500.0
-500.0
-500.0
-500.0
-500.0
-500.0
-500.0
-500.0
-500.0
-500.0
-500.0
-500.0
-500.0
-500.0
-500.0
-500.0
-500.0
-500.0
-500.0
-500.0
-500.0
-500.0
-500.0
-500.0
-500.0
-500.0
-500.0
-500.0
-500.0
-500.0
-500.0
-500.0
-500.0
-500.0
-500.0
-78.99999999999999
-109.5
-81.49999999999999
-73.49999999999997
-77.99999999999997
-80.49999999999997
-84.99999999999997
-78.0
-75.99999999999997
-85.5
-83.49999999999999
-88.99999999999999
-74.49999999999999
-83.49999999999999
-83.99999999999997
-91.0
-85.5
-89.99999999999997
-73.99999999999997
-74.99999999999999
-83.5
-77.99999999999997
-76.99999999999997
-103.49999999999997
-70.49999999999999
-71.99999999999999
-76.0
-75.99999999999999
-73.99999999999999
-76.99999999999997
-146.5
-88.99999999999999
-82.99999999999997
-78.5
-81.49999999999997
-78.5
-87.5
-73.99999999999999
-77.49999999999997
-74.49999999999997
-85.49999999999997
-74.49999999999997
-82.99999999999997
-81.99999999999999
-81.99999999999999
-87.49999999999999
-71.49999999999999
-87.99999999999997
-76.99999999999997
-76.99999999999997
-93.5
-73.99999999999997
-80.49999999999997
-74.49999999999997
-77.99999999999999
-92.99999999999997
-78.49999999999997
-73.49999999999997
-74.99999999999997
-82.5
-96.5
-70.49999999999997
-92.49999999999997
-83.49999999999997
-74.99999999999999
-88.0
-79.99999999999999
-70.99999999999999
-77.49999999999997
-75.99999999999997
-85.49999999999997
-72.49999999999997
-120.99999999999997
-87.49999999999999
-88.49999999999997
-81.0
-85.99999999999999
-78.99999999999997
-82.49999999999999
-75.99999999999999
-79.49999999999997
-129.99999999999997
-69.49999999999999
-78.99999999999999
-79.5
-71.0
-86.49999999999999
-82.49999999999997
-98.5
-85.99999999999997
-138.99999999999997
-81.49999999999999
-73.99999999999999
-91.99999999999999
-84.5
-73.0
-98.99999999999999
-73.5
-124.49999999999997
-76.99999999999999
-85.49999999999999
-96.5
-87.5
-82.49999999999999
-99.5
-74.49999999999999
-78.0
-71.5
-76.5
-99.49999999999999
-91.5
-94.5
-74.99999999999999
-91.5
-81.99999999999999
-70.49999999999997
-86.49999999999999
-81.49999999999999
-80.49999999999997
-77.49999999999997
-64.99999999999999
-78.49999999999999
-78.49999999999999
-111.5
-81.49999999999997
-76.99999999999997
-74.49999999999999
-83.5
-81.49999999999999
-72.0
-79.99999999999997
-83.49999999999997
-76.99999999999997
-98.5
-86.99999999999999
-133.5
-77.49999999999997
-78.0
-80.99999999999997
-78.99999999999999
-83.49999999999999
-83.49999999999999
-86.49999999999999
-81.99999999999997
-95.99999999999999
-107.99999999999997
-82.99999999999997
-145.0
-75.49999999999997
-81.0
-70.99999999999999
-81.99999999999997
-74.99999999999999
-81.99999999999999
-71.49999999999997
-75.99999999999997
-100.99999999999999
-76.49999999999997
-149.0
-71.49999999999999
-71.99999999999997
-75.49999999999997
-72.49999999999997
-78.99999999999997
-110.49999999999997
-125.0
-80.99999999999999
-95.49999999999997
-70.49999999999999
-89.0
-89.0
-91.5
-79.5
-82.5
-86.49999999999997
-80.0
-95.5
-67.5
-73.0
-87.49999999999997
-67.49999999999997
-79.99999999999997
-81.49999999999997
-66.49999999999999
-75.5
-82.99999999999997
-67.49999999999997
-90.99999999999999
-88.5
-80.5
-139.99999999999997
-79.49999999999997
-99.5
-81.49999999999997
-81.49999999999997
-82.99999999999997
-130.99999999999997
-70.49999999999999
-82.99999999999997
-108.49999999999997
-500.0
-500.0
-500.0
-500.0
-500.0
-500.0
-500.0
-500.0
-500.0
-500.0
-500.0
-500.0
-500.0
-500.0
-500.0
-500.0
-500.0
-500.0
-500.0
-500.0
-500.0
-500.0
-500.0
-500.0
-500.0
-500.0
-500.0
-500.0
-500.0
-500.0
-500.0
-500.0
-500.0
-500.0
-500.0
-500.0
-500.0
-500.0
-500.0
-500.0
-500.0
-500.0
-500.0
-500.0
-500.0
-500.0
-500.0
-500.0
-500.0
-500.0
-500.0
-500.0
-500.0
-500.0
-500.0
-500.0
-500.0
-500.0
-500.0
-500.0
-500.0
-500.0
-500.0
-500.0
-500.0
-500.0
-500.0
-500.0
-500.0
-500.0
-500.0
-500.0
-500.0
-500.0
-500.0
-500.0
-500.0
-500.0
-500.0
-500.0
-500.0
-500.0
-500.0
-500.0
-500.0
-500.0
-500.0
-500.0
-500.0
-500.0
-500.0
-500.0
-500.0
-500.0
-500.0
-500.0
-500.0
-500.0
-500.0
-500.0
-500.0
-500.0
-500.0
-500.0
-500.0
-500.0
-500.0
-500.0
-500.0
-500.0
-500.0
-500.0
-500.0
-500.0
-500.0
-500.0
-500.0
-500.0
-500.0
-500.0
-500.0
-500.0
-500.0
-500.0
-500.0
-500.0
-500.0
-500.0
-500.0
-500.0
-500.0
-500.0
-500.0
-500.0
-500.0
-500.0
-500.0
-500.0
-500.0
-500.0
-500.0
-500.0
-500.0
-500.0
-500.0
-500.0
-500.0
-500.0
-500.0
-500.0
-500.0
-500.0
-500.0
-500.0
-500.0
-500.0
-500.0
-120.5
-175.5
-163.5
-153.49999999999997
-156.5
-129.5
-104.49999999999997
-113.5
-131.0
-110.0
-127.49999999999999
-113.49999999999997
-159.49999999999997
-94.99999999999997
-93.49999999999999
-103.0
-152.49999999999994
-118.5
-123.5
-200.0
-103.49999999999999
-128.5
-134.5
-172.5
-95.49999999999999
-110.49999999999999
-96.5
-112.5
-107.99999999999999
-87.99999999999999
-194.5
-92.5
-106.0
-103.5
-104.99999999999997
-115.5
-111.0
-133.0
-97.0
-107.0
-98.5
-100.49999999999999
-206.5
-500.0
-500.0
-500.0
-500.0
-500.0
-500.0
-500.0
-500.0
-500.0
-500.0
-500.0
-500.0
-500.0
-500.0
-500.0
-500.0
-500.0
-500.0
-500.0
-500.0
-500.0
-500.0
-500.0
-500.0
-500.0
-500.0
-500.0
-500.0
-500.0
-500.0
-500.0
-500.0
-500.0
-500.0
-500.0
-500.0
-500.0
-500.0
-500.0
-500.0
-500.0
-500.0
-500.0
-500.0
-500.0
-500.0
-500.0
-500.0
-500.0
-500.0
-500.0
-500.0
-500.0
-500.0
-500.0
-500.0
-500.0
-500.0
-500.0
-500.0
-500.0
-500.0
-500.0
-500.0
-500.0
-500.0
-500.0
-500.0
-500.0
-500.0
-500.0
-500.0
-500.0
-500.0
-500.0
-500.0
-500.0
-500.0
-500.0
-500.0
-500.0
-500.0
-500.0
-500.0
-500.0
-500.0
-500.0
-500.0
-500.0
-500.0
-500.0
-500.0
-500.0
-500.0
-500.0
-500.0
-500.0
-500.0
-500.0
-500.0
-500.0
-500.0
-500.0
-500.0
-500.0
-500.0
-500.0
-500.0
-500.0
-500.0
-500.0
-500.0
-500.0
-500.0
-500.0
-500.0
-500.0
-500.0
-500.0
-500.0
-500.0
-500.0
-500.0
-500.0
-500.0
-500.0
-500.0
-500.0
-500.0
-500.0
-500.0
-500.0
-500.0
-500.0
-500.0
-500.0
-500.0
-500.0
-500.0
-500.0
-500.0
-500.0
-500.0
-500.0
-500.0
-500.0
-500.0
-500.0
-500.0
-500.0
-500.0
-500.0
-500.0
-500.0
-500.0
-500.0
-500.0
-500.0
-500.0
-500.0
-500.0
-500.0
-500.0
-500.0
-500.0
-500.0
-500.0
-500.0
-500.0
-500.0
-500.0
-500.0
-500.0
-500.0
-500.0
-500.0
-500.0
-500.0
-500.0
-500.0
-500.0
-500.0
-500.0
-500.0
-500.0
-500.0
-500.0
-500.0
-500.0
-500.0
-500.0
-500.0
-500.0
-500.0
-500.0
-500.0
-500.0
-500.0
-500.0
-500.0
-134.5
-93.5
-84.0
-76.99999999999999
-78.99999999999999
-119.99999999999997
-83.5
-84.99999999999997
-85.49999999999997
-73.99999999999999
-91.49999999999997
-88.0
-93.0
-84.0
-85.99999999999999
-86.49999999999999
-75.99999999999999
-105.5
-73.99999999999997
-76.5
-76.49999999999999
-77.49999999999997
-84.49999999999997
-73.0
-126.0
-79.99999999999997
-88.5
-74.99999999999999
-75.49999999999997
-70.49999999999999
-106.99999999999999
-79.49999999999999
-81.99999999999997
-91.99999999999997
-73.49999999999997
-76.99999999999999
-85.99999999999997
-74.49999999999999
-105.5
-88.0
-79.5
-69.99999999999997
-92.99999999999999
-92.49999999999997
-78.49999999999997
-72.5
-78.0
-114.49999999999999
-91.0
-86.99999999999999
-72.49999999999997
-91.49999999999997
-86.49999999999999
-78.49999999999997
-99.0
-77.99999999999997
-117.0
-80.49999999999997
-90.99999999999999
-72.99999999999999
-91.49999999999997
-80.49999999999997
-79.99999999999997
-121.49999999999997
-67.99999999999997
-88.99999999999997
-85.99999999999999
-91.99999999999997
-87.49999999999997
-114.0
-100.5
-81.49999999999997
-87.5
-90.5
-78.0
-68.49999999999999
-149.0
-91.49999999999999
-82.49999999999999
-89.0
-68.99999999999999
-89.0
-77.0
-82.99999999999997
-70.49999999999999
-84.49999999999997
-87.99999999999997
-72.0
-80.99999999999997
-79.49999999999997
-77.0
-93.49999999999999
-89.49999999999999
-80.5
-84.49999999999997
-74.49999999999997
-72.99999999999999
-92.49999999999997
-65.49999999999997
-68.99999999999997
-73.49999999999999
-76.5
-100.00000000000001
-74.5
-78.99999999999999
-71.49999999999999
-85.49999999999997
-95.5
-75.49999999999999
-84.49999999999999
-78.99999999999997
-82.99999999999997
-141.49999999999997
-88.49999999999997
-89.49999999999997
-97.5
-78.99999999999999
-82.99999999999997
-82.99999999999997
-93.49999999999997
-131.5
-82.49999999999999
-70.49999999999997
-82.49999999999999
-70.49999999999997
-69.99999999999997
-76.49999999999999
-72.0
-80.49999999999997
-86.99999999999999
-112.49999999999997
-83.49999999999999
-131.99999999999997
-83.5
-81.49999999999999
-117.99999999999997
-81.49999999999997
-96.49999999999999
-75.49999999999997
-85.99999999999999
-88.99999999999999
-87.49999999999997
-76.49999999999999
-76.99999999999997
-113.99999999999999
-73.99999999999999
-93.49999999999999
-88.5
-82.49999999999997
-73.99999999999997
-82.49999999999999
-81.49999999999999
-83.0
-74.99999999999997
-78.99999999999999
-86.99999999999997
-77.99999999999997
-75.49999999999997
-88.49999999999997
-110.49999999999997
-103.49999999999997
-84.5
-79.49999999999997
-84.5
-87.5
-102.0
-84.5
-73.5
-74.99999999999997
-81.49999999999997
-73.99999999999999
-74.49999999999999
-89.99999999999999
-88.0
-77.99999999999997
-80.49999999999997
-76.49999999999999
-83.5
-73.49999999999997
-125.99999999999997
-92.5
-86.99999999999999
-77.99999999999997
-73.49999999999999
-75.0
-92.99999999999999
-91.99999999999999
-79.99999999999997
-78.49999999999997
-70.49999999999997
-91.99999999999997
-84.49999999999997
-129.49999999999997
-84.99999999999997
-91.5
-78.99999999999999
-73.99999999999997
-114.49999999999999
-75.99999999999997
-79.49999999999999
