-500.0
-500.0
-500.0
-500.0
-500.0
-500.0
-500.0
-500.0
-500.0
-500.0
-500.0
-500.0
-500.0
-500.0
-336.9999999999999
-478.5
-500.0
-500.0
-500.0
-500.0
-500.0
-500.0
-500.0
-500.0
-500.0
-472.5
-422.50000000000006
-500.0
-500.0
-351.5
-397.0
-436.99999999999994
-500.0
-478.5
-487.0
-500.0
-472.5
-398.0
-369.5
-361.5
-425.0
-380.5
-395.5
-446.0
-228.5
-308.99999999999994
-286.5
-283.0
-220.5
-307.49999999999994
-293.49999999999994
-262.0
-214.5
-207.5
-259.5
-268.0
-187.5
-300.5
-361.0
-249.99999999999994
-227.5
-230.50000000000003
-225.0
-192.0
-168.5
-209.5
-229.5
-171.99999999999997
-187.99999999999997
-185.0
-175.0
-195.99999999999997
-207.5
-227.99999999999997
-190.5
-188.0
-151.5
-155.5
-202.0
-160.49999999999997
-183.99999999999994
-167.5
-208.5
-172.0
-153.0
-150.99999999999997
-146.0
-168.5
-113.0
-107.5
-154.0
-140.49999999999997
-177.99999999999994
-137.0
-155.0
-133.0
-143.5
-137.49999999999994
-150.0
-133.99999999999997
-190.5
-126.49999999999999
-142.0
-131.0
-131.5
-152.0
-149.49999999999997
-133.0
-139.0
-124.5
-132.99999999999997
-116.5
-114.0
-131.0
-110.99999999999997
-114.5
-104.99999999999997
-132.0
-116.50000000000001
-140.0
-100.0
-112.99999999999999
-101.99999999999999
-183.0
-133.5
-169.0
-123.5
-143.0
-108.99999999999999
-118.99999999999999
-113.5
-99.49999999999997
-102.5
-91.49999999999999
-105.0
-140.5
-95.0
-108.49999999999999
-85.5
-89.0
-82.99999999999997
-91.99999999999999
-72.5
-96.5
-95.99999999999997
-80.0
-81.0
-401.5
-229.5
-186.5
-240.0
-210.99999999999997
-216.5
-162.5
-185.5
-155.99999999999994
-142.5
-147.0
-145.0
-122.49999999999999
-109.0
-78.99999999999999
-98.5
-91.5
-92.5
-94.49999999999999
-81.99999999999999
-81.49999999999999
-80.49999999999999
-78.49999999999999
-77.99999999999997
-94.49999999999999
-87.99999999999997
-89.49999999999997
-110.0
-82.99999999999999
-93.0
-95.99999999999999
-88.99999999999999
-73.99999999999999
-97.49999999999997
-94.49999999999999
-72.5
-85.49999999999997
-67.5
-84.5
-108.49999999999999
-113.49999999999997
-90.99999999999997
-163.5
-83.49999999999997
-82.49999999999999
-85.5
-138.49999999999997
-91.49999999999999
-148.0
-81.0
-91.0
-98.0
-75.49999999999997
-500.0
-500.0
-500.0
-500.0
-500.0
-500.0
-500.0
-500.0
-500.0
-500.0
-500.0
-500.0
-500.0
-500.0
-500.0
-500.0
-500.0
-500.0
-500.0
-500.0
-500.0
-500.0
-500.0
-500.0
-500.0
-500.0
-119.99999999999997
-111.0
-99.0
-141.0
-171.49999999999997
-172.00000000000003
-93.5
-110.5
-167.0
-98.49999999999999
-94.99999999999997
-72.5
-104.5
-118.49999999999999
-86.49999999999999
-105.99999999999997
-87.5
-89.99999999999999
-104.5
-96.99999999999997
-114.99999999999999
-118.49999999999999
-98.99999999999999
-89.49999999999999
-112.0
-126.99999999999997
-93.49999999999999
-108.99999999999999
-80.99999999999997
-91.49999999999999
-302.5
-102.49999999999999
-97.99999999999999
-100.0
-84.49999999999997
-102.0
-96.5
-99.49999999999999
-102.0
-164.5
-96.0
-104.99999999999997
-94.49999999999999
-109.99999999999997
-118.49999999999999
-117.99999999999999
-106.5
-142.99999999999997
-120.5
-143.49999999999997
-108.5
-109.5
-115.50000000000003
-147.5
-108.5
-88.49999999999997
-116.99999999999997
-86.49999999999999
-88.5
-93.99999999999999
-75.5
-98.5
-75.99999999999999
-73.49999999999999
-73.99999999999997
-75.99999999999999
-76.99999999999997
-85.99999999999997
-85.5
-79.99999999999999
-73.99999999999997
-83.49999999999997
-99.0
-61.99999999999997
-87.5
-73.5
-84.5
-107.99999999999999
-89.5
-83.99999999999997
-85.49999999999997
-85.99999999999999
-102.0
-116.99999999999997
-85.49999999999997
-155.5
-90.49999999999999
-114.49999999999999
-85.99999999999999
-90.99999999999999
-72.99999999999999
-77.99999999999997
-121.99999999999999
-85.49999999999997
-80.99999999999997
-75.49999999999997
-65.99999999999999
-74.99999999999997
-86.0
-75.49999999999999
-87.49999999999999
-79.99999999999997
-81.99999999999997
-73.99999999999999
-76.99999999999997
-134.0
-92.49999999999999
-80.0
-83.49999999999997
-72.49999999999997
-84.99999999999997
-72.0
-109.99999999999997
-112.0
-117.0
-111.0
-166.0
-84.99999999999999
-92.0
-115.49999999999997
-99.5
-112.5
-121.0
-89.5
-95.5
-152.0
-92.5
-132.99999999999997
-82.99999999999997
-95.99999999999997
-95.49999999999997
-129.5
-170.0
-123.49999999999999
-143.5
-142.99999999999997
-135.49999999999997
-89.49999999999999
-150.49999999999997
-100.5
-119.49999999999997
-114.0
-104.5
-92.0
-93.99999999999997
-84.0
-113.5
-101.49999999999997
-104.99999999999999
-111.49999999999997
-118.99999999999997
-127.49999999999999
-122.99999999999997
-118.00000000000001
-162.0
-111.00000000000001
-135.0
-95.5
-105.0
-88.5
-92.0
-95.0
-86.0
-114.0
-123.49999999999999
-117.0
-112.5
-107.5
-83.99999999999999
-87.49999999999997
-87.0
-121.49999999999999
-88.0
-95.49999999999997
-198.0
-221.0
-245.5
-189.5
-219.5
-188.0
-217.0
-156.99999999999997
-203.0
-166.99999999999997
-116.00000000000001
-131.99999999999997
-157.5
-152.99999999999997
-150.5
-139.0
-319.0
-191.5
-178.49999999999994
-115.5
-128.5
-328.0
-171.5
-182.5
-129.5
-173.5
-112.5
-152.0
-149.99999999999997
-138.99999999999994
-187.5
-312.5
-156.49999999999997
-212.5
-329.0
-343.5
-236.0
-379.5
-268.0
-325.5
-260.0
-318.0
-189.0
-236.99999999999994
-97.5
-93.5
-110.5
-104.0
-117.00000000000001
-124.99999999999997
-120.49999999999999
-136.99999999999994
-109.0
-140.5
-134.49999999999997
-99.49999999999999
-111.5
-96.49999999999997
-108.5
-108.0
-144.49999999999997
-143.5
-125.99999999999999
-94.49999999999999
-111.5
-82.49999999999999
-86.99999999999997
-87.99999999999997
-89.99999999999999
-100.5
-146.5
-92.99999999999997
-102.49999999999999
-88.99999999999999
-99.5
-84.5
-80.49999999999997
-92.0
-81.49999999999999
-113.5
-97.99999999999999
-129.5
-121.49999999999997
-93.99999999999999
-101.5
-80.5
-139.99999999999997
-88.99999999999997
-96.5
-127.49999999999999
-117.99999999999997
-73.99999999999999
-108.0
-95.99999999999997
-91.49999999999999
-89.5
-93.0
-101.0
-99.5
-100.49999999999999
-144.0
-92.99999999999997
-82.49999999999999
-88.49999999999997
-104.5
-103.5
-94.49999999999997
-78.49999999999999
-107.99999999999999
-102.0
-78.49999999999999
-99.99999999999997
-110.0
-111.99999999999997
-92.0
-107.99999999999997
-125.0
-77.5
-83.99999999999999
-99.0
-101.0
-91.99999999999999
-86.49999999999997
-87.49999999999999
-100.5
-84.5
-82.49999999999997
-107.5
-111.49999999999997
-125.49999999999999
-82.0
-81.99999999999997
-69.49999999999997
-87.5
-123.99999999999997
-120.49999999999997
-87.99999999999997
-93.49999999999997
-69.49999999999999
-85.99999999999997
-127.99999999999999
-97.99999999999997
-90.99999999999999
-92.49999999999997
-122.49999999999997
-108.0
-125.99999999999997
-78.49999999999999
-114.99999999999999
-100.49999999999997
-89.49999999999999
-173.5
-96.0
-75.99999999999999
-81.49999999999999
-90.49999999999997
-87.99999999999997
-78.99999999999999
-136.0
-78.49999999999999
-98.49999999999999
-86.49999999999999
-103.5
-105.5
-71.49999999999997
-88.5
-99.5
-92.0
-81.49999999999999
-75.5
-143.49999999999997
-115.99999999999997
-106.49999999999997
-82.99999999999997
-98.49999999999999
-87.49999999999997
-180.5
-129.0
-91.99999999999999
-99.49999999999997
-170.0
-74.49999999999999
-87.99999999999997
-85.99999999999999
-95.99999999999997
-103.99999999999999
-99.99999999999997
-109.5
-106.0
-91.5
-95.99999999999999
-89.99999999999999
-97.0
-107.0
-109.49999999999997
-103.99999999999999
-104.49999999999999
-131.5
-98.99999999999999
-110.49999999999997
-88.49999999999997
-144.49999999999997
-100.49999999999997
-104.0
-113.49999999999997
-107.99999999999999
-164.5
-134.5
-146.5
-141.5
-154.0
-127.99999999999999
-113.99999999999997
-106.0
-127.49999999999999
-157.0
-98.99999999999999
-111.49999999999997
-131.0
-118.99999999999999
-117.5
-138.0
-122.49999999999999
-123.0
-196.0
-133.49999999999997
-108.99999999999999
-110.5
-126.99999999999999
-125.00000000000001
-205.0
-130.49999999999997
-125.99999999999997
-226.5
-133.5
-261.0
-139.5
-155.0
-118.49999999999999
-149.0
-192.5
-153.0
-157.49999999999997
-107.5
-237.5
-121.99999999999999
-118.99999999999999
-107.5
-95.99999999999997
-93.0
-111.49999999999997
-99.49999999999999
-120.00000000000001
-88.49999999999999
-111.0
-121.49999999999997
-133.5
-116.50000000000001
-145.0
-148.49999999999997
-162.5
-139.49999999999997
-145.0
-129.5
-161.99999999999997
-132.5
-155.0
-132.0
-113.99999999999999
-150.49999999999997
-130.5
-112.5
-104.5
-93.49999999999999
-94.5
-129.0
-83.5
-84.49999999999997
-89.49999999999999
-95.49999999999997
-132.99999999999997
-133.5
-99.0
-75.49999999999997
-109.5
-100.0
-105.49999999999997
-129.0
-107.99999999999999
-166.0
-129.5
-88.99999999999997
-137.0
-109.5
-106.0
-130.99999999999997
-242.49999999999994
-92.99999999999997
-83.99999999999999
-123.49999999999997
-107.0
-90.49999999999997
-92.49999999999997
-84.5
-79.49999999999999
-91.49999999999999
-80.5
-86.99999999999997
-77.49999999999999
-75.49999999999997
-94.5
-93.5
-88.0
-78.99999999999999
-76.99999999999999
-88.0
-77.5
-83.99999999999999
-91.49999999999999
-77.0
-98.5
-83.99999999999999
-83.5
-94.0
-77.99999999999999
-98.0
-87.0
-122.99999999999997
-145.0
-87.99999999999999
-118.49999999999999
-114.49999999999999
-118.49999999999999
-99.5
-94.99999999999999
-111.50000000000001
-84.5
-171.99999999999997
-74.49999999999997
-102.5
-99.5
-175.5
-92.5
-103.5
-112.5
-74.49999999999999
-101.49999999999997
-105.5
-159.0
-90.0
-93.0
-74.49999999999999
-98.0
-94.99999999999997
-98.99999999999999
-92.0
-85.49999999999999
-74.99999999999997
-90.5
-103.0
-121.49999999999997
-86.49999999999997
-85.99999999999997
-87.99999999999997
-82.0
-80.99999999999997
-73.99999999999999
-90.0
-79.0
-77.5
-90.5
-74.99999999999997
-157.5
-68.0
-86.49999999999999
-80.99999999999997
-82.49999999999999
-77.49999999999997
-77.0
-80.99999999999997
-84.0
-89.49999999999997
-67.0
-101.99999999999999
-82.49999999999999
-85.49999999999997
-106.5
-79.49999999999999
-140.0
-73.49999999999999
-75.5
-104.49999999999999
-85.0
-73.49999999999997
-86.49999999999999
-76.49999999999999
-92.0
-81.49999999999999
-91.49999999999997
-83.49999999999997
-500.0
-500.0
-500.0
-500.0
-500.0
-500.0
-500.0
-500.0
-500.0
-500.0
-500.0
-500.0
-500.0
-500.0
-500.0
-500.0
-500.0
-500.0
-500.0
-500.0
-500.0
-500.0
-500.0
-500.0
-500.0
-500.0
-500.0
-500.0
-500.0
-500.0
-500.0
-500.0
-500.0
-500.0
-500.0
-500.0
-500.0
-500.0
-500.0
-500.0
-500.0
-500.0
-500.0
-500.0
-500.0
-500.0
-500.0
-500.0
-500.0
-500.0
-500.0
-500.0
-500.0
-500.0
-500.0
-500.0
-500.0
-500.0
-500.0
-500.0
-500.0
-500.0
-500.0
-500.0
-500.0
-500.0
-500.0
-500.0
-500.0
-500.0
-500.0
-500.0
-500.0
-500.0
-500.0
-176.0
-217.5
-202.5
-272.0
-173.0
-363.00000000000006
-495.50000000000006
-416.99999999999994
-297.5
-196.5
-254.49999999999997
-148.5
-402.5
-280.5
-319.0
-258.49999999999994
-141.0
-161.5
-167.5
-139.5
-170.49999999999997
-194.0
-300.50000000000006
-162.99999999999997
-192.49999999999994
-143.0
-226.5
-218.5
-268.5
-337.5
-228.0
-213.49999999999997
-231.5
-182.0
-144.5
-177.0
-137.0
-108.99999999999999
-188.99999999999997
-187.5
-169.49999999999997
-147.0
-213.49999999999994
-155.0
-180.99999999999994
-196.5
-143.5
-181.99999999999997
-144.49999999999997
-197.0
-222.5
-274.5
-198.5
-219.0
-218.5
-170.0
-184.0
-205.0
-210.99999999999997
-163.99999999999997
-169.49999999999997
-157.49999999999997
-119.0
-174.00000000000003
-115.0
-122.49999999999999
-140.99999999999997
-142.5
-164.0
-121.5
-122.0
-145.0
-93.49999999999997
-174.0
-103.5
-118.99999999999999
-111.49999999999997
-86.99999999999997
-139.5
-171.49999999999997
-105.49999999999999
-93.99999999999999
-84.5
-89.5
-96.5
-95.49999999999997
-105.0
-97.0
-107.99999999999999
-111.5
-104.99999999999999
-149.5
-102.5
-99.0
-91.0
-95.99999999999999
-93.5
-66.99999999999999
-85.49999999999999
-87.49999999999999
-72.5
-75.5
-79.5
-108.0
-114.99999999999997
-93.0
-100.5
-78.99999999999997
-76.99999999999997
-84.5
-90.99999999999999
-88.49999999999999
-206.0
-82.99999999999997
-81.0
-103.5
-104.0
-93.99999999999999
-140.0
-136.99999999999997
-86.49999999999999
-108.0
-86.49999999999999
-73.5
-77.99999999999999
-500.0
-500.0
-299.99999999999994
-363.5
-388.0
-500.0
-500.0
-235.99999999999997
-406.5
-498.5
-314.99999999999994
-500.0
-167.0
-180.0
-198.99999999999997
-240.5
-133.5
-188.50000000000003
-141.0
-228.49999999999997
-192.0
-135.5
-197.5
-162.99999999999997
-228.5
-165.0
-168.0
-137.5
-197.5
-271.0
-201.0
-133.0
-203.5
-227.50000000000003
-163.0
-266.99999999999994
-237.0
-201.0
-148.5
-257.5
-237.5
-131.5
-154.0
-136.0
-171.99999999999997
-136.0
-137.5
-133.0
-165.0
-146.99999999999997
-187.99999999999997
-142.0
-113.0
-132.5
-134.0
-112.0
-131.0
-135.99999999999997
-147.0
-121.0
-148.5
-129.5
-121.50000000000001
-141.49999999999994
-153.49999999999997
-110.5
-135.5
-102.99999999999999
-129.5
-91.5
-85.5
-126.0
-191.5
-101.49999999999997
-104.5
-95.99999999999997
-113.00000000000001
-125.50000000000001
-105.5
-113.99999999999999
-103.49999999999997
-112.99999999999999
-101.0
-95.5
-91.99999999999997
-108.49999999999999
-85.5
-114.0
-114.49999999999997
-106.5
-89.0
-69.49999999999997
-91.5
-101.5
-81.99999999999997
-107.0
-106.5
-180.0
-81.99999999999999
-115.50000000000001
-85.49999999999997
-109.0
-176.0
-106.5
-97.99999999999999
-126.49999999999999
-111.0
-121.0
-109.0
-139.0
-130.5
-107.99999999999997
-107.5
-103.0
-107.0
-94.49999999999999
-146.5
-93.49999999999999
-99.49999999999999
-75.99999999999999
-85.99999999999997
-85.99999999999999
-89.49999999999997
-77.49999999999997
-139.0
-92.5
-83.99999999999999
-80.49999999999999
-86.49999999999999
-323.5
-80.0
-87.5
-68.0
-85.99999999999999
-86.0
-84.0
-90.99999999999997
-68.49999999999999
-86.0
-72.5
-79.99999999999997
-73.5
-86.99999999999999
-109.99999999999999
-86.99999999999997
-74.49999999999999
-97.5
-84.5
-85.5
-95.50000000000001
-88.0
-76.49999999999997
-64.49999999999999
-71.49999999999997
-83.0
-126.0
-104.99999999999997
-104.0
-71.99999999999999
-85.99999999999999
-68.99999999999999
-88.5
-84.0
-94.49999999999999
-93.5
-96.5
-85.99999999999999
-67.5
-74.99999999999999
-75.49999999999997
-74.49999999999999
-81.99999999999999
-76.99999999999999
-75.99999999999999
-79.49999999999999
-75.5
-72.49999999999999
-81.0
-89.5
-93.0
-81.49999999999999
-89.99999999999999
-96.5
-73.99999999999999
-85.0
-80.5
-69.0
-94.0
-82.99999999999999
-91.49999999999999
-79.49999999999997
-84.5
-91.99999999999997
-78.99999999999999
-118.99999999999997
-75.49999999999997
-100.50000000000001
-98.5
-109.5
-88.5
-411.5
-473.5
-332.4999999999999
-500.0
-500.0
-500.0
-500.0
-500.0
-500.0
-500.0
-205.0
-195.0
-224.99999999999994
-500.0
-327.5
-297.5
-311.0
-500.0
-500.0
-500.0
-500.0
-500.0
-500.0
-500.0
-500.0
-500.0
-500.0
-500.0
-500.0
-500.0
-500.0
-500.0
-500.0
-500.0
-500.0
-500.0
-500.0
-500.0
-150.0
-141.49999999999997
-93.49999999999997
-89.0
-125.0
-92.49999999999997
-93.99999999999999
-96.0
-92.5
-85.0
-104.49999999999997
-99.0
-95.99999999999997
-103.5
-107.5
-107.99999999999999
-83.0
-119.0
-114.5
-145.5
-117.0
-95.49999999999999
-94.99999999999999
-97.0
-112.99999999999999
-107.0
-123.49999999999997
-89.49999999999997
-101.0
-104.0
-94.49999999999997
-111.5
-98.49999999999999
-110.5
-93.5
-97.49999999999999
-70.49999999999999
-89.5
-88.99999999999997
-98.49999999999999
-86.49999999999999
-94.49999999999997
-111.50000000000001
-96.5
-94.5
-79.99999999999997
-97.49999999999999
-80.49999999999997
-134.5
-108.0
-97.99999999999999
-119.49999999999997
-99.49999999999999
-147.5
-133.49999999999997
-117.99999999999997
-93.5
-94.49999999999997
-105.99999999999997
-139.5
-112.5
-93.49999999999997
-93.99999999999999
-99.5
-150.0
-89.49999999999999
-95.99999999999999
-109.0
-100.0
-96.99999999999997
-100.49999999999997
-116.50000000000001
-103.5
-97.5
-89.49999999999999
-107.5
-93.0
-84.49999999999999
-80.99999999999997
-81.49999999999999
-79.49999999999999
-109.5
-77.49999999999997
-86.99999999999997
-72.49999999999997
-80.5
-103.99999999999999
-92.5
-132.99999999999994
-71.99999999999997
-91.0
-87.49999999999997
-98.5
-75.0
-93.0
-98.99999999999999
-97.0
-89.49999999999997
-72.5
-89.0
-73.0
-87.49999999999997
-94.49999999999999
-114.99999999999997
-77.49999999999997
-71.5
-87.5
-77.0
-80.99999999999999
-78.99999999999997
-71.0
-78.99999999999999
-78.99999999999999
-155.0
-144.0
-107.99999999999999
-106.49999999999999
-124.0
-137.0
-131.99999999999997
-87.99999999999999
-89.99999999999997
-79.5
-97.0
-75.49999999999997
-94.99999999999999
-79.99999999999997
-75.99999999999999
-77.99999999999997
-80.49999999999997
-85.0
-81.49999999999999
-88.0
-76.49999999999997
-76.99999999999997
-83.99999999999997
-124.49999999999997
-77.99999999999997
-83.99999999999999
-74.49999999999999
-80.5
-100.49999999999999
-63.499999999999986
-78.99999999999999
-79.49999999999999
-85.5
-89.5
-76.5
-82.49999999999999
-80.5
-76.49999999999999
-78.49999999999999
-84.5
-73.99999999999999
-77.49999999999999
-83.99999999999999
-82.99999999999997
-89.49999999999999
-83.49999999999997
-74.99999999999999
-106.49999999999999
-181.5
-500.0
-500.0
-500.0
-500.0
-500.0
-500.0
-500.0
-500.0
-500.0
-500.0
-500.0
-500.0
-500.0
-500.0
-500.0
-500.0
-500.0
-500.0
-500.0
-500.0
-500.0
-500.0
-500.0
-500.0
-500.0
-500.0
-500.0
-500.0
-500.0
-500.0
-500.0
-500.0
-500.0
-500.0
-500.0
-500.0
-500.0
-500.0
-500.0
-500.0
-500.0
-500.0
-500.0
-500.0
-500.0
-500.0
-500.0
-500.0
-500.0
-500.0
-500.0
-500.0
-500.0
-500.0
-500.0
-500.0
-500.0
-500.0
-500.0
-500.0
-500.0
-500.0
-500.0
-500.0
-500.0
-500.0
-500.0
-500.0
-500.0
-500.0
-500.0
-500.0
-500.0
-500.0
-500.0
-500.0
-500.0
-500.0
-500.0
-500.0
-500.0
-500.0
-500.0
-500.0
-500.0
-500.0
-500.0
-500.0
-500.0
-500.0
-500.0
-500.0
-500.0
-500.0
-500.0
-500.0
-500.0
-500.0
-500.0
-500.0
-500.0
-500.0
-500.0
-500.0
-500.0
-500.0
-500.0
-500.0
-500.0
-500.0
-500.0
-500.0
-500.0
-500.0
-500.0
-500.0
-500.0
-500.0
-500.0
-500.0
-500.0
-500.0
-500.0
-500.0
-500.0
-500.0
-500.0
-500.0
-500.0
-500.0
-500.0
-500.0
-500.0
-500.0
-500.0
-500.0
-500.0
-500.0
-500.0
-500.0
-500.0
-500.0
-500.0
-500.0
-500.0
-500.0
-500.0
-500.0
-500.0
-500.0
-500.0
-500.0
-500.0
-500.0
-500.0
-500.0
-500.0
-500.0
-500.0
-500.0
-500.0
-500.0
-500.0
-500.0
-500.0
-500.0
-500.0
-500.0
-500.0
-500.0
-500.0
-500.0
-500.0
-500.0
-500.0
-500.0
-500.0
-500.0
-500.0
-500.0
-500.0
-500.0
-500.0
-500.0
-500.0
-500.0
-500.0
-500.0
-500.0
-500.0
-500.0
-500.0
-500.0
-500.0
-500.0
-500.0
-500.0
-500.0
-500.0
-500.0
-147.0
-91.0
-105.5
-167.5
-142.0
-173.0
-201.0
-126.49999999999997
-135.0
-101.0
-95.0
-95.0
-139.49999999999997
-129.5
-120.49999999999997
-123.49999999999997
-125.99999999999997
-97.0
-100.0
-87.49999999999999
-86.99999999999997
-130.5
-101.49999999999997
-134.5
-94.49999999999999
-125.0
-277.0
-138.5
-188.0
-98.0
-87.49999999999999
-147.49999999999997
-125.99999999999999
-138.5
-114.49999999999997
-123.49999999999999
-136.5
-93.5
-128.0
-96.5
-96.5
-126.99999999999999
-98.99999999999999
-80.49999999999997
-103.5
-94.99999999999999
-137.49999999999997
-93.0
-79.49999999999999
-90.0
-104.5
-165.5
-97.0
-109.0
-139.99999999999997
-97.5
-106.0
-89.99999999999999
-113.5
-109.5
-157.0
-111.5
-105.5
-85.5
-96.49999999999997
-119.0
-93.5
-82.49999999999999
-80.49999999999997
-93.49999999999997
-94.5
-88.49999999999999
-133.99999999999997
-102.5
-95.5
-94.99999999999999
-99.49999999999999
-91.49999999999999
-105.99999999999999
-94.0
-77.49999999999999
-104.0
-94.49999999999999
-88.49999999999997
-73.99999999999997
-113.49999999999999
-73.5
-95.49999999999997
-114.49999999999997
-87.49999999999997
-92.0
-96.5
-91.5
-120.49999999999999
-92.5
-132.0
-113.49999999999997
-192.00000000000003
-106.99999999999999
-117.49999999999997
-106.99999999999999
-78.0
-105.49999999999997
-88.5
-109.99999999999997
-180.0
-120.5
-107.99999999999997
-155.49999999999997
-95.5
-98.99999999999999
-114.5
-131.0
-152.5
-117.0
-108.99999999999997
-141.5
-122.99999999999999
-137.0
-107.5
-89.99999999999997
-102.99999999999999
-88.99999999999997
-96.5
-83.99999999999999
-93.5
-166.0
-129.0
-102.0
-106.99999999999997
-95.99999999999999
-148.99999999999997
-77.49999999999999
-119.49999999999999
-97.49999999999997
-135.5
-99.99999999999999
-165.0
-105.0
-121.99999999999997
-154.5
-139.99999999999997
-108.0
-140.49999999999997
-202.0
-116.99999999999997
-97.49999999999999
-93.0
-112.49999999999997
-170.49999999999997
-114.5
-106.0
-107.5
-133.5
-105.5
-142.5
-96.99999999999999
-84.49999999999997
-116.49999999999997
-222.49999999999997
-140.49999999999997
-186.0
-130.0
-155.0
-123.0
-130.99999999999997
-85.49999999999997
-141.5
-92.99999999999997
-158.49999999999997
-184.0
-123.5
-89.99999999999997
-94.99999999999997
-89.0
-95.99999999999999
-114.99999999999999
-83.49999999999997
-85.99999999999999
-100.5
-102.5
-97.0
-81.49999999999999
-84.5
-109.0
-129.5
-81.49999999999997
-92.5
-93.0
-101.5
-83.99999999999997
-99.49999999999999
-172.0
-106.49999999999997
-95.49999999999999
-102.49999999999999
-80.5
-90.49999999999999
-98.5
-90.99999999999997
-84.99999999999999
-85.99999999999997
-80.49999999999997
-100.0
-96.0
-147.99999999999997
-112.49999999999999
-92.99999999999997
-124.49999999999997
-83.49999999999997
-112.49999999999999
-78.5
-87.49999999999999
-104.50000000000001
-81.49999999999999
-98.0
-95.99999999999997
-107.49999999999997
-126.49999999999997
-91.49999999999999
-102.49999999999999
-97.5
-96.5
-97.99999999999999
-90.49999999999997
-222.49999999999997
-125.49999999999997
-97.99999999999999
-85.5
-95.5
-133.99999999999997
-95.49999999999999
-83.99999999999999
-88.99999999999997
-89.49999999999999
-100.99999999999997
-93.5
-77.49999999999999
-91.99999999999997
-142.5
-74.49999999999999
-76.49999999999999
-74.99999999999999
-73.5
-104.0
-92.0
-82.99999999999997
-89.0
-90.49999999999997
-83.99999999999999
-98.99999999999999
-75.49999999999997
-80.49999999999997
-103.99999999999999
-127.99999999999997
-101.5
-69.49999999999999
-79.0
-95.0
-94.49999999999999
-130.0
-81.99999999999999
-178.5
-80.99999999999997
-115.5
-88.5
-96.99999999999997
-78.49999999999999
-87.99999999999997
-68.49999999999997
-82.99999999999997
-80.99999999999999
-87.99999999999997
-75.49999999999997
-78.0
-92.49999999999997
-87.49999999999999
-78.0
-75.49999999999997
-87.99999999999999
-83.0
-77.99999999999997
-82.49999999999997
-88.99999999999999
-107.0
-90.99999999999997
-81.99999999999997
-83.99999999999997
-117.99999999999997
-139.5
-77.99999999999997
-84.49999999999999
-86.99999999999999
-77.5
-80.99999999999997
-118.5
-120.49999999999999
-82.49999999999997
-107.0
-104.0
-78.49999999999997
-74.49999999999997
-87.99999999999999
-73.49999999999999
-86.99999999999997
-92.49999999999999
-68.49999999999999
-78.99999999999999
-77.99999999999997
-73.0
-77.49999999999997
-89.49999999999997
-88.49999999999997
-77.49999999999997
-86.49999999999999
-93.49999999999999
-74.99999999999997
-79.49999999999997
-92.0
-78.99999999999999
-86.99999999999999
-71.0
-184.49999999999997
-71.5
-83.5
-74.49999999999997
-86.49999999999997
-67.49999999999997
-89.5
-76.99999999999997
-86.99999999999999
-74.99999999999999
-89.49999999999999
-84.49999999999997
-77.5
-82.49999999999997
-73.49999999999999
-82.99999999999997
-83.49999999999997
-94.99999999999999
-69.99999999999999
-86.99999999999999
-87.49999999999999
-70.99999999999999
-65.99999999999999
-149.5
-83.49999999999999
-107.99999999999999
-94.5
-78.49999999999997
-78.0
-74.99999999999997
-74.49999999999997
-83.99999999999999
-78.99999999999999
-77.49999999999997
-119.49999999999997
-135.0
-92.49999999999997
-90.0
-69.99999999999997
-83.5
-159.5
-89.0
-87.99999999999999
-111.49999999999999
-74.99999999999999
-84.99999999999997
-85.99999999999997
-85.49999999999997
-76.49999999999999
-85.0
-81.0
-81.49999999999999
-72.49999999999999
-73.49999999999999
-168.5
-66.99999999999999
-71.0
-80.49999999999997
-98.5
-77.5
-77.49999999999997
-114.99999999999997
-122.49999999999997
-81.99999999999997
-115.99999999999997
-78.49999999999999
-78.99999999999999
-81.49999999999999
-75.5
-76.49999999999997
-81.0
-83.99999999999999
-72.0
-84.99999999999997
-80.0
-85.99999999999999
-82.0
-87.5
