23.000000000000007
19.500000000000004
16.500000000000004
17.500000000000004
31.000000000000004
17.500000000000004
64.49999999999999
18.0
19.500000000000004
12.000000000000002
31.000000000000004
22.0
19.500000000000004
17.000000000000004
20.000000000000004
28.500000000000007
14.000000000000004
34.99999999999999
21.000000000000007
27.000000000000004
17.500000000000004
27.500000000000007
18.500000000000004
16.0
25.500000000000004
30.500000000000007
15.500000000000002
18.5
27.000000000000007
58.999999999999986
95.99999999999999
71.49999999999999
41.999999999999986
38.49999999999999
33.50000000000001
27.500000000000007
41.499999999999986
82.49999999999999
33.50000000000001
21.500000000000004
53.999999999999986
57.999999999999986
119.99999999999999
85.0
55.999999999999986
23.500000000000004
47.999999999999986
22.000000000000004
96.0
71.99999999999997
173.5
32.99999999999999
30.500000000000007
22.000000000000004
22.0
22.000000000000007
17.000000000000007
25.500000000000007
38.99999999999999
37.0
35.00000000000001
29.500000000000007
70.0
88.99999999999997
160.49999999999997
82.99999999999997
55.499999999999986
106.49999999999999
100.5
131.5
159.0
119.49999999999999
149.99999999999997
300.5
329.5
212.0
274.0
198.0
198.99999999999997
154.5
198.5
243.5
175.0
153.99999999999997
175.49999999999997
166.49999999999994
194.0
215.0
244.5
309.99999999999994
233.5
236.5
213.0
271.5
332.0
260.5
243.0
182.5
230.5
234.5
375.5
240.50000000000003
237.99999999999994
206.0
236.5
176.99999999999997
203.0
257.0
227.00000000000003
237.5
229.00000000000003
221.5
215.99999999999997
224.5
264.0
238.00000000000003
309.0
250.0
238.5
234.00000000000003
227.0
230.0
210.5
230.0
248.0
241.5
256.5
291.5
158.0
247.5
271.0
101.5
214.5
381.5
282.0
298.5
228.5
318.0
308.49999999999994
225.50000000000003
229.00000000000003
276.49999999999994
251.99999999999997
292.49999999999994
329.5
188.5
188.5
256.5
309.0
313.0
283.99999999999994
287.5
262.0
280.49999999999994
255.0
258.5
275.5
291.99999999999994
288.99999999999994
291.0
288.5
291.99999999999994
302.0
339.0
342.49999999999994
334.99999999999994
324.49999999999994
375.5
322.5
374.49999999999994
474.00000000000006
482.0
252.49999999999997
500.0
500.0
486.0
500.0
500.0
500.0
274.0
474.0
449.49999999999994
348.9999999999999
52.5
447.0
432.5
406.5
382.5
455.0
284.49999999999994
219.5
134.99999999999997
238.49999999999997
268.5
319.5
271.0
306.0
301.49999999999994
260.5
254.49999999999997
312.0
213.0
162.99999999999997
108.49999999999997
128.99999999999997
144.0
95.49999999999997
242.99999999999994
246.5
228.0
176.49999999999994
192.5
45.49999999999999
131.0
121.49999999999997
99.99999999999999
132.0
58.49999999999997
137.0
96.49999999999997
169.0
289.5
137.49999999999997
79.99999999999999
337.0
210.49999999999994
308.0
172.5
183.99999999999997
145.5
189.99999999999997
206.5
212.5
350.0
160.49999999999997
272.0
130.0
81.49999999999997
184.99999999999997
195.0
385.49999999999994
173.0
211.5
183.5
203.0
211.49999999999994
152.49999999999997
75.50000000000001
180.99999999999994
182.5
222.5
168.0
253.99999999999997
247.0
289.0
248.0
209.0
277.5
124.00000000000003
225.0
270.0
161.99999999999994
28.500000000000004
21.000000000000004
119.99999999999999
162.5
453.5
253.5
285.99999999999994
314.5
175.0
216.0
85.99999999999999
306.0
322.9999999999999
237.49999999999997
67.49999999999997
305.49999999999994
118.0
204.0
173.99999999999997
134.5
263.0
419.0
338.0
219.0
213.5
419.0
396.0
298.5
252.99999999999997
332.5
307.5
433.49999999999994
195.0
266.0
176.0
147.99999999999997
158.5
284.5
230.5
127.49999999999997
215.5
250.99999999999997
235.5
303.49999999999994
262.5
316.0
264.5
169.99999999999997
275.0
403.0
361.5
389.0
321.49999999999994
374.0
236.0
228.0
326.5
228.99999999999994
206.5
184.5
164.5
257.5
325.0
152.5
162.99999999999997
149.99999999999997
178.99999999999994
289.0
249.49999999999997
28.999999999999993
177.5
320.5
236.99999999999997
127.0
110.49999999999997
237.49999999999994
434.5
134.0
421.5
187.5
76.0
261.0
297.5
295.0
273.0
337.0
409.0
369.0
320.0
260.5
481.0
472.5
371.0
500.0
366.0
466.5
234.99999999999997
261.0
199.99999999999997
219.5
173.99999999999994
293.5
340.5
500.0
332.5
399.99999999999994
224.0
208.49999999999997
261.49999999999994
448.0
227.49999999999997
313.49999999999994
246.5
247.5
222.0
225.5
233.5
247.0
263.0
213.0
294.5
235.5
232.5
267.5
226.0
167.49999999999994
195.49999999999997
405.5
360.5
344.0
287.5
371.5
345.00000000000006
366.0
403.5
274.5
226.0
389.0
9.0
10.0
10.0
9.5
10.0
9.0
9.5
9.0
9.5
9.0
9.0
9.5
9.0
10.0
10.0
9.0
10.0
10.0
9.5
9.5
10.0
9.5
8.5
9.0
9.5
9.0
10.0
9.5
8.5
9.5
9.0
9.0
9.0
9.5
9.5
9.5
10.0
10.5
11.0
14.0
12.000000000000002
12.5
13.0
21.0
26.000000000000007
26.000000000000007
19.000000000000004
35.49999999999999
36.99999999999999
21.000000000000007
36.49999999999999
15.500000000000004
20.500000000000007
12.500000000000004
28.000000000000007
21.500000000000007
21.500000000000007
10.5
36.99999999999999
14.000000000000004
15.000000000000002
71.99999999999999
20.500000000000007
29.500000000000007
18.000000000000004
20.000000000000007
29.500000000000007
20.000000000000004
26.0
19.000000000000004
16.500000000000004
9.5
22.000000000000007
15.500000000000004
21.000000000000007
34.49999999999999
25.000000000000007
15.000000000000002
17.500000000000007
21.000000000000007
36.0
22.500000000000007
31.500000000000007
49.99999999999999
55.99999999999998
34.5
48.99999999999999
29.500000000000004
35.0
26.500000000000007
82.49999999999999
49.5
35.5
30.999999999999993
45.999999999999986
36.50000000000001
45.0
33.00000000000001
48.5
90.99999999999999
45.499999999999986
48.0
20.000000000000004
33.5
17.500000000000007
20.000000000000007
33.0
38.0
45.49999999999999
42.49999999999999
32.50000000000001
56.99999999999998
40.99999999999999
52.499999999999986
48.999999999999986
43.5
57.49999999999999
56.49999999999998
45.0
35.50000000000001
39.49999999999999
31.5
56.49999999999998
57.999999999999986
50.999999999999986
42.999999999999986
38.5
82.0
57.0
45.0
59.499999999999986
52.99999999999999
52.499999999999986
53.0
56.99999999999998
58.99999999999999
41.0
59.499999999999986
66.99999999999999
90.49999999999997
54.99999999999997
38.99999999999999
37.00000000000001
34.99999999999999
40.0
26.000000000000007
32.00000000000001
22.500000000000007
30.000000000000004
39.50000000000001
49.0
46.499999999999986
54.49999999999997
59.99999999999998
61.999999999999986
37.0
52.99999999999998
81.0
41.499999999999986
56.499999999999986
53.99999999999998
49.99999999999999
39.5
88.99999999999999
39.5
66.0
46.999999999999986
56.499999999999986
64.49999999999999
42.5
67.49999999999999
49.499999999999986
45.0
41.0
54.999999999999986
53.99999999999997
32.00000000000001
64.0
40.999999999999986
59.999999999999986
61.49999999999997
48.99999999999998
67.49999999999997
59.49999999999999
52.499999999999986
62.99999999999999
66.0
62.999999999999986
57.49999999999998
55.999999999999986
53.99999999999997
72.49999999999999
43.499999999999986
70.49999999999997
108.49999999999997
62.499999999999986
69.99999999999997
66.99999999999999
54.999999999999986
78.49999999999997
42.99999999999999
45.49999999999999
34.50000000000001
37.50000000000001
74.5
80.99999999999997
92.5
91.0
91.49999999999997
91.0
35.0
63.499999999999986
65.0
85.99999999999999
124.99999999999997
83.0
73.99999999999999
97.0
117.49999999999997
99.99999999999997
125.49999999999999
95.49999999999999
111.49999999999999
70.49999999999999
114.5
76.99999999999997
99.5
104.5
76.99999999999997
118.99999999999999
118.49999999999997
62.999999999999986
85.49999999999997
108.49999999999999
112.99999999999997
127.99999999999999
152.99999999999997
153.49999999999994
160.49999999999997
118.99999999999997
196.0
402.0
238.5
287.0
268.0
250.0
325.99999999999994
263.0
356.0
291.5
285.5
183.0
224.49999999999994
148.0
161.49999999999997
220.0
203.5
213.5
185.5
209.5
232.0
209.0
293.5
329.9999999999999
420.5
140.0
268.0
500.0
500.0
500.0
500.0
382.0
346.49999999999994
500.0
500.0
478.5
500.0
500.0
500.0
474.0
500.0
145.0
113.5
353.0
125.49999999999997
129.49999999999997
108.49999999999999
235.99999999999997
247.0
284.0
471.0
202.0
228.5
249.99999999999994
29.500000000000004
168.99999999999994
326.0
399.0
500.0
500.0
500.0
500.0
500.0
500.0
500.0
500.0
500.0
500.0
244.0
225.99999999999994
133.0
500.0
500.0
500.0
500.0
500.0
500.0
500.0
500.0
500.0
500.0
500.0
500.0
500.0
500.0
500.0
500.0
500.0
500.0
500.0
500.0
500.0
500.0
500.0
500.0
500.0
500.0
500.0
500.0
500.0
500.0
500.0
500.0
500.0
500.0
500.0
500.0
500.0
500.0
500.0
500.0
500.0
500.0
500.0
500.0
500.0
500.0
172.5
421.99999999999994
500.0
500.0
500.0
295.0
500.0
500.0
500.0
500.0
500.0
500.0
500.0
500.0
500.0
500.0
500.0
500.0
500.0
500.0
500.0
500.0
500.0
315.5
314.5
500.0
500.0
500.0
306.5
500.0
297.5
500.0
500.0
500.0
500.0
500.0
500.0
500.0
500.0
500.0
295.0
107.49999999999997
232.0
10.5
8.0
9.0
9.5
9.0
9.5
10.0
10.0
9.0
11.0
11.5
11.5
14.000000000000002
19.500000000000004
12.000000000000002
11.500000000000002
16.5
31.500000000000007
16.000000000000004
22.000000000000004
21.000000000000007
18.500000000000007
15.500000000000002
15.500000000000004
33.99999999999999
44.5
12.500000000000002
43.0
31.499999999999993
24.000000000000007
16.000000000000004
29.5
22.000000000000004
51.499999999999986
19.000000000000004
16.000000000000004
20.000000000000007
16.000000000000004
18.000000000000007
18.500000000000004
18.500000000000004
15.000000000000004
15.000000000000004
20.500000000000007
42.499999999999986
25.000000000000007
20.5
14.000000000000002
16.000000000000004
31.499999999999993
16.500000000000004
27.499999999999993
19.500000000000004
27.0
19.000000000000004
17.500000000000004
46.499999999999986
15.500000000000002
38.49999999999999
22.500000000000007
21.000000000000007
20.000000000000007
18.500000000000004
51.50000000000001
28.5
17.0
23.500000000000007
26.000000000000007
16.0
27.000000000000007
41.0
82.99999999999997
31.5
14.000000000000004
35.0
58.999999999999986
41.5
35.99999999999999
53.999999999999986
60.49999999999998
32.5
75.99999999999999
36.99999999999999
97.99999999999999
55.499999999999986
87.49999999999999
36.5
41.99999999999999
55.999999999999986
74.0
45.0
117.99999999999999
96.5
73.0
55.999999999999986
97.49999999999997
49.5
71.5
34.5
69.5
66.49999999999999
75.0
60.49999999999998
91.49999999999999
70.49999999999999
137.5
117.0
54.999999999999986
76.99999999999997
86.0
105.99999999999999
110.99999999999997
78.49999999999997
122.0
126.5
123.49999999999999
111.0
115.5
158.0
113.49999999999999
140.49999999999997
134.0
161.99999999999997
132.99999999999997
128.5
124.5
80.99999999999997
52.99999999999999
109.99999999999997
106.0
141.49999999999997
96.49999999999999
115.0
115.5
86.49999999999999
117.5
159.5
75.0
106.5
132.99999999999997
99.0
140.99999999999997
119.99999999999999
136.5
134.0
193.49999999999997
132.99999999999997
136.0
113.49999999999999
87.99999999999997
132.99999999999997
115.5
126.5
127.49999999999999
138.99999999999997
130.0
56.499999999999986
91.5
91.0
105.0
125.49999999999997
118.5
123.0
125.0
125.99999999999999
113.5
132.99999999999997
125.99999999999999
158.5
135.49999999999997
153.99999999999994
165.49999999999994
153.99999999999997
144.5
123.0
135.0
112.99999999999997
141.99999999999997
121.00000000000001
132.5
125.99999999999997
122.0
132.0
121.5
132.99999999999997
134.99999999999997
129.0
136.0
151.0
121.49999999999999
147.99999999999997
164.49999999999997
140.5
126.5
125.99999999999997
113.0
132.5
103.99999999999999
90.49999999999999
121.5
11.0
19.000000000000004
28.000000000000007
11.0
15.000000000000002
15.500000000000002
18.0
31.500000000000004
19.000000000000004
20.000000000000007
13.500000000000004
26.0
16.500000000000004
17.0
27.000000000000007
23.000000000000007
16.500000000000004
39.5
17.500000000000007
25.500000000000007
36.99999999999999
18.000000000000004
39.0
28.500000000000004
39.49999999999999
25.5
21.0
35.5
17.500000000000004
27.000000000000007
25.000000000000007
11.500000000000002
40.999999999999986
18.5
13.5
16.000000000000004
13.500000000000004
19.000000000000007
25.500000000000007
24.000000000000007
13.5
27.500000000000004
26.000000000000007
16.500000000000004
15.500000000000002
44.99999999999999
32.50000000000001
11.0
24.000000000000007
40.5
17.000000000000007
17.5
26.000000000000007
13.000000000000004
39.99999999999999
40.49999999999999
27.500000000000004
21.500000000000004
11.500000000000002
24.500000000000007
35.99999999999999
17.000000000000007
16.0
13.500000000000004
25.5
52.49999999999999
14.000000000000004
25.000000000000007
25.000000000000007
17.500000000000004
13.5
24.000000000000007
12.500000000000004
43.499999999999986
27.000000000000004
20.000000000000007
19.500000000000004
19.000000000000004
38.5
17.500000000000007
16.000000000000004
17.5
27.500000000000007
11.000000000000002
14.000000000000002
16.000000000000004
16.500000000000004
18.0
16.0
13.000000000000002
22.000000000000004
32.00000000000001
27.000000000000007
35.5
27.500000000000007
26.000000000000007
15.000000000000002
15.000000000000002
15.000000000000002
18.500000000000004
13.5
33.5
11.500000000000002
14.500000000000002
18.5
36.99999999999999
40.99999999999999
14.500000000000002
19.500000000000007
19.000000000000004
24.500000000000007
23.5
12.5
33.49999999999999
53.49999999999998
15.500000000000002
17.000000000000004
18.000000000000004
22.000000000000007
17.5
29.500000000000007
22.500000000000007
27.000000000000004
17.500000000000007
17.500000000000007
19.000000000000007
40.99999999999999
31.0
19.500000000000004
18.500000000000007
13.500000000000004
20.0
16.500000000000004
30.000000000000004
36.0
31.500000000000007
17.5
17.0
17.000000000000004
19.500000000000007
71.0
13.000000000000002
37.00000000000001
32.50000000000001
12.500000000000002
47.999999999999986
30.499999999999993
25.5
29.0
12.000000000000002
52.999999999999986
23.500000000000007
18.5
32.5
46.499999999999986
19.000000000000004
13.000000000000004
18.5
19.000000000000004
23.5
17.0
14.500000000000002
31.499999999999993
43.999999999999986
34.0
19.500000000000004
17.5
18.500000000000004
17.5
16.500000000000004
19.000000000000004
28.5
23.000000000000007
28.0
40.5
26.0
10.0
23.500000000000007
23.500000000000004
24.500000000000004
21.000000000000007
20.000000000000007
26.500000000000007
21.500000000000007
21.000000000000007
15.000000000000002
42.0
37.0
17.000000000000004
17.0
17.000000000000004
19.500000000000004
28.500000000000007
19.500000000000004
14.500000000000002
16.500000000000004
24.5
15.500000000000002
52.49999999999999
17.000000000000004
12.500000000000004
44.499999999999986
15.500000000000004
20.000000000000007
16.500000000000004
20.500000000000004
17.5
29.5
36.0
14.0
36.5
24.500000000000007
32.00000000000001
13.000000000000004
27.0
24.000000000000007
20.500000000000007
29.999999999999993
22.000000000000004
22.5
15.000000000000002
37.5
31.500000000000007
26.500000000000007
55.5
12.500000000000004
30.0
20.500000000000007
17.000000000000004
20.500000000000007
17.000000000000004
33.00000000000001
14.000000000000002
23.500000000000007
31.499999999999993
26.000000000000007
20.500000000000007
14.000000000000004
19.000000000000004
15.000000000000004
16.500000000000004
19.500000000000004
15.500000000000004
27.500000000000007
19.000000000000004
23.0
16.000000000000004
18.500000000000004
28.0
27.0
15.500000000000002
19.500000000000004
22.500000000000007
20.5
18.500000000000007
24.500000000000007
28.999999999999993
26.500000000000004
26.000000000000007
39.5
34.0
32.00000000000001
25.5
83.5
41.5
47.0
20.500000000000007
52.5
30.500000000000004
54.499999999999986
27.500000000000007
60.999999999999986
89.0
33.5
37.5
53.999999999999986
60.99999999999998
41.49999999999999
27.500000000000004
67.99999999999999
90.5
73.49999999999997
61.49999999999997
36.5
67.99999999999997
148.5
61.49999999999998
86.99999999999999
106.99999999999997
120.49999999999997
108.49999999999997
67.49999999999997
75.49999999999999
103.49999999999999
80.99999999999997
109.49999999999997
58.499999999999986
117.49999999999999
78.49999999999999
77.49999999999999
106.5
131.49999999999997
86.0
124.49999999999999
78.99999999999997
76.99999999999997
81.0
121.5
96.0
109.0
214.49999999999994
96.99999999999999
143.5
82.49999999999997
118.49999999999999
190.49999999999997
96.49999999999999
67.49999999999999
56.499999999999986
64.99999999999997
63.99999999999999
57.499999999999986
39.5
89.0
74.99999999999997
56.99999999999999
111.5
42.5
53.499999999999986
57.49999999999998
29.5
87.99999999999997
30.500000000000007
24.000000000000007
82.49999999999999
22.500000000000007
55.999999999999986
141.5
65.99999999999999
65.99999999999999
74.99999999999999
22.500000000000007
38.5
81.99999999999997
28.0
43.499999999999986
72.5
25.500000000000004
90.49999999999997
48.99999999999999
58.99999999999997
81.5
22.000000000000004
19.000000000000004
31.500000000000004
38.49999999999999
74.0
62.5
160.99999999999997
53.99999999999999
57.999999999999986
86.0
123.99999999999997
57.999999999999986
115.49999999999997
149.99999999999994
82.99999999999999
53.5
67.99999999999999
77.49999999999997
96.99999999999999
98.99999999999999
101.5
167.49999999999997
160.0
133.99999999999997
214.0
149.0
246.49999999999994
310.50000000000006
137.49999999999997
228.99999999999994
237.50000000000003
155.99999999999997
126.99999999999999
142.5
131.5
152.5
123.99999999999997
173.5
96.99999999999999
114.0
121.99999999999997
122.0
143.99999999999997
164.0
189.5
81.5
114.5
56.0
11.5
12.000000000000002
9.5
13.500000000000004
10.5
13.5
12.000000000000002
11.0
10.0
13.000000000000004
16.500000000000004
14.0
15.500000000000002
17.5
23.500000000000007
21.500000000000004
41.49999999999999
71.99999999999999
66.0
81.49999999999997
70.99999999999999
95.5
59.499999999999986
96.5
19.500000000000007
23.000000000000007
23.500000000000007
30.000000000000004
18.500000000000004
24.000000000000007
26.5
22.000000000000007
26.500000000000007
30.500000000000004
28.000000000000007
26.500000000000007
31.000000000000007
39.49999999999999
41.0
43.0
43.5
58.499999999999986
64.49999999999997
60.999999999999986
51.499999999999986
52.5
86.0
45.5
58.999999999999986
67.99999999999999
47.999999999999986
39.0
49.49999999999998
66.0
95.49999999999997
65.99999999999999
76.49999999999999
86.99999999999999
73.49999999999997
79.49999999999997
87.49999999999997
96.0
72.49999999999999
118.99999999999999
179.0
115.49999999999997
28.000000000000007
41.0
41.0
44.499999999999986
50.5
85.99999999999997
80.49999999999997
73.99999999999999
156.0
213.99999999999997
155.49999999999997
178.0
134.5
237.5
127.0
141.5
185.0
207.0
225.99999999999994
161.99999999999997
124.99999999999999
112.99999999999997
31.500000000000004
39.5
43.0
70.99999999999997
46.49999999999997
48.0
68.49999999999997
68.99999999999997
74.49999999999997
66.0
88.99999999999999
83.49999999999997
115.0
168.5
205.0
95.99999999999999
86.49999999999999
111.99999999999999
105.99999999999997
166.0
145.0
155.0
166.99999999999997
161.49999999999997
159.0
107.0
196.5
163.0
209.0
137.0
184.0
105.49999999999997
186.5
183.5
126.99999999999997
161.49999999999997
242.0
295.5
285.0
282.5
154.99999999999997
234.00000000000003
277.49999999999994
283.0
271.49999999999994
173.99999999999994
167.99999999999994
258.5
195.0
356.50000000000006
202.0
176.49999999999994
182.0
183.49999999999997
195.49999999999997
212.0
163.99999999999997
313.0
297.99999999999994
287.99999999999994
171.99999999999997
168.5
206.5
220.99999999999997
245.99999999999997
251.0
248.0
166.99999999999997
257.49999999999994
155.99999999999994
202.0
267.99999999999994
168.49999999999997
185.0
238.5
251.49999999999994
289.49999999999994
193.5
133.5
231.0
237.0
178.0
169.5
192.5
33.00000000000001
33.50000000000001
40.0
34.0
48.999999999999986
76.49999999999997
82.99999999999997
125.49999999999999
132.99999999999997
171.49999999999994
209.49999999999997
237.5
170.0
168.0
162.49999999999997
217.99999999999994
162.0
172.49999999999997
167.99999999999997
144.0
155.0
183.0
146.0
144.0
253.49999999999997
207.0
342.0
266.0
17.5
10.5
9.5
10.0
9.5
9.5
9.5
9.5
9.5
10.0
10.0
10.0
9.5
10.0
9.5
10.5
11.500000000000002
10.0
11.0
12.500000000000002
12.500000000000004
11.0
14.000000000000004
11.0
11.500000000000002
15.000000000000002
14.5
20.000000000000007
15.500000000000002
22.500000000000007
20.500000000000007
21.500000000000004
21.000000000000007
23.500000000000007
26.500000000000004
26.000000000000007
35.5
40.5
39.0
32.00000000000001
34.5
41.0
46.49999999999999
57.49999999999998
39.0
68.99999999999997
64.5
102.0
79.99999999999997
81.99999999999999
91.49999999999997
78.99999999999999
99.0
66.49999999999999
75.49999999999999
98.99999999999999
120.49999999999997
119.49999999999997
106.0
97.99999999999997
108.99999999999997
99.49999999999999
141.99999999999997
103.99999999999999
151.99999999999997
127.49999999999999
100.5
119.5
199.0
171.5
108.99999999999997
76.49999999999997
85.99999999999997
81.5
91.49999999999999
106.0
63.499999999999986
124.0
123.49999999999999
132.49999999999997
115.5
97.5
120.49999999999997
142.5
102.99999999999997
105.99999999999997
126.99999999999999
118.0
122.0
165.5
170.49999999999997
175.49999999999997
180.49999999999997
101.5
83.99999999999999
154.5
147.49999999999997
134.0
180.5
161.0
194.5
129.5
154.49999999999997
352.0
296.49999999999994
144.5
223.5
351.5
285.49999999999994
215.99999999999994
152.49999999999997
173.0
198.0
81.49999999999997
97.49999999999997
185.5
139.99999999999997
218.5
194.5
180.0
154.5
173.5
207.5
176.49999999999997
220.5
223.5
152.5
268.5
210.0
227.5
195.99999999999997
178.99999999999997
347.5
321.5
190.99999999999997
185.0
236.99999999999997
191.00000000000003
126.0
224.49999999999994
243.99999999999994
174.0
162.5
193.0
182.5
258.5
237.99999999999994
185.0
94.49999999999999
247.49999999999997
162.49999999999997
228.99999999999994
136.0
135.99999999999994
137.5
159.49999999999997
213.0
191.99999999999994
211.99999999999997
156.99999999999997
208.0
230.49999999999997
158.99999999999994
209.5
245.0
173.49999999999994
142.0
241.0
275.0
164.99999999999994
134.0
218.5
103.49999999999997
163.0
184.49999999999997
300.0
165.99999999999997
376.0
163.0
171.99999999999997
200.0
134.49999999999997
149.0
236.49999999999997
221.99999999999994
198.5
184.49999999999997
124.99999999999997
305.5
227.99999999999994
284.0
207.0
235.50000000000003
201.5
280.49999999999994
220.0
143.99999999999997
188.5
247.99999999999997
271.49999999999994
10.0
9.0
9.0
9.5
10.0
9.0
9.0
9.5
9.5
9.5
10.0
11.500000000000002
11.500000000000002
9.5
10.5
11.500000000000002
11.5
12.500000000000002
14.0
10.5
14.000000000000004
15.500000000000004
19.000000000000004
27.500000000000007
33.499999999999986
47.5
90.99999999999999
70.5
22.000000000000004
21.0
43.5
166.49999999999997
116.99999999999997
70.00000000000001
118.5
72.99999999999997
56.99999999999999
131.49999999999997
163.5
172.0
106.0
117.49999999999999
142.49999999999997
123.49999999999997
102.0
39.99999999999999
122.99999999999997
112.0
108.99999999999999
161.5
115.99999999999997
77.0
127.99999999999997
225.49999999999994
138.5
89.99999999999999
147.5
210.99999999999997
102.5
85.0
103.99999999999999
255.0
122.0
188.99999999999997
141.5
173.99999999999997
177.5
150.5
218.99999999999994
82.0
142.0
189.99999999999997
219.5
276.99999999999994
250.0
305.0
349.0
376.5
201.0
275.0
411.0
403.5
424.0
399.5
311.0
209.5
230.99999999999994
182.0
339.5
438.0
309.4999999999999
316.99999999999994
217.0
192.99999999999997
183.49999999999994
338.5
225.99999999999994
249.5
229.49999999999994
337.0
289.0
391.0
223.5
285.5
275.99999999999994
361.0
252.00000000000003
317.49999999999994
162.99999999999997
269.0
171.0
370.0
396.0
260.5
202.5
307.5
336.0
449.0
500.0
428.5
412.0
420.0
500.0
259.0
410.5
409.50000000000006
500.0
500.0
452.5
462.5
458.0
379.5
444.49999999999994
285.0
191.49999999999997
180.50000000000006
264.5
268.5
367.5
362.5
391.5
379.0
456.5
216.5
444.5000000000001
349.0
440.50000000000006
497.0
377.0
260.5
287.5
236.0
174.99999999999997
213.99999999999994
324.0
376.5
439.5
394.0
240.49999999999994
324.0
439.5
168.5
198.0
309.9999999999999
230.99999999999994
169.5
163.49999999999997
171.0
146.49999999999997
355.5
201.49999999999997
282.0
209.99999999999997
113.99999999999997
123.49999999999999
135.99999999999997
117.5
128.0
126.99999999999997
127.0
164.49999999999994
190.0
239.0
184.5
202.0
184.49999999999997
193.0
223.0
162.49999999999997
200.99999999999997
276.5
234.99999999999997
243.50000000000003
278.99999999999994
308.5
381.0
350.99999999999994
332.0
362.0
476.50000000000006
