-200.0
-200.0
-200.0
-200.0
-200.0
-200.0
-200.0
-200.0
-200.0
-200.0
-200.0
-200.0
-200.0
-200.0
-200.0
-200.0
-200.0
-200.0
-200.0
-200.0
-200.0
-200.0
-200.0
-200.0
-200.0
-200.0
-200.0
-200.0
-200.0
-200.0
-200.0
-200.0
-200.0
-200.0
-200.0
-200.0
-200.0
-200.0
-200.0
-200.0
-200.0
-200.0
-200.0
-200.0
-200.0
-173.49999999999994
-200.0
-200.0
-200.0
-200.0
-172.49999999999997
-200.0
-190.49999999999997
-172.49999999999994
-166.0
-179.99999999999997
-143.5
-190.99999999999997
-190.0
-123.99999999999999
-165.0
-111.0
-143.99999999999997
-117.0
-116.5
-113.5
-160.99999999999997
-169.0
-175.5
-164.99999999999994
-162.49999999999997
-158.99999999999997
-155.5
-151.0
-175.5
-165.49999999999994
-150.0
-147.99999999999997
-160.5
-170.99999999999994
-158.5
-141.0
-134.99999999999997
-143.0
-119.0
-153.99999999999997
-123.5
-181.99999999999997
-184.49999999999997
-185.99999999999994
-170.5
-180.99999999999997
-127.99999999999997
-156.5
-200.0
-180.49999999999997
-195.0
-182.0
-112.5
-200.0
-200.0
-200.0
-200.0
-200.0
-200.0
-163.5
-133.5
-200.0
-200.0
-200.0
-200.0
-200.0
-200.0
-194.99999999999994
-200.0
-185.5
-154.0
-200.0
-146.49999999999997
-147.0
-126.5
-195.0
-192.5
-200.0
-200.0
-191.99999999999994
-200.0
-200.0
-200.0
-200.0
-200.0
-200.0
-200.0
-200.0
-200.0
-200.0
-200.0
-200.0
-200.0
-200.0
-182.5
-161.0
-182.5
-151.99999999999997
-186.5
-179.99999999999994
-170.0
-155.99999999999994
-157.99999999999997
-183.99999999999994
-170.5
-161.5
-152.49999999999997
-156.99999999999997
-177.5
-176.5
-149.5
-186.5
-161.99999999999994
-172.5
-148.49999999999997
-143.99999999999997
-145.49999999999997
-167.99999999999997
-171.5
-180.5
-176.99999999999994
-161.49999999999997
-169.5
-174.0
-192.5
-172.99999999999997
-186.5
-197.99999999999997
-198.0
-193.0
-200.0
-194.0
-171.99999999999994
-157.49999999999994
-179.99999999999997
-177.0
-144.0
-153.99999999999997
-151.99999999999997
-151.49999999999997
-170.5
-139.0
-166.5
-141.99999999999994
-141.99999999999994
-199.0
-176.5
-158.5
-129.0
-149.99999999999997
-200.0
-187.99999999999997
-195.49999999999997
-198.49999999999997
-197.5
-185.49999999999997
-191.5
-196.0
-190.99999999999997
-150.49999999999997
-200.0
-188.49999999999997
-145.99999999999997
-200.0
-200.0
-200.0
-200.0
-147.99999999999997
-172.5
-200.0
-171.99999999999997
-200.0
-177.0
-177.0
-174.5
-174.5
-150.5
-200.0
-200.0
-200.0
-177.0
-155.5
-153.5
-151.5
-150.5
-153.0
-146.99999999999997
-148.49999999999997
-174.0
-149.5
-200.0
-200.0
-200.0
-200.0
-174.0
-200.0
-200.0
-200.0
-200.0
-200.0
-200.0
-200.0
-200.0
-200.0
-200.0
-200.0
-200.0
-200.0
-200.0
-200.0
-200.0
-200.0
-200.0
-200.0
-200.0
-200.0
-200.0
-200.0
-200.0
-200.0
-200.0
-200.0
-200.0
-200.0
-200.0
-200.0
-200.0
-200.0
-200.0
-200.0
-200.0
-200.0
-200.0
-200.0
-200.0
-200.0
-200.0
-200.0
-200.0
-200.0
-200.0
-200.0
-200.0
-200.0
-200.0
-200.0
-200.0
-200.0
-200.0
-200.0
-200.0
-200.0
-200.0
-200.0
-200.0
-200.0
-200.0
-200.0
-200.0
-200.0
-200.0
-200.0
-200.0
-200.0
-200.0
-200.0
-200.0
-200.0
-200.0
-200.0
-200.0
-200.0
-200.0
-200.0
-200.0
-200.0
-200.0
-200.0
-200.0
-200.0
-200.0
-200.0
-200.0
-200.0
-200.0
-200.0
-200.0
-200.0
-200.0
-200.0
-200.0
-200.0
-200.0
-200.0
-200.0
-200.0
-200.0
-200.0
-200.0
-200.0
-200.0
-200.0
-200.0
-200.0
-200.0
-200.0
-200.0
-200.0
-200.0
-200.0
-200.0
-200.0
-200.0
-200.0
-200.0
-200.0
-200.0
-200.0
-200.0
-200.0
-200.0
-200.0
-200.0
-200.0
-200.0
-200.0
-200.0
-200.0
-200.0
-200.0
-200.0
-200.0
-200.0
-200.0
-200.0
-200.0
-200.0
-200.0
-200.0
-200.0
-200.0
-200.0
-200.0
-200.0
-200.0
-200.0
-200.0
-200.0
-200.0
-200.0
-200.0
-200.0
-200.0
-200.0
-200.0
-200.0
-200.0
-200.0
-200.0
-200.0
-200.0
-200.0
-200.0
-200.0
-200.0
-200.0
-200.0
-200.0
-200.0
-200.0
-200.0
-200.0
-200.0
-200.0
-200.0
-200.0
-200.0
-200.0
-200.0
-200.0
-200.0
-200.0
-200.0
-200.0
-200.0
-200.0
-200.0
-200.0
-200.0
-200.0
-200.0
-200.0
-200.0
-200.0
-200.0
-200.0
-200.0
-200.0
-200.0
-200.0
-200.0
-200.0
-200.0
-200.0
-200.0
-200.0
-200.0
-200.0
-200.0
-200.0
-200.0
-200.0
-200.0
-200.0
-200.0
-200.0
-200.0
-200.0
-200.0
-200.0
-200.0
-200.0
-200.0
-200.0
-200.0
-200.0
-200.0
-200.0
-200.0
-200.0
-200.0
-200.0
-200.0
-200.0
-200.0
-200.0
-200.0
-200.0
-200.0
-200.0
-200.0
-200.0
-200.0
-200.0
-200.0
-200.0
-200.0
-200.0
-200.0
-200.0
-200.0
-200.0
-200.0
-200.0
-200.0
-200.0
-200.0
-200.0
-200.0
-200.0
-200.0
-200.0
-200.0
-200.0
-200.0
-200.0
-200.0
-200.0
-200.0
-200.0
-200.0
-200.0
-200.0
-200.0
-200.0
-200.0
-200.0
-200.0
-200.0
-200.0
-200.0
-200.0
-200.0
-200.0
-200.0
-200.0
-200.0
-200.0
-200.0
-200.0
-200.0
-200.0
-200.0
-200.0
-200.0
-200.0
-200.0
-200.0
-200.0
-200.0
-200.0
-200.0
-200.0
-200.0
-200.0
-200.0
-200.0
-200.0
-200.0
-200.0
-200.0
-200.0
-200.0
-200.0
-200.0
-200.0
-200.0
-200.0
-200.0
-200.0
-200.0
-200.0
-200.0
-200.0
-200.0
-200.0
-200.0
-200.0
-200.0
-200.0
-200.0
-200.0
-200.0
-200.0
-200.0
-200.0
-200.0
-200.0
-200.0
-200.0
-200.0
-200.0
-200.0
-200.0
-200.0
-200.0
-200.0
-200.0
-200.0
-200.0
-200.0
-200.0
-200.0
-200.0
-200.0
-200.0
-200.0
-200.0
-200.0
-200.0
-200.0
-200.0
-200.0
-200.0
-200.0
-200.0
-200.0
-200.0
-200.0
-200.0
-200.0
-200.0
-200.0
-200.0
-200.0
-200.0
-200.0
-200.0
-200.0
-200.0
-200.0
-200.0
-200.0
-200.0
-200.0
-200.0
-200.0
-200.0
-200.0
-200.0
-200.0
-200.0
-200.0
-200.0
-200.0
-200.0
-200.0
-200.0
-200.0
-200.0
-200.0
-200.0
-200.0
-200.0
-200.0
-200.0
-200.0
-200.0
-200.0
-200.0
-200.0
-200.0
-200.0
-200.0
-200.0
-200.0
-200.0
-200.0
-200.0
-200.0
-200.0
-200.0
-200.0
-200.0
-200.0
-200.0
-200.0
-200.0
-200.0
-200.0
-200.0
-200.0
-200.0
-200.0
-200.0
-200.0
-200.0
-200.0
-200.0
-200.0
-200.0
-200.0
-200.0
-200.0
-200.0
-200.0
-200.0
-200.0
-200.0
-200.0
-200.0
-200.0
-200.0
-200.0
-200.0
-200.0
-200.0
-200.0
-200.0
-200.0
-200.0
-200.0
-200.0
-200.0
-200.0
-200.0
-200.0
-200.0
-200.0
-200.0
-200.0
-200.0
-200.0
-200.0
-200.0
-200.0
-200.0
-200.0
-200.0
-200.0
-200.0
-200.0
-200.0
-200.0
-200.0
-200.0
-200.0
-200.0
-200.0
-200.0
-200.0
-200.0
-200.0
-200.0
-200.0
-200.0
-200.0
-200.0
-200.0
-200.0
-200.0
-200.0
-200.0
-200.0
-200.0
-200.0
-200.0
-200.0
-200.0
-200.0
-200.0
-200.0
-200.0
-200.0
-200.0
-200.0
-200.0
-200.0
-200.0
-200.0
-200.0
-200.0
-200.0
-200.0
-200.0
-200.0
-200.0
-200.0
-200.0
-200.0
-200.0
-200.0
-200.0
-200.0
-200.0
-200.0
-200.0
-200.0
-200.0
-200.0
-200.0
-200.0
-200.0
-200.0
-200.0
-200.0
-200.0
-200.0
-200.0
-200.0
-200.0
-200.0
-200.0
-200.0
-200.0
-200.0
-200.0
-200.0
-200.0
-200.0
-200.0
-200.0
-200.0
-200.0
-200.0
-200.0
-200.0
-200.0
-200.0
-200.0
-200.0
-200.0
-200.0
-200.0
-200.0
-200.0
-200.0
-200.0
-200.0
-200.0
-200.0
-200.0
-200.0
-200.0
-200.0
-200.0
-200.0
-200.0
-200.0
-200.0
-200.0
-200.0
-200.0
-200.0
-200.0
-200.0
-200.0
-200.0
-200.0
-200.0
-200.0
-200.0
-200.0
-200.0
-200.0
-200.0
-200.0
-200.0
-200.0
-200.0
-200.0
-200.0
-200.0
-200.0
-200.0
-200.0
-200.0
-200.0
-200.0
-200.0
-200.0
-200.0
-200.0
-200.0
-200.0
-200.0
-200.0
-200.0
-200.0
-200.0
-200.0
-200.0
-200.0
-200.0
-200.0
-200.0
-200.0
-200.0
-200.0
-200.0
-200.0
-200.0
-200.0
-200.0
-200.0
-200.0
-200.0
-200.0
-200.0
-200.0
-200.0
-200.0
-200.0
-200.0
-200.0
-200.0
-200.0
-200.0
-200.0
-200.0
-200.0
-200.0
-200.0
-200.0
-200.0
-200.0
-200.0
-200.0
-200.0
-200.0
-200.0
-200.0
-200.0
-200.0
-200.0
-200.0
-200.0
-200.0
-200.0
-200.0
-200.0
-200.0
-200.0
-200.0
-200.0
-200.0
-200.0
-200.0
-200.0
-200.0
-200.0
-200.0
-200.0
-200.0
-200.0
-200.0
-200.0
-200.0
-200.0
-200.0
-200.0
-200.0
-200.0
-200.0
-200.0
-200.0
-200.0
-200.0
-200.0
-200.0
-200.0
-200.0
-200.0
-200.0
-200.0
-200.0
-200.0
-200.0
-200.0
-200.0
-200.0
-200.0
-200.0
-200.0
-200.0
-200.0
-200.0
-200.0
-200.0
-200.0
-200.0
-200.0
-200.0
-200.0
-200.0
-200.0
-200.0
-200.0
-200.0
-200.0
-200.0
-200.0
-200.0
-200.0
-200.0
-200.0
-200.0
-200.0
-200.0
-200.0
-200.0
-200.0
-200.0
-200.0
