32.0
29.000000000000007
24.000000000000004
18.000000000000004
24.0
29.500000000000004
34.99999999999999
15.500000000000004
30.000000000000004
30.000000000000007
14.500000000000004
17.500000000000004
44.49999999999999
37.5
77.5
62.5
23.000000000000004
33.0
23.000000000000004
24.0
40.49999999999999
80.99999999999999
65.99999999999999
32.0
35.5
24.500000000000007
18.500000000000004
14.0
24.500000000000007
43.0
38.5
96.99999999999997
59.499999999999986
76.99999999999999
83.49999999999997
130.49999999999997
116.49999999999997
109.0
147.0
126.49999999999997
169.5
306.99999999999994
35.00000000000001
41.999999999999986
21.500000000000004
21.500000000000007
26.500000000000007
39.99999999999999
61.49999999999998
65.49999999999999
54.99999999999999
59.49999999999999
84.99999999999999
50.999999999999986
33.00000000000001
41.5
28.500000000000007
41.99999999999999
35.0
31.999999999999986
78.5
108.99999999999997
47.499999999999986
43.999999999999986
90.99999999999997
67.49999999999999
40.0
111.49999999999999
121.99999999999999
179.99999999999994
332.0
89.99999999999997
106.99999999999997
156.0
191.5
230.5
367.5
136.5
206.0
177.0
220.5
416.0
328.5
351.0
384.0
462.5
233.0
344.0
368.5
295.0
413.5
323.49999999999994
500.0
409.0
500.0
500.0
500.0
500.0
500.0
500.0
500.0
500.0
500.0
500.0
500.0
500.0
500.0
500.0
500.0
500.0
500.0
368.5
362.5
500.0
500.0
500.0
500.0
500.0
500.0
500.0
500.0
500.0
500.0
500.0
500.0
500.0
500.0
500.0
500.0
500.0
500.0
500.0
500.0
500.0
500.0
500.0
500.0
500.0
500.0
500.0
500.0
500.0
500.0
500.0
500.0
500.0
500.0
500.0
500.0
500.0
500.0
500.0
500.0
500.0
500.0
500.0
500.0
500.0
500.0
500.0
500.0
500.0
500.0
500.0
500.0
500.0
500.0
500.0
500.0
500.0
500.0
500.0
500.0
500.0
500.0
500.0
308.5
329.0
500.0
500.0
500.0
500.0
500.0
500.0
500.0
500.0
500.0
132.99999999999997
67.49999999999999
500.0
500.0
260.0
107.49999999999997
76.5
65.49999999999999
52.0
55.499999999999986
226.0
201.0
287.99999999999994
9.5
11.0
9.0
8.5
9.5
8.5
10.0
9.5
9.5
9.5
10.0
9.0
8.5
9.5
9.5
9.0
9.0
10.0
8.5
9.0
10.0
8.5
9.0
9.5
8.5
10.0
9.5
9.5
9.5
9.0
10.0
9.5
10.0
8.5
9.0
10.0
9.5
10.0
9.5
11.000000000000002
11.0
13.500000000000004
13.000000000000004
11.5
17.500000000000004
18.500000000000004
40.0
188.5
167.5
91.49999999999999
115.0
199.0
165.0
174.0
208.0
251.49999999999997
232.0
244.0
243.00000000000003
240.5
188.0
249.49999999999997
195.0
169.5
144.5
151.5
155.99999999999997
155.5
156.0
201.5
205.0
233.0
353.0
207.5
175.49999999999997
203.5
237.49999999999994
169.49999999999997
160.99999999999997
244.0
196.5
246.0
204.5
190.5
258.0
221.5
219.99999999999997
292.0
351.49999999999994
164.5
301.5
251.5
240.49999999999994
221.0
252.0
310.0
218.5
251.49999999999997
273.0
189.99999999999997
195.0
188.0
214.5
264.5
221.5
230.0
305.0
209.5
296.0
238.0
243.50000000000003
317.0
295.49999999999994
269.5
299.0
291.99999999999994
280.99999999999994
437.0
220.0
225.0
413.5
288.0
325.0
237.49999999999994
260.5
257.5
252.0
353.0
352.5
276.0
222.0
236.5
244.99999999999997
275.99999999999994
249.5
309.5
271.5
242.5
310.49999999999994
281.99999999999994
245.0
304.9999999999999
461.0
291.99999999999994
223.0
219.5
372.00000000000006
286.5
374.5
386.5
256.0
285.5
285.0
275.0
324.5
342.0
340.0
344.5
453.50000000000006
405.0
336.49999999999994
273.5
297.49999999999994
334.4999999999999
469.5000000000001
334.99999999999994
415.0
295.5
404.5
273.5
374.0
305.99999999999994
319.49999999999994
416.0
342.0
391.0
313.0
321.49999999999994
400.5
448.5
426.0
456.0
466.0
367.9999999999999
382.5
297.49999999999994
327.4999999999999
377.0
414.0
253.5
434.49999999999994
399.5
466.5
320.49999999999994
366.0
318.5
382.5
381.5
348.0
356.5
9.5
10.0
9.5
9.5
10.0
10.0
9.5
10.0
10.0
9.0
9.5
9.0
9.0
8.5
9.5
9.5
9.0
8.5
10.0
9.5
9.5
9.5
8.5
9.0
9.5
9.5
10.0
9.5
8.5
9.0
8.5
9.5
10.0
9.5
9.0
9.0
9.0
11.0
12.000000000000002
9.5
9.5
11.0
11.0
10.5
11.0
12.500000000000004
15.500000000000002
11.000000000000002
11.500000000000002
12.500000000000002
14.000000000000002
14.0
14.500000000000002
18.500000000000004
11.0
18.000000000000004
17.500000000000004
12.000000000000002
24.500000000000004
26.000000000000007
21.000000000000004
25.5
19.500000000000004
25.499999999999993
31.999999999999993
22.000000000000007
21.000000000000007
32.50000000000001
21.000000000000007
36.49999999999999
43.0
16.0
46.999999999999986
23.000000000000007
40.0
18.500000000000004
32.5
55.999999999999986
41.99999999999999
55.0
31.000000000000004
14.500000000000004
19.500000000000007
37.5
24.0
20.5
39.0
21.000000000000004
27.000000000000004
39.0
73.99999999999999
22.500000000000007
19.000000000000004
29.0
11.500000000000002
15.500000000000002
36.0
34.0
26.500000000000007
31.499999999999993
17.500000000000004
30.499999999999996
20.000000000000004
25.500000000000007
63.499999999999986
55.99999999999999
38.0
57.99999999999997
27.500000000000004
59.49999999999999
53.499999999999986
54.999999999999986
21.500000000000004
28.5
43.0
41.49999999999999
35.5
49.99999999999999
41.99999999999999
44.99999999999999
28.500000000000007
44.5
49.49999999999999
37.999999999999986
51.999999999999986
53.99999999999998
25.5
33.00000000000001
40.5
42.5
33.5
32.50000000000001
39.0
29.500000000000007
48.999999999999986
64.99999999999997
25.500000000000007
36.49999999999999
49.99999999999999
52.0
47.499999999999986
63.999999999999986
52.499999999999986
47.499999999999986
38.99999999999999
24.500000000000007
29.000000000000007
53.499999999999986
89.0
56.49999999999999
51.0
47.0
41.0
34.99999999999999
58.999999999999986
30.000000000000007
47.0
33.99999999999999
44.0
24.500000000000007
38.5
64.99999999999997
52.5
46.0
39.499999999999986
35.0
39.5
53.49999999999998
32.0
53.999999999999986
38.50000000000001
70.49999999999999
40.5
37.5
34.5
26.500000000000004
46.49999999999999
41.5
65.49999999999999
53.0
29.999999999999993
32.00000000000001
59.99999999999998
40.5
32.0
34.5
38.00000000000001
31.000000000000004
71.99999999999999
44.499999999999986
28.000000000000007
23.000000000000007
43.499999999999986
47.999999999999986
32.50000000000001
50.499999999999986
49.99999999999999
33.0
76.49999999999997
29.000000000000004
33.5
27.500000000000007
51.0
43.999999999999986
19.500000000000004
33.99999999999999
75.99999999999999
68.49999999999997
56.999999999999986
18.000000000000007
40.0
54.49999999999997
57.49999999999999
59.999999999999986
35.99999999999999
48.0
31.000000000000007
40.5
40.999999999999986
20.000000000000007
47.0
27.5
39.999999999999986
91.99999999999999
40.0
27.000000000000007
40.0
34.49999999999999
63.499999999999986
54.99999999999999
31.500000000000007
21.500000000000007
36.0
65.99999999999997
43.5
55.999999999999986
30.500000000000004
37.5
52.99999999999998
49.49999999999999
35.5
37.0
33.00000000000001
64.0
95.49999999999999
50.999999999999986
46.49999999999999
80.49999999999997
50.49999999999999
34.0
82.0
52.499999999999986
63.999999999999986
64.49999999999997
33.50000000000001
44.499999999999986
49.49999999999999
45.99999999999999
74.99999999999997
71.99999999999997
111.49999999999999
63.999999999999986
59.499999999999986
74.5
59.0
82.99999999999999
60.999999999999986
69.99999999999999
58.499999999999986
49.99999999999999
59.499999999999986
65.5
83.99999999999999
111.5
77.49999999999997
91.49999999999997
73.49999999999997
67.99999999999999
114.99999999999997
67.49999999999999
52.499999999999986
52.999999999999986
67.49999999999999
72.99999999999997
79.99999999999997
61.0
96.0
68.49999999999997
54.49999999999997
61.99999999999999
91.99999999999997
65.49999999999999
74.99999999999999
72.99999999999999
113.49999999999997
90.0
63.499999999999986
82.99999999999999
96.5
93.5
115.5
63.999999999999986
63.499999999999986
65.0
57.49999999999998
65.99999999999999
71.49999999999999
80.0
66.99999999999999
82.49999999999999
138.49999999999997
216.0
83.99999999999999
72.5
88.49999999999997
90.5
114.5
110.0
123.49999999999999
142.5
79.49999999999999
103.99999999999999
109.49999999999997
130.49999999999997
107.49999999999997
93.49999999999997
96.49999999999997
105.99999999999997
166.49999999999997
166.0
142.99999999999997
193.5
140.49999999999997
158.5
176.5
204.99999999999997
171.0
95.0
116.49999999999997
136.5
216.0
274.0
118.99999999999997
169.49999999999997
185.5
244.50000000000006
222.0
147.49999999999997
150.0
242.49999999999994
196.0
428.0
216.49999999999994
192.5
108.99999999999999
104.49999999999999
129.5
132.0
131.5
117.5
224.5
136.49999999999994
154.5
186.0
172.49999999999997
211.00000000000003
270.0
203.0
267.0
220.50000000000003
248.0
230.5
263.99999999999994
270.0
339.99999999999994
418.0
270.0
408.5
443.0
343.0
282.99999999999994
500.0
377.5
477.0
446.0
420.0
432.5
500.0
500.0
277.5
402.0
273.5
304.0
333.49999999999994
363.5
500.0
368.0
387.5
470.5
500.0
9.0
9.5
9.0
9.0
10.0
9.0
9.5
8.5
8.5
10.5
9.5
9.0
9.5
9.5
9.5
9.0
9.0
8.5
9.0
9.0
9.0
9.5
9.5
9.0
10.0
9.0
9.5
9.5
9.5
9.5
9.5
10.0
9.5
10.0
9.5
9.5
9.5
10.0
8.5
8.0
10.0
10.0
9.5
9.5
9.5
9.5
9.5
9.0
9.0
9.0
9.5
9.0
9.0
9.5
10.5
9.0
8.5
9.5
10.0
10.0
9.5
8.5
9.5
9.5
9.0
10.0
9.5
10.5
9.5
9.5
9.0
8.5
10.0
9.5
9.5
9.5
9.0
9.5
9.5
8.5
10.0
10.0
8.5
10.0
9.5
10.0
9.5
10.0
9.5
9.0
9.5
9.5
9.0
9.0
8.0
10.5
9.5
9.0
9.5
9.0
10.5
9.5
9.0
10.0
9.0
9.0
9.5
9.0
10.0
8.5
9.5
9.5
9.5
9.0
9.5
9.5
10.0
9.0
8.5
9.0
10.5
10.5
9.0
10.5
8.5
9.5
9.0
9.0
9.0
9.0
9.5
9.5
9.5
10.0
9.0
10.0
10.0
9.0
9.0
8.5
9.0
9.5
10.0
9.0
9.5
9.5
10.0
9.0
9.5
8.5
9.5
9.5
9.0
9.0
9.5
10.0
9.0
9.0
9.5
9.0
9.5
9.0
9.5
9.5
10.0
9.0
9.5
9.5
9.5
9.0
9.0
9.5
9.0
9.5
10.0
9.5
9.0
10.0
9.0
9.0
9.5
9.0
9.0
10.5
9.5
9.5
9.0
9.5
9.5
9.0
9.5
10.0
9.0
10.0
8.5
10.0
8.5
9.0
8.5
9.0
19.000000000000004
15.500000000000002
20.500000000000007
20.5
46.0
57.0
20.500000000000007
15.500000000000002
25.0
12.500000000000002
15.500000000000004
34.999999999999986
48.5
18.0
20.500000000000007
32.0
20.000000000000004
27.000000000000007
13.500000000000004
41.99999999999999
17.500000000000004
44.0
24.500000000000004
13.0
38.999999999999986
43.99999999999999
18.000000000000004
24.000000000000007
56.0
62.49999999999999
43.999999999999986
35.49999999999999
41.0
46.999999999999986
34.99999999999999
33.00000000000001
29.499999999999993
33.00000000000001
46.49999999999999
70.99999999999999
38.0
55.999999999999986
24.000000000000004
25.500000000000007
29.500000000000007
36.50000000000001
51.999999999999986
38.0
51.999999999999986
32.00000000000001
45.99999999999999
48.99999999999998
32.00000000000001
49.499999999999986
31.500000000000004
41.5
48.499999999999986
44.999999999999986
86.0
56.0
91.0
44.999999999999986
22.000000000000007
56.99999999999998
23.500000000000007
41.0
27.000000000000007
38.99999999999999
60.5
47.999999999999986
23.000000000000004
44.99999999999998
81.49999999999997
31.500000000000007
26.500000000000007
30.0
41.999999999999986
31.000000000000007
51.999999999999986
51.0
48.999999999999986
44.5
91.99999999999999
65.99999999999997
77.49999999999997
81.49999999999997
73.0
46.499999999999986
78.5
48.5
39.499999999999986
29.500000000000007
41.49999999999999
47.999999999999986
108.49999999999997
86.0
74.49999999999997
60.99999999999999
59.499999999999986
70.49999999999997
104.99999999999999
106.0
63.999999999999986
90.49999999999997
95.99999999999999
71.49999999999999
70.99999999999999
52.499999999999986
89.99999999999997
75.99999999999997
75.49999999999999
62.99999999999997
98.5
114.0
106.5
129.99999999999997
83.49999999999999
122.0
86.49999999999997
80.49999999999997
193.5
135.99999999999997
123.49999999999999
149.99999999999994
115.49999999999997
183.0
164.49999999999997
184.0
194.0
147.5
139.99999999999997
284.99999999999994
175.49999999999997
285.0
226.5
252.0
213.0
150.99999999999997
263.0
184.5
190.0
187.5
242.5
152.49999999999997
266.5
254.0
235.5
192.5
226.99999999999997
209.99999999999997
197.0
196.0
176.49999999999994
307.5
160.49999999999997
165.49999999999994
144.0
168.50000000000003
275.5
218.49999999999994
309.0
237.5
348.5
473.0
340.0
241.0
262.5
308.5
292.0
417.5
445.0
450.5
285.49999999999994
384.0
424.5
448.0
443.50000000000006
388.5
500.0
500.0
306.5
242.0
490.50000000000006
345.0
500.0
358.5
401.5
315.5
301.5
472.5
332.9999999999999
486.0
374.49999999999994
500.0
336.9999999999999
245.5
254.0
355.0
500.0
500.0
9.5
8.5
10.5
9.5
9.5
9.0
9.5
8.5
10.0
9.0
9.5
9.5
10.0
9.0
10.0
10.0
10.0
9.0
8.5
9.5
9.5
9.5
10.0
9.5
10.0
9.0
9.0
10.0
9.5
9.5
9.5
8.5
9.0
9.0
10.0
9.5
8.5
9.5
8.0
10.0
9.0
9.0
9.5
9.5
8.5
9.5
8.5
9.0
9.5
9.0
10.0
9.5
9.0
9.5
9.5
9.5
9.5
9.0
9.5
9.5
9.0
9.5
10.0
9.5
9.5
9.5
10.0
9.5
9.5
9.0
9.5
9.0
9.0
8.5
9.5
9.5
9.0
9.0
9.0
10.0
10.0
10.0
9.0
10.0
9.5
9.0
10.0
9.0
8.5
9.0
9.0
9.5
9.0
9.0
9.5
9.5
9.5
8.5
9.5
8.5
10.0
10.0
10.0
9.0
10.0
8.5
10.0
9.5
10.0
9.5
9.5
8.5
10.0
10.0
10.5
10.0
9.5
9.0
10.0
9.5
9.0
9.0
9.0
9.5
9.0
9.0
9.0
10.0
8.5
10.0
9.5
10.0
10.0
9.0
9.0
10.0
9.5
9.5
9.5
9.0
9.5
9.5
9.0
9.5
9.5
10.0
10.0
9.5
9.5
9.5
9.0
8.5
8.5
9.5
9.0
9.5
9.0
9.5
8.5
10.0
9.5
9.5
10.5
9.5
9.0
9.5
9.0
10.0
9.5
9.5
8.5
9.0
8.5
9.5
10.0
9.0
9.0
9.0
9.5
9.5
9.5
9.0
10.0
9.0
8.5
9.0
9.5
9.0
10.0
9.5
10.5
9.5
9.0
9.0
9.0
9.0
9.5
10.0
10.0
9.0
125.5
54.999999999999986
73.49999999999997
122.49999999999997
93.49999999999997
101.99999999999997
110.5
249.49999999999994
178.49999999999994
243.49999999999994
184.5
330.99999999999994
214.49999999999997
185.49999999999997
221.0
246.5
195.99999999999997
290.5
265.99999999999994
192.99999999999997
323.5
277.5
223.5
223.5
177.99999999999997
204.0
210.0
160.49999999999994
191.49999999999994
228.49999999999994
240.0
316.5
295.5
288.5
276.5
266.0
225.50000000000003
188.5
297.0
340.0
213.0
239.50000000000003
308.49999999999994
226.99999999999997
204.0
174.5
186.49999999999997
210.0
254.49999999999994
262.0
229.00000000000003
225.0
249.5
242.0
243.0
193.5
199.0
315.5
242.99999999999997
321.0
331.49999999999994
292.0
324.0
215.0
281.5
371.5
209.49999999999997
249.99999999999997
305.0
295.0
330.0
232.0
291.0
235.50000000000003
402.0
181.0
214.0
245.0
261.5
262.5
276.49999999999994
301.5
306.5
235.00000000000006
378.5
380.0
261.5
358.99999999999994
270.5
357.0
234.5
379.0
175.49999999999997
195.5
230.5
308.5
313.5
277.0
365.5
352.4999999999999
388.5
394.5
289.0
187.99999999999997
367.99999999999994
344.5
398.0
276.49999999999994
301.5
358.0
308.5
304.0
214.5
386.5
209.5
295.0
214.5
403.99999999999994
281.5
328.5
282.0
333.0
345.0
434.50000000000006
361.0
296.99999999999994
253.0
359.0
257.5
313.9999999999999
226.5
388.5
316.9999999999999
258.5
266.5
235.0
281.0
304.99999999999994
245.0
261.0
239.5
311.99999999999994
226.00000000000003
343.0
303.49999999999994
379.5
340.99999999999994
306.5
391.5
235.5
433.0
234.99999999999994
366.49999999999994
289.99999999999994
257.5
291.5
334.5
312.5
217.0
345.0
287.5
277.5
442.5
373.0
214.0
423.5
430.5
382.0
277.5
389.0
384.5
306.0
279.5
240.0
347.5
383.5
328.49999999999994
320.0
386.5
294.0
282.5
261.0
274.5
476.0
248.0
309.99999999999994
346.5
264.5
241.5
394.5
331.0
338.49999999999994
251.99999999999997
277.5
381.0
358.49999999999994
410.0
461.5
213.5
232.99999999999997
10.0
59.499999999999986
28.999999999999993
26.000000000000007
30.000000000000007
49.499999999999986
131.49999999999997
48.499999999999986
60.5
47.999999999999986
39.50000000000001
21.0
34.5
25.500000000000007
23.500000000000007
19.000000000000004
32.49999999999999
39.0
25.500000000000007
17.000000000000004
28.499999999999993
20.000000000000007
33.00000000000001
19.500000000000004
61.49999999999999
49.49999999999999
30.499999999999993
69.99999999999999
76.0
38.5
67.49999999999999
45.999999999999986
47.0
52.0
41.0
25.0
29.000000000000007
41.49999999999999
36.5
35.999999999999986
64.49999999999999
35.50000000000001
49.999999999999986
74.49999999999997
41.5
18.500000000000007
25.500000000000007
24.000000000000007
67.5
56.49999999999998
15.500000000000002
67.49999999999997
72.99999999999999
89.99999999999997
51.5
41.99999999999999
120.99999999999997
147.5
83.49999999999997
101.49999999999996
93.49999999999999
115.49999999999999
138.99999999999997
109.5
54.499999999999986
98.49999999999997
156.5
96.99999999999997
103.0
139.49999999999997
92.0
120.5
112.99999999999999
113.0
77.99999999999997
130.0
112.99999999999997
77.99999999999997
103.5
102.99999999999999
176.99999999999994
116.5
113.0
85.5
82.99999999999999
88.49999999999999
93.49999999999999
147.0
78.99999999999997
125.99999999999999
114.5
125.99999999999999
116.00000000000001
146.0
89.99999999999997
115.49999999999997
98.99999999999999
116.99999999999997
116.5
98.0
130.0
111.49999999999999
95.49999999999997
171.5
117.5
160.5
129.0
141.0
146.99999999999997
137.5
142.0
140.0
211.5
136.99999999999997
180.5
157.5
215.0
187.5
133.99999999999997
247.0
134.49999999999997
179.5
164.0
235.99999999999997
144.5
111.5
113.49999999999999
118.0
144.0
138.49999999999994
150.5
127.99999999999999
153.5
135.0
125.0
154.5
116.0
123.49999999999999
161.5
95.99999999999997
101.0
90.49999999999997
74.99999999999997
106.99999999999999
94.5
99.0
88.99999999999997
84.49999999999997
73.49999999999997
75.99999999999997
96.99999999999997
119.99999999999997
111.0
114.0
102.0
119.99999999999999
82.49999999999999
101.99999999999997
136.99999999999997
99.5
114.99999999999997
101.5
100.49999999999999
96.49999999999999
123.0
98.99999999999999
93.0
86.99999999999999
96.49999999999997
98.99999999999999
101.99999999999997
98.0
77.99999999999997
90.99999999999997
83.99999999999999
101.99999999999997
88.99999999999997
88.49999999999997
83.99999999999997
103.0
100.99999999999997
151.5
175.49999999999997
90.99999999999997
134.99999999999997
140.5
136.49999999999997
135.99999999999997
191.5
170.0
95.99999999999997
102.0
132.0
162.5
212.5
244.00000000000006
141.49999999999997
129.5
165.0
142.5
9.5
15.500000000000002
18.5
40.49999999999999
20.000000000000007
28.000000000000007
12.000000000000002
22.500000000000004
14.000000000000004
16.500000000000004
14.5
20.5
39.0
17.5
24.000000000000007
12.000000000000002
24.500000000000007
32.5
52.5
26.500000000000004
29.000000000000007
27.000000000000007
21.000000000000007
15.500000000000002
25.000000000000007
32.50000000000001
75.49999999999999
49.0
33.5
26.500000000000007
31.500000000000007
33.0
21.500000000000007
39.49999999999999
47.99999999999999
32.5
18.500000000000007
20.0
48.0
30.499999999999993
36.5
18.000000000000007
26.500000000000007
41.5
26.500000000000004
48.0
24.5
47.499999999999986
48.49999999999999
34.5
26.500000000000007
23.000000000000007
33.99999999999999
56.99999999999998
33.00000000000001
28.5
18.500000000000004
69.49999999999999
95.99999999999997
149.5
82.99999999999997
77.0
114.99999999999999
65.0
232.0
344.5
329.0
500.0
267.5
373.5
500.0
500.0
424.0
500.0
439.0
500.0
359.99999999999994
486.5
491.50000000000006
500.0
500.0
500.0
500.0
500.0
500.0
500.0
440.0
500.0
500.0
500.0
500.0
500.0
500.0
500.0
500.0
500.0
500.0
500.0
500.0
500.0
500.0
500.0
500.0
500.0
500.0
500.0
500.0
500.0
500.0
500.0
500.0
500.0
500.0
500.0
500.0
500.0
500.0
500.0
500.0
500.0
500.0
500.0
500.0
500.0
500.0
500.0
500.0
500.0
500.0
500.0
500.0
500.0
500.0
500.0
500.0
500.0
500.0
500.0
500.0
500.0
500.0
500.0
500.0
500.0
500.0
500.0
500.0
500.0
500.0
500.0
500.0
500.0
500.0
500.0
500.0
500.0
500.0
500.0
500.0
500.0
500.0
500.0
500.0
500.0
500.0
500.0
500.0
500.0
500.0
500.0
500.0
500.0
500.0
500.0
500.0
500.0
500.0
500.0
500.0
500.0
500.0
500.0
500.0
500.0
348.0
437.5
500.0
500.0
500.0
500.0
500.0
500.0
500.0
485.0
500.0
500.0
483.5
500.0
500.0
500.0
