-500.0
-500.0
-500.0
-500.0
-500.0
-500.0
-500.0
-500.0
-500.0
-500.0
-500.0
-500.0
-500.0
-381.49999999999994
-227.0
-279.0
-238.5
-142.0
-126.49999999999997
-136.0
-147.0
-137.0
-140.0
-113.5
-102.5
-135.5
-101.0
-80.99999999999999
-99.5
-88.49999999999999
-119.99999999999999
-92.49999999999997
-123.99999999999997
-74.99999999999997
-93.49999999999999
-93.99999999999999
-127.49999999999999
-77.99999999999997
-104.0
-99.5
-106.0
-86.49999999999999
-95.0
-128.99999999999994
-69.99999999999999
-109.49999999999999
-104.99999999999999
-79.99999999999997
-87.49999999999997
-82.99999999999997
-78.49999999999999
-81.5
-76.49999999999999
-78.49999999999997
-68.49999999999999
-114.99999999999999
-84.0
-96.0
-84.99999999999997
-68.99999999999999
-82.49999999999999
-73.0
-68.99999999999999
-85.0
-81.0
-88.49999999999997
-69.49999999999999
-83.49999999999997
-81.49999999999997
-89.49999999999999
-68.0
-92.99999999999997
-98.49999999999997
-82.0
-79.49999999999997
-92.5
-98.5
-83.5
-95.5
-85.0
-82.99999999999999
-75.49999999999997
-73.49999999999999
-72.5
-74.49999999999997
-80.5
-74.99999999999997
-75.0
-72.0
-78.49999999999999
-73.0
-70.49999999999999
-84.0
-82.49999999999997
-81.99999999999997
-90.5
-72.5
-89.49999999999997
-83.49999999999997
-83.5
-99.0
-75.5
-73.99999999999999
-72.0
-94.99999999999999
-72.99999999999999
-86.99999999999999
-86.49999999999999
-68.49999999999997
-67.99999999999999
-80.49999999999997
-82.99999999999997
-65.49999999999999
-102.0
-140.99999999999997
-81.99999999999999
-87.49999999999997
-73.99999999999999
-73.49999999999999
-87.49999999999999
-94.49999999999999
-95.5
-120.49999999999997
-78.99999999999997
-100.0
-101.99999999999997
-112.99999999999999
-84.99999999999997
-75.5
-111.49999999999999
-81.49999999999999
-87.99999999999999
-74.49999999999999
-74.49999999999999
-151.5
-72.49999999999997
-89.49999999999999
-81.99999999999997
-74.49999999999997
-125.0
-71.0
-86.49999999999999
-182.0
-113.49999999999999
-77.49999999999999
-89.99999999999999
-86.49999999999999
-91.5
-81.99999999999999
-107.99999999999997
-75.49999999999997
-80.99999999999997
-99.49999999999997
-97.5
-87.49999999999997
-88.49999999999999
-68.5
-82.49999999999997
-87.99999999999997
-86.49999999999999
-78.49999999999999
-72.0
-103.49999999999999
-89.99999999999999
-102.5
-130.49999999999997
-121.5
-74.99999999999997
-134.99999999999994
-73.99999999999999
-87.99999999999997
-84.49999999999997
-95.5
-81.49999999999999
-76.49999999999997
-93.49999999999999
-83.5
-72.0
-73.5
-76.49999999999997
-82.99999999999999
-72.0
-106.99999999999997
-73.49999999999999
-82.49999999999999
-126.49999999999997
-79.49999999999999
-84.99999999999997
-93.99999999999999
-110.5
-85.99999999999997
-77.49999999999997
-86.0
-83.5
-77.99999999999999
-79.49999999999999
-73.0
-82.99999999999997
-96.0
-87.49999999999999
-488.00000000000006
-500.0
-500.0
-424.0
-249.5
-308.5
-86.49999999999999
-91.99999999999997
-120.5
-90.49999999999997
-96.0
-81.49999999999999
-95.0
-80.0
-85.99999999999999
-90.99999999999999
-93.49999999999999
-91.49999999999999
-74.49999999999999
-97.0
-89.99999999999997
-122.99999999999997
-85.5
-80.0
-104.49999999999999
-81.99999999999999
-88.5
-82.99999999999997
-77.5
-85.99999999999999
-72.5
-83.49999999999997
-83.99999999999997
-101.0
-141.5
-76.0
-85.49999999999997
-93.0
-83.99999999999997
-77.49999999999997
-122.49999999999997
-102.99999999999999
-79.49999999999999
-94.49999999999997
-79.49999999999999
-90.99999999999997
-71.0
-94.49999999999999
-117.49999999999999
-81.99999999999999
-74.49999999999997
-74.99999999999999
-87.99999999999999
-78.99999999999999
-77.49999999999997
-81.49999999999999
-83.99999999999999
-77.49999999999999
-72.99999999999997
-74.49999999999997
-86.49999999999999
-73.0
-100.0
-76.0
-88.49999999999999
-86.99999999999999
-70.99999999999999
-80.99999999999999
-104.5
-94.99999999999997
-95.99999999999999
-75.49999999999997
-84.99999999999997
-74.99999999999997
-77.99999999999997
-85.5
-161.5
-71.5
-81.99999999999997
-76.99999999999997
-131.0
-71.0
-86.49999999999999
-71.49999999999999
-98.0
-116.0
-117.49999999999996
-99.49999999999999
-68.99999999999999
-84.5
-72.49999999999997
-81.49999999999999
-99.49999999999999
-97.5
-75.49999999999999
-83.49999999999999
-82.99999999999997
-87.0
-83.99999999999997
-68.99999999999997
-92.5
-99.49999999999997
-81.0
-82.49999999999999
-77.99999999999997
-83.99999999999997
-73.99999999999999
-83.99999999999997
-82.99999999999999
-71.5
-96.0
-75.49999999999999
-78.49999999999997
-102.0
-77.99999999999999
-120.49999999999997
-88.5
-92.99999999999997
-124.99999999999999
-94.99999999999999
-81.0
-103.99999999999997
-91.99999999999997
-106.99999999999997
-86.99999999999997
-75.99999999999999
-90.0
-104.49999999999999
-95.5
-131.5
-79.49999999999997
-86.0
-85.0
-78.99999999999997
-70.99999999999999
-80.0
-81.49999999999999
-114.49999999999997
-72.0
-84.49999999999997
-77.99999999999999
-89.5
-80.5
-79.49999999999997
-87.99999999999997
-91.5
-93.49999999999999
-76.99999999999999
-83.49999999999997
-74.49999999999997
-102.0
-76.49999999999999
-72.49999999999997
-73.49999999999999
-90.0
-84.99999999999999
-99.5
-90.0
-81.49999999999999
-77.99999999999997
-85.49999999999997
-83.5
-98.99999999999999
-85.99999999999999
-87.49999999999997
-110.5
-116.49999999999997
-122.49999999999997
-82.99999999999997
-87.99999999999997
-116.5
-102.49999999999999
-75.99999999999997
-72.49999999999997
-93.5
-111.5
-82.49999999999999
-80.0
-77.49999999999999
-85.5
-80.49999999999997
-86.99999999999999
-81.99999999999999
-75.0
-70.0
-91.99999999999997
-85.0
-71.5
-79.49999999999999
-85.5
-76.49999999999997
-89.99999999999999
-84.0
-72.49999999999997
-117.99999999999997
-88.49999999999997
-86.49999999999999
-87.99999999999997
-82.99999999999997
-110.49999999999997
-500.0
-500.0
-500.0
-500.0
-500.0
-500.0
-500.0
-500.0
-500.0
-500.0
-500.0
-500.0
-500.0
-500.0
-500.0
-500.0
-500.0
-500.0
-500.0
-500.0
-500.0
-500.0
-500.0
-500.0
-500.0
-500.0
-500.0
-500.0
-500.0
-500.0
-500.0
-500.0
-500.0
-500.0
-500.0
-500.0
-500.0
-500.0
-500.0
-500.0
-500.0
-500.0
-500.0
-500.0
-500.0
-500.0
-500.0
-500.0
-500.0
-500.0
-500.0
-500.0
-500.0
-500.0
-500.0
-500.0
-500.0
-500.0
-500.0
-500.0
-500.0
-500.0
-500.0
-500.0
-500.0
-500.0
-500.0
-500.0
-500.0
-500.0
-500.0
-500.0
-500.0
-500.0
-500.0
-500.0
-500.0
-500.0
-500.0
-500.0
-500.0
-500.0
-500.0
-500.0
-500.0
-500.0
-500.0
-500.0
-500.0
-500.0
-500.0
-500.0
-500.0
-500.0
-500.0
-500.0
-500.0
-500.0
-500.0
-500.0
-500.0
-500.0
-500.0
-500.0
-158.49999999999997
-143.0
-206.5
-127.5
-126.49999999999999
-136.99999999999997
-165.0
-143.5
-126.99999999999999
-116.0
-116.5
-108.5
-131.5
-103.0
-116.0
-101.0
-100.5
-107.5
-96.0
-108.99999999999999
-104.99999999999999
-116.0
-102.99999999999999
-229.99999999999994
-108.5
-85.0
-216.5
-96.5
-133.0
-95.5
-103.5
-87.99999999999997
-105.5
-87.5
-106.99999999999999
-84.0
-113.0
-89.49999999999997
-87.49999999999997
-90.99999999999999
-100.49999999999999
-143.49999999999997
-86.99999999999999
-93.49999999999999
-131.5
-154.0
-107.0
-78.49999999999997
-110.99999999999999
-94.0
-82.99999999999997
-91.99999999999997
-76.49999999999999
-116.5
-93.5
-89.49999999999997
-74.99999999999997
-80.49999999999999
-86.0
-74.49999999999999
-67.5
-94.99999999999999
-72.5
-85.49999999999999
-73.0
-63.999999999999986
-77.99999999999999
-75.49999999999997
-91.0
-73.49999999999999
-80.99999999999999
-90.5
-71.5
-79.99999999999999
-85.49999999999999
-71.99999999999997
-97.0
-78.49999999999997
-75.49999999999999
-76.99999999999997
-77.0
-88.5
-93.5
-88.99999999999999
-73.99999999999999
-89.0
-107.49999999999997
-71.5
-85.99999999999999
-67.5
-79.99999999999999
-194.0
-93.0
-80.99999999999999
-92.5
-111.5
-500.0
-500.0
-161.0
-121.0
-202.0
-111.0
-167.0
-221.5
-425.0
-142.5
-109.0
-138.5
-102.0
-86.0
-101.49999999999997
-85.99999999999999
-74.99999999999999
-140.99999999999997
-105.0
-93.49999999999999
-106.0
-86.99999999999999
-83.49999999999997
-94.5
-88.49999999999997
-75.49999999999999
-102.0
-100.0
-91.49999999999997
-78.49999999999997
-96.5
-76.49999999999999
-97.5
-72.0
-116.99999999999996
-87.5
-81.49999999999999
-85.99999999999999
-100.5
-94.99999999999997
-100.5
-83.99999999999997
-78.49999999999997
-79.5
-87.49999999999999
-125.49999999999999
-70.49999999999999
-81.99999999999999
-108.49999999999999
-89.49999999999999
-104.49999999999999
-77.5
-88.99999999999997
-115.0
-86.99999999999999
-74.99999999999997
-111.49999999999999
-86.0
-79.49999999999999
-134.49999999999997
-92.99999999999999
-86.0
-96.0
-72.0
-83.49999999999997
-91.99999999999997
-90.49999999999999
-84.5
-81.0
-79.49999999999997
-73.99999999999999
-90.5
-101.99999999999999
-77.49999999999999
-74.99999999999997
-66.49999999999997
-71.49999999999997
-86.99999999999997
-65.99999999999999
-101.5
-78.99999999999997
-103.99999999999999
-85.5
-92.5
-91.0
-86.49999999999999
-88.99999999999997
-110.5
-88.49999999999999
-80.49999999999999
-74.99999999999999
-72.5
-83.49999999999997
-93.0
-103.49999999999999
-72.5
-75.49999999999997
-108.49999999999999
-71.99999999999997
-90.49999999999999
-88.99999999999999
-72.99999999999999
-72.5
-80.0
-85.49999999999999
-81.49999999999999
-67.5
-87.49999999999997
-87.49999999999999
-87.49999999999997
-90.0
-106.0
-79.5
-69.49999999999999
-72.0
-111.50000000000001
-77.5
-91.49999999999997
-81.49999999999999
-69.99999999999997
-83.99999999999999
-78.99999999999999
-96.5
-89.49999999999997
-142.49999999999997
-98.0
-78.99999999999999
-82.99999999999999
-139.99999999999997
-82.99999999999997
-77.99999999999997
-70.49999999999997
-91.49999999999997
-101.99999999999997
-77.5
-80.99999999999999
-71.49999999999999
-85.49999999999999
-87.5
-89.99999999999997
-82.49999999999997
-89.99999999999997
-81.99999999999999
-79.49999999999997
-78.99999999999997
-144.5
-73.49999999999999
-68.99999999999999
-89.5
-75.99999999999999
-80.0
-69.99999999999999
-93.0
-85.5
-78.49999999999999
-83.99999999999999
-90.99999999999997
-80.5
-71.99999999999997
-92.49999999999999
-81.99999999999997
-82.49999999999997
-82.99999999999999
-83.0
-79.49999999999999
-81.99999999999997
-73.49999999999999
-81.49999999999999
-91.0
-88.5
-67.5
-82.49999999999997
-87.99999999999999
-78.99999999999999
-85.49999999999997
-80.99999999999997
-88.99999999999999
-113.0
-93.99999999999999
-83.99999999999999
-87.99999999999999
-90.99999999999997
-78.99999999999997
-75.49999999999997
-73.49999999999999
-84.5
-82.49999999999999
-84.49999999999997
-89.99999999999997
-129.49999999999997
-75.49999999999997
-86.99999999999999
-157.0
-72.5
-71.99999999999999
-143.5
-80.99999999999999
-85.49999999999999
-75.0
-85.99999999999999
-500.0
-500.0
-500.0
-500.0
-500.0
-500.0
-500.0
-500.0
-500.0
-500.0
-500.0
-500.0
-260.5
-231.5
-197.0
-200.49999999999997
-148.49999999999997
-187.5
-199.0
-243.49999999999994
-178.0
-164.5
-198.49999999999997
-184.0
-165.99999999999994
-129.49999999999997
-118.5
-133.5
-171.0
-136.0
-140.49999999999997
-139.0
-126.0
-119.0
-113.0
-145.49999999999997
-116.0
-117.00000000000001
-162.0
-161.5
-159.99999999999997
-164.0
-124.00000000000003
-140.5
-140.99999999999997
-107.99999999999999
-102.5
-101.99999999999997
-172.0
-125.0
-117.0
-108.99999999999999
-112.0
-103.0
-96.5
-102.0
-96.49999999999997
-116.49999999999999
-107.49999999999999
-108.0
-87.99999999999999
-97.5
-83.0
-95.49999999999997
-73.49999999999997
-112.99999999999997
-139.5
-97.99999999999997
-87.99999999999997
-98.49999999999999
-101.49999999999999
-79.99999999999999
-100.0
-90.49999999999999
-146.0
-81.99999999999999
-98.5
-142.5
-79.99999999999997
-109.5
-112.0
-96.0
-123.0
-108.5
-116.49999999999997
-86.0
-85.0
-81.0
-88.0
-77.5
-86.99999999999997
-93.99999999999997
-94.99999999999999
-100.0
-78.99999999999999
-91.49999999999999
-89.49999999999999
-90.0
-85.0
-83.99999999999997
-85.49999999999999
-81.49999999999999
-87.49999999999999
-78.99999999999999
-94.5
-85.99999999999997
-81.49999999999999
-113.49999999999997
-110.99999999999997
-169.0
-82.49999999999999
-77.49999999999997
-103.0
-99.99999999999999
-109.99999999999997
-93.0
-88.49999999999997
-73.99999999999999
-89.99999999999997
-87.99999999999999
-80.99999999999997
-81.49999999999997
-89.99999999999997
-78.99999999999997
-148.5
-96.99999999999997
-72.99999999999999
-83.49999999999999
-78.99999999999999
-83.5
-82.99999999999997
-73.99999999999999
-162.5
-76.99999999999997
-93.5
-76.5
-85.99999999999999
-94.5
-82.0
-78.49999999999997
-138.5
-92.5
-117.5
-76.5
-97.5
-92.5
-94.99999999999999
-88.99999999999999
-78.99999999999999
-103.49999999999997
-130.99999999999997
-92.0
-78.99999999999999
-86.99999999999999
-91.99999999999999
-85.49999999999997
-75.99999999999997
-84.49999999999999
-71.49999999999997
-127.99999999999997
-77.49999999999997
-80.49999999999997
-73.99999999999999
-147.49999999999997
-75.49999999999997
-70.99999999999997
-75.0
-72.49999999999999
-79.99999999999997
-96.5
-176.5
-81.49999999999997
-74.99999999999997
-102.5
-137.99999999999997
-71.99999999999997
-86.99999999999999
-76.99999999999997
-78.99999999999999
-81.49999999999997
-88.99999999999997
-98.99999999999999
-65.49999999999997
-97.99999999999997
-73.99999999999997
-78.99999999999997
-74.49999999999999
-95.99999999999997
-69.49999999999999
-81.99999999999999
-98.5
-72.5
-91.0
-73.49999999999997
-80.99999999999997
-74.99999999999997
-79.5
-81.99999999999997
-94.49999999999999
-89.0
-500.0
-500.0
-500.0
-500.0
-500.0
-500.0
-500.0
-500.0
-500.0
-500.0
-500.0
-500.0
-500.0
-500.0
-500.0
-500.0
-500.0
-500.0
-500.0
-500.0
-500.0
-500.0
-500.0
-500.0
-500.0
-500.0
-500.0
-500.0
-500.0
-500.0
-500.0
-500.0
-500.0
-500.0
-500.0
-500.0
-500.0
-500.0
-500.0
-500.0
-500.0
-500.0
-500.0
-500.0
-500.0
-500.0
-500.0
-500.0
-500.0
-500.0
-500.0
-500.0
-500.0
-500.0
-500.0
-500.0
-500.0
-500.0
-500.0
-500.0
-500.0
-500.0
-500.0
-500.0
-500.0
-500.0
-500.0
-500.0
-500.0
-500.0
-500.0
-500.0
-500.0
-500.0
-500.0
-500.0
-500.0
-500.0
-500.0
-500.0
-500.0
-500.0
-500.0
-500.0
-500.0
-500.0
-500.0
-500.0
-500.0
-500.0
-500.0
-500.0
-500.0
-500.0
-500.0
-500.0
-500.0
-500.0
-500.0
-500.0
-500.0
-500.0
-500.0
-500.0
-500.0
-500.0
-500.0
-500.0
-500.0
-500.0
-500.0
-500.0
-500.0
-500.0
-500.0
-500.0
-500.0
-500.0
-500.0
-500.0
-500.0
-500.0
-500.0
-500.0
-500.0
-500.0
-500.0
-500.0
-500.0
-500.0
-500.0
-500.0
-500.0
-500.0
-500.0
-500.0
-500.0
-500.0
-500.0
-500.0
-500.0
-500.0
-500.0
-500.0
-500.0
-500.0
-500.0
-500.0
-500.0
-500.0
-500.0
-500.0
-500.0
-500.0
-500.0
-500.0
-500.0
-500.0
-500.0
-500.0
-500.0
-500.0
-500.0
-500.0
-500.0
-500.0
-500.0
-500.0
-500.0
-500.0
-500.0
-500.0
-500.0
-500.0
-500.0
-500.0
-500.0
-500.0
-500.0
-500.0
-500.0
-500.0
-500.0
-500.0
-500.0
-500.0
-500.0
-500.0
-500.0
-500.0
-500.0
-500.0
-500.0
-500.0
-500.0
-500.0
-500.0
-500.0
-500.0
-500.0
-84.49999999999999
-75.99999999999997
-70.49999999999999
-75.99999999999999
-85.49999999999997
-94.99999999999999
-74.49999999999999
-105.49999999999997
-69.99999999999999
-82.99999999999997
-161.5
-85.0
-87.99999999999999
-83.49999999999999
-85.99999999999999
-75.99999999999997
-78.49999999999997
-85.49999999999997
-137.99999999999997
-98.5
-74.99999999999999
-78.99999999999999
-72.99999999999997
-99.99999999999997
-93.99999999999999
-72.0
-97.49999999999997
-83.99999999999999
-118.99999999999999
-68.99999999999999
-84.49999999999997
-94.0
-91.49999999999999
-130.99999999999997
-85.0
-76.5
-88.0
-79.99999999999997
-87.49999999999997
-85.0
-82.49999999999999
-83.0
-79.99999999999997
-87.99999999999997
-80.99999999999997
-72.99999999999997
-84.99999999999997
-79.5
-74.99999999999999
-92.0
-81.0
-76.49999999999999
-84.49999999999997
-81.99999999999999
-140.0
-109.99999999999999
-77.99999999999997
-81.0
-66.49999999999999
-125.99999999999997
-78.99999999999999
-85.5
-83.99999999999999
-88.99999999999997
-85.99999999999997
-80.99999999999997
-97.5
-62.999999999999986
-92.5
-74.99999999999997
-86.99999999999997
-89.49999999999997
-81.49999999999999
-83.99999999999999
-88.5
-83.49999999999997
-74.49999999999999
-81.49999999999999
-80.5
-85.0
-139.5
-90.99999999999999
-85.99999999999999
-148.0
-69.99999999999999
-75.49999999999997
-84.99999999999997
-90.0
-151.5
-78.99999999999999
-81.49999999999999
-89.0
-93.99999999999999
-77.99999999999997
-132.5
-69.99999999999999
-76.49999999999999
-86.49999999999999
-119.5
-79.99999999999997
-158.5
-81.49999999999997
-86.49999999999999
-90.49999999999999
-68.99999999999999
-91.0
-71.49999999999997
-81.0
-90.0
-99.5
-90.5
-83.49999999999997
-74.99999999999999
-104.49999999999997
-91.99999999999997
-89.99999999999999
-75.5
-86.49999999999999
-92.0
-81.99999999999999
-84.99999999999997
-78.49999999999999
-79.99999999999997
-85.0
-88.0
-75.0
-81.99999999999997
-79.99999999999997
-75.5
-82.99999999999997
-95.99999999999997
-84.49999999999999
-76.99999999999997
-79.0
-79.99999999999997
-73.49999999999999
-124.0
-69.49999999999997
-73.5
-92.99999999999999
-133.99999999999997
-73.99999999999999
-82.99999999999997
-80.99999999999997
-68.49999999999997
-81.49999999999997
-119.49999999999997
-78.49999999999999
-80.5
-80.5
-106.5
-83.5
-88.99999999999999
-80.99999999999997
-133.99999999999997
-81.99999999999997
-110.5
-87.49999999999997
-92.99999999999999
-75.49999999999999
-94.49999999999999
-86.99999999999999
-68.49999999999997
-84.5
-84.99999999999997
-74.49999999999999
-76.99999999999999
-76.0
-78.49999999999997
-77.99999999999997
-76.99999999999997
-79.99999999999997
-73.99999999999999
-86.49999999999999
-109.99999999999997
-88.99999999999999
-80.49999999999997
-76.49999999999999
-73.5
-79.99999999999997
-88.5
-92.5
-80.49999999999997
-85.99999999999999
-72.99999999999997
-71.99999999999999
-73.0
-61.999999999999986
-73.49999999999997
-76.99999999999999
-114.99999999999997
-70.49999999999999
-73.99999999999999
-80.0
-136.0
-88.5
-83.49999999999999
-86.49999999999999
-79.49999999999997
-97.5
-500.0
-500.0
-500.0
-500.0
-500.0
-500.0
-500.0
-500.0
-500.0
-500.0
-500.0
-500.0
-500.0
-500.0
-500.0
-500.0
-500.0
-500.0
-500.0
-500.0
-500.0
-500.0
-500.0
-500.0
-500.0
-500.0
-500.0
-500.0
-500.0
-500.0
-500.0
-500.0
-500.0
-500.0
-500.0
-500.0
-500.0
-500.0
-500.0
-500.0
-500.0
-500.0
-500.0
-500.0
-500.0
-500.0
-500.0
-500.0
-500.0
-500.0
-500.0
-500.0
-500.0
-500.0
-500.0
-500.0
-500.0
-500.0
-500.0
-500.0
-500.0
-500.0
-500.0
-500.0
-500.0
-500.0
-500.0
-500.0
-500.0
-500.0
-500.0
-500.0
-500.0
-500.0
-500.0
-500.0
-500.0
-500.0
-500.0
-500.0
-500.0
-500.0
-500.0
-500.0
-500.0
-500.0
-500.0
-500.0
-500.0
-500.0
-500.0
-500.0
-500.0
-500.0
-500.0
-500.0
-500.0
-500.0
-500.0
-500.0
-500.0
-500.0
-500.0
-500.0
-500.0
-500.0
-500.0
-500.0
-500.0
-500.0
-500.0
-500.0
-500.0
-500.0
-500.0
-500.0
-500.0
-500.0
-500.0
-500.0
-500.0
-500.0
-500.0
-500.0
-500.0
-500.0
-500.0
-500.0
-500.0
-500.0
-500.0
-113.99999999999999
-175.49999999999997
-230.0
-255.5
-223.49999999999997
-500.0
-172.99999999999997
-192.0
-178.0
-127.49999999999997
-167.49999999999997
-157.49999999999994
-164.0
-139.5
-126.0
-130.0
-145.0
-107.5
-98.0
-140.0
-131.0
-113.0
-89.99999999999999
-110.5
-115.0
-102.99999999999999
-106.99999999999997
-106.0
-87.99999999999997
-91.49999999999997
-104.5
-80.5
-185.49999999999994
-122.0
-116.99999999999996
-94.5
-91.49999999999999
-93.0
-121.99999999999999
-101.5
-114.99999999999999
-98.99999999999999
-87.99999999999997
-90.5
-90.0
-82.49999999999997
-77.99999999999997
-84.99999999999997
-82.49999999999997
-86.49999999999999
-76.49999999999997
-81.49999999999999
-72.5
-68.49999999999999
-86.49999999999999
-133.99999999999994
-109.99999999999997
-78.99999999999997
-83.99999999999997
-85.49999999999999
-90.5
-76.49999999999997
-81.49999999999999
-74.99999999999999
-67.99999999999999
-79.49999999999997
-71.5
-82.99999999999997
-83.49999999999999
-500.0
-500.0
-500.0
-500.0
-500.0
-500.0
-500.0
-500.0
-500.0
-500.0
-500.0
-500.0
-500.0
-500.0
-500.0
-500.0
-500.0
-500.0
-500.0
-500.0
-500.0
-500.0
-500.0
-500.0
-500.0
-500.0
-500.0
-500.0
-500.0
-500.0
-500.0
-500.0
-500.0
-500.0
-500.0
-500.0
-500.0
-500.0
-500.0
-500.0
-500.0
-500.0
-500.0
-500.0
-500.0
-500.0
-500.0
-500.0
-500.0
-500.0
-500.0
-500.0
-500.0
-500.0
-500.0
-500.0
-500.0
-500.0
-500.0
-500.0
-500.0
-500.0
-500.0
-500.0
-500.0
-500.0
-500.0
-500.0
-500.0
-500.0
-500.0
-500.0
-500.0
-500.0
-500.0
-500.0
-500.0
-500.0
-500.0
-500.0
-500.0
-500.0
-500.0
-500.0
-500.0
-500.0
-500.0
-500.0
-500.0
-500.0
-500.0
-500.0
-500.0
-500.0
-500.0
-500.0
-500.0
-500.0
-500.0
-500.0
-500.0
-500.0
-500.0
-500.0
-500.0
-500.0
-500.0
-500.0
-500.0
-500.0
-500.0
-500.0
-500.0
-500.0
-500.0
-500.0
-500.0
-500.0
-500.0
-500.0
-500.0
-500.0
-500.0
-500.0
-500.0
-500.0
-500.0
-500.0
-500.0
-500.0
-500.0
-500.0
-500.0
-500.0
-500.0
-500.0
-500.0
-500.0
-500.0
-500.0
-500.0
-500.0
-500.0
-500.0
-500.0
-500.0
-500.0
-500.0
-500.0
-500.0
-500.0
-500.0
-500.0
-500.0
-500.0
-500.0
-500.0
-500.0
-500.0
-500.0
-500.0
-500.0
-500.0
-500.0
-500.0
-500.0
-500.0
-500.0
-500.0
-500.0
-500.0
-500.0
-500.0
-500.0
-500.0
-500.0
-500.0
-500.0
-500.0
-500.0
-500.0
-500.0
-500.0
-500.0
-500.0
-500.0
-500.0
-500.0
-500.0
-500.0
-500.0
-500.0
-500.0
-500.0
-500.0
-500.0
-500.0
-500.0
-500.0
-500.0
-90.0
-89.49999999999997
-88.49999999999997
-96.49999999999999
-76.99999999999999
-89.49999999999997
-74.49999999999999
-94.99999999999997
-88.49999999999997
-90.49999999999999
-82.5
-136.0
-71.99999999999999
-92.99999999999997
-85.49999999999999
-81.99999999999999
-92.5
-81.99999999999999
-85.0
-114.49999999999999
-110.0
-71.99999999999997
-80.99999999999999
-93.49999999999997
-85.99999999999999
-84.99999999999997
-84.0
-86.99999999999999
-86.49999999999999
-86.99999999999997
-84.5
-76.0
-145.0
-77.5
-74.5
-86.0
-72.5
-73.99999999999999
-83.0
-82.49999999999999
-73.0
-69.49999999999999
-69.99999999999997
-89.5
-81.49999999999999
-73.99999999999999
-78.99999999999997
-109.5
-99.99999999999999
-78.99999999999999
-80.0
-78.99999999999999
-84.99999999999997
-86.49999999999997
-88.0
-86.49999999999999
-66.49999999999999
-79.99999999999999
-86.99999999999999
-78.49999999999997
-125.49999999999996
-68.99999999999999
-91.99999999999997
-67.0
-121.0
-75.99999999999997
-116.5
-73.0
-81.5
-84.0
-154.5
-80.49999999999999
-79.49999999999997
-87.99999999999997
-89.99999999999997
-79.99999999999997
-82.0
-76.5
-93.5
-77.49999999999997
-130.99999999999997
-77.99999999999997
-81.49999999999999
-79.99999999999997
-88.0
-95.0
-78.99999999999997
-71.49999999999997
-75.99999999999997
-84.5
-81.0
-75.5
-70.99999999999997
-81.99999999999999
-80.0
-73.49999999999997
-80.0
-78.5
-79.5
-89.99999999999999
-92.5
-67.5
-81.99999999999999
-101.5
-81.49999999999997
-74.49999999999997
-76.99999999999997
-108.5
-81.99999999999999
-86.49999999999999
-69.99999999999999
-72.0
-112.49999999999997
-73.99999999999999
-94.49999999999999
-74.49999999999997
-68.99999999999999
-85.99999999999999
-82.49999999999997
-75.0
-76.99999999999997
-84.49999999999997
-73.99999999999997
-81.49999999999999
-77.99999999999997
-73.99999999999997
-94.99999999999999
-100.0
-76.99999999999999
-110.49999999999999
-77.5
-83.5
-73.99999999999999
-111.99999999999997
-93.49999999999997
-74.49999999999999
-100.5
-70.49999999999999
-72.0
-86.49999999999999
-90.99999999999997
-93.49999999999999
-84.99999999999997
-82.49999999999997
-90.5
-80.99999999999997
-74.49999999999999
-75.49999999999999
-71.0
-76.99999999999997
-72.99999999999999
-76.0
-81.99999999999999
-81.0
-79.49999999999999
-80.5
-83.49999999999999
-91.49999999999999
-85.99999999999999
-74.99999999999999
-77.0
-79.49999999999999
-89.49999999999997
-74.49999999999999
-71.5
-77.99999999999997
-71.49999999999999
-169.5
-86.99999999999999
-84.49999999999999
-91.5
-74.49999999999997
-80.0
-175.5
-75.49999999999999
-73.99999999999997
-75.99999999999997
-98.0
-84.0
-93.99999999999999
-86.99999999999999
-72.49999999999997
-82.99999999999997
-82.99999999999997
-96.5
-75.49999999999997
-83.0
-129.49999999999997
-63.99999999999999
-98.5
-72.0
-77.0
-70.99999999999999
-126.5
-69.49999999999997
-89.99999999999997
-159.0
-101.0
-95.49999999999997
-80.5
