42.499999999999986
45.0
39.99999999999999
44.499999999999986
114.49999999999997
16.000000000000004
31.500000000000007
74.99999999999999
51.999999999999986
83.99999999999999
101.49999999999999
248.5
286.0
256.0
341.49999999999994
193.0
254.0
282.0
318.5
419.49999999999994
500.0
500.0
500.0
370.0
500.0
179.0
500.0
117.00000000000001
147.99999999999997
151.5
276.99999999999994
177.0
161.49999999999994
208.0
179.5
131.49999999999997
198.0
317.0
283.5
259.5
354.5
500.0
420.0
500.0
500.0
289.0
434.5
448.5
476.5
201.5
307.0
305.0
500.0
500.0
500.0
500.0
500.0
500.0
500.0
500.0
500.0
500.0
500.0
500.0
489.5
500.0
500.0
500.0
358.0
500.0
500.0
219.0
379.0
500.0
500.0
500.0
28.999999999999993
31.5
54.99999999999997
70.99999999999999
187.5
243.0
344.5
324.0
226.49999999999994
500.0
500.0
260.0
500.0
500.0
500.0
500.0
500.0
500.0
500.0
500.0
500.0
500.0
500.0
500.0
500.0
500.0
500.0
500.0
500.0
