19.000000000000007
42.499999999999986
32.5
15.500000000000004
30.499999999999986
20.000000000000004
15.500000000000002
25.000000000000004
16.000000000000004
21.000000000000007
34.999999999999986
22.5
17.500000000000007
16.500000000000004
23.000000000000007
24.000000000000007
71.99999999999997
36.5
50.5
45.0
31.999999999999993
74.0
21.0
22.000000000000007
72.99999999999997
21.000000000000004
21.5
40.0
22.500000000000007
14.000000000000004
33.00000000000001
32.50000000000001
23.500000000000007
37.50000000000001
31.5
34.5
126.0
33.49999999999999
35.49999999999999
49.99999999999998
31.999999999999993
72.49999999999997
78.49999999999997
94.5
120.99999999999999
97.99999999999999
122.49999999999999
194.49999999999997
163.99999999999997
128.99999999999997
187.5
227.5
177.99999999999994
364.0
313.0
214.0
221.0
234.5
156.49999999999994
294.0
366.5
500.0
500.0
500.0
259.0
209.49999999999997
240.99999999999994
224.5
500.0
49.999999999999986
26.0
41.49999999999999
19.000000000000004
29.5
38.99999999999999
14.000000000000004
21.500000000000007
29.999999999999996
36.5
25.500000000000007
46.5
42.0
31.500000000000007
81.49999999999997
83.5
71.99999999999999
96.49999999999999
149.5
236.49999999999994
238.0
221.5
175.49999999999997
312.0
265.99999999999994
408.5
491.50000000000006
249.99999999999997
328.49999999999994
433.0
452.0
466.5
465.5
500.0
500.0
499.5
500.0
500.0
500.0
416.99999999999994
434.0
435.5
500.0
500.0
400.0
500.0
500.0
416.0
500.0
500.0
500.0
500.0
500.0
500.0
500.0
500.0
472.5
500.0
500.0
500.0
500.0
500.0
500.0
500.0
500.0
500.0
500.0
500.0
500.0
500.0
500.0
500.0
500.0
500.0
500.0
500.0
500.0
500.0
500.0
500.0
500.0
500.0
500.0
500.0
500.0
500.0
500.0
500.0
500.0
500.0
500.0
500.0
500.0
500.0
500.0
500.0
500.0
500.0
406.0
500.0
500.0
500.0
500.0
500.0
500.0
500.0
500.0
500.0
500.0
500.0
500.0
500.0
500.0
500.0
500.0
500.0
500.0
500.0
500.0
500.0
500.0
500.0
500.0
500.0
500.0
500.0
500.0
500.0
500.0
500.0
500.0
11.0
24.000000000000004
19.500000000000004
47.49999999999999
54.999999999999986
35.0
33.5
54.999999999999986
32.0
27.500000000000007
46.5
93.99999999999999
112.0
172.49999999999997
204.0
229.5
358.5
247.49999999999997
261.5
152.99999999999997
190.99999999999997
230.99999999999997
462.5
338.49999999999994
190.99999999999997
216.5
270.5
183.5
291.5
331.5
277.5
427.5
424.0
309.0
456.0
387.0
300.0
247.99999999999997
226.5
318.99999999999994
390.5
500.0
500.0
500.0
312.5
500.0
500.0
414.5
500.0
500.0
500.0
500.0
289.5
372.0
500.0
500.0
500.0
500.0
500.0
500.0
500.0
500.0
500.0
297.0
340.5
495.50000000000006
448.5
500.0
500.0
500.0
500.0
500.0
500.0
500.0
500.0
500.0
500.0
500.0
500.0
500.0
500.0
500.0
373.0
500.0
261.5
500.0
500.0
500.0
500.0
500.0
500.0
500.0
500.0
500.0
500.0
500.0
385.49999999999994
382.5
457.5
489.5
424.5
500.0
500.0
500.0
500.0
500.0
500.0
500.0
500.0
500.0
500.0
500.0
500.0
500.0
500.0
500.0
500.0
500.0
500.0
500.0
500.0
500.0
500.0
500.0
500.0
500.0
500.0
500.0
500.0
500.0
500.0
500.0
500.0
500.0
500.0
500.0
500.0
500.0
500.0
500.0
500.0
435.0
500.0
500.0
500.0
500.0
500.0
500.0
500.0
500.0
500.0
500.0
500.0
500.0
500.0
500.0
500.0
500.0
500.0
500.0
401.5
335.49999999999994
366.4999999999999
500.0
500.0
422.5
500.0
500.0
500.0
500.0
500.0
500.0
500.0
500.0
500.0
500.0
500.0
500.0
500.0
500.0
500.0
500.0
500.0
500.0
500.0
457.5
411.0
500.0
278.5
254.5
215.0
238.0
319.99999999999994
370.5
458.5
500.0
500.0
500.0
500.0
500.0
9.5
9.5
9.0
11.5
11.500000000000002
12.500000000000002
11.5
10.0
10.5
15.000000000000002
10.0
12.500000000000004
12.500000000000002
9.5
14.0
13.500000000000004
12.500000000000002
10.0
11.000000000000002
13.000000000000004
12.500000000000004
11.500000000000002
11.000000000000002
13.0
9.5
11.500000000000002
16.500000000000004
18.500000000000004
16.0
35.0
18.500000000000004
31.5
12.000000000000002
12.000000000000002
22.500000000000007
14.0
14.500000000000004
18.500000000000007
23.500000000000007
24.000000000000007
19.500000000000007
13.5
28.500000000000004
18.500000000000004
17.500000000000004
20.000000000000004
25.500000000000004
15.000000000000002
24.000000000000007
13.0
14.000000000000004
17.500000000000004
23.000000000000007
21.500000000000004
31.0
24.000000000000007
19.500000000000007
13.000000000000002
31.000000000000004
19.500000000000004
22.500000000000007
22.500000000000007
36.49999999999999
30.0
16.500000000000004
21.000000000000007
18.000000000000007
20.500000000000007
18.000000000000004
16.5
16.500000000000004
19.000000000000004
19.500000000000004
16.500000000000004
35.0
23.500000000000004
12.5
13.000000000000004
39.50000000000001
31.999999999999996
38.99999999999999
20.0
18.000000000000004
15.000000000000002
20.500000000000007
22.000000000000007
15.000000000000002
20.000000000000004
16.500000000000004
19.500000000000007
34.49999999999999
24.5
24.000000000000007
14.0
17.000000000000004
12.500000000000002
15.500000000000004
22.500000000000004
17.5
22.500000000000004
15.500000000000002
20.5
22.000000000000004
24.000000000000007
13.500000000000004
18.000000000000004
25.000000000000007
25.000000000000007
12.500000000000002
34.0
23.000000000000007
26.5
43.499999999999986
27.500000000000007
40.999999999999986
18.500000000000004
25.500000000000007
20.000000000000004
50.49999999999997
19.500000000000004
13.5
22.500000000000007
20.000000000000004
25.000000000000007
28.5
27.5
36.5
33.5
44.99999999999999
19.500000000000004
31.000000000000007
39.0
27.5
38.0
29.000000000000007
17.5
32.0
41.5
32.99999999999999
51.499999999999986
68.0
24.500000000000004
26.500000000000007
27.999999999999993
49.0
43.5
26.000000000000007
23.0
31.500000000000004
65.49999999999999
59.499999999999986
37.0
31.000000000000004
49.0
38.49999999999999
35.0
41.99999999999999
56.99999999999999
48.999999999999986
48.5
43.999999999999986
60.0
51.499999999999986
29.500000000000007
62.5
43.0
22.000000000000007
47.0
37.5
40.0
47.499999999999986
69.49999999999997
43.5
41.99999999999999
34.50000000000001
20.500000000000007
43.499999999999986
45.0
47.5
24.500000000000007
36.5
68.49999999999999
53.99999999999999
47.499999999999986
49.49999999999999
26.5
30.000000000000004
31.000000000000007
25.5
39.99999999999999
119.5
50.499999999999986
34.99999999999999
31.000000000000007
27.5
22.500000000000004
33.99999999999999
66.99999999999999
66.49999999999999
63.49999999999998
54.0
53.999999999999986
31.000000000000004
45.999999999999986
58.499999999999986
41.0
19.000000000000004
41.5
28.500000000000007
24.500000000000007
26.000000000000007
33.0
57.0
56.99999999999998
115.99999999999997
61.49999999999997
59.499999999999986
70.0
43.99999999999999
67.99999999999999
55.999999999999986
62.5
118.99999999999997
74.99999999999997
58.999999999999986
76.49999999999997
92.49999999999999
87.49999999999997
74.0
52.999999999999986
65.5
56.5
60.499999999999986
70.0
86.99999999999997
84.49999999999999
78.49999999999999
61.49999999999997
45.49999999999998
82.49999999999999
44.499999999999986
49.99999999999999
65.99999999999999
56.49999999999998
56.49999999999998
75.49999999999997
52.99999999999999
98.5
62.49999999999997
64.99999999999997
49.49999999999999
58.999999999999986
45.99999999999999
62.499999999999986
53.49999999999998
113.49999999999997
56.99999999999998
78.0
68.49999999999999
65.0
77.49999999999997
43.499999999999986
61.5
66.99999999999999
34.5
45.99999999999999
103.5
52.999999999999986
49.5
60.99999999999998
81.5
74.99999999999999
51.999999999999986
46.49999999999997
87.99999999999999
54.5
37.0
38.00000000000001
96.99999999999997
88.5
73.5
50.999999999999986
46.999999999999986
91.49999999999997
68.99999999999999
86.49999999999999
65.49999999999997
52.5
110.0
58.499999999999986
63.99999999999998
47.499999999999986
79.0
53.49999999999999
54.999999999999986
67.99999999999997
65.5
67.49999999999999
63.99999999999998
62.999999999999986
44.499999999999986
84.49999999999997
65.99999999999997
86.0
62.99999999999997
76.99999999999997
67.99999999999997
89.99999999999997
73.49999999999999
92.99999999999997
46.499999999999986
89.49999999999999
70.49999999999999
74.49999999999999
53.99999999999997
53.99999999999997
72.99999999999997
74.49999999999999
69.0
91.49999999999999
88.99999999999999
85.49999999999999
78.99999999999997
75.49999999999997
69.99999999999997
85.5
87.49999999999999
64.49999999999999
64.49999999999997
57.49999999999997
95.0
79.49999999999997
80.49999999999997
100.99999999999999
72.5
62.999999999999986
81.99999999999997
127.49999999999999
54.499999999999986
59.99999999999998
85.49999999999997
76.99999999999997
76.49999999999999
55.499999999999986
61.999999999999986
68.99999999999997
93.99999999999999
52.499999999999986
60.99999999999998
68.0
93.99999999999997
79.49999999999999
71.99999999999997
71.99999999999999
52.999999999999986
65.99999999999999
102.99999999999997
78.0
89.99999999999999
58.499999999999986
96.00000000000001
83.49999999999997
112.5
86.99999999999999
73.0
53.99999999999997
97.49999999999997
86.49999999999997
69.49999999999997
66.49999999999999
79.49999999999999
59.99999999999998
102.99999999999999
83.99999999999999
99.5
119.49999999999999
97.99999999999997
56.999999999999986
56.499999999999986
108.0
80.49999999999997
71.99999999999999
70.99999999999997
77.49999999999997
51.499999999999986
118.99999999999997
151.5
84.49999999999999
56.99999999999999
63.499999999999986
75.99999999999999
72.5
65.49999999999997
54.999999999999986
55.499999999999986
83.0
70.99999999999999
70.5
85.5
65.49999999999999
9.0
10.0
9.5
9.5
11.500000000000002
10.0
9.0
11.0
10.0
12.500000000000002
13.500000000000004
9.0
11.0
10.5
12.500000000000004
11.5
12.000000000000002
13.000000000000004
12.500000000000004
12.500000000000004
13.500000000000004
13.500000000000004
12.000000000000002
16.500000000000004
21.500000000000004
18.000000000000004
29.500000000000007
45.499999999999986
49.99999999999999
34.0
16.000000000000004
35.00000000000001
16.500000000000004
33.0
39.999999999999986
93.99999999999997
45.0
24.0
13.500000000000004
21.500000000000004
26.0
29.999999999999993
50.999999999999986
32.99999999999999
31.500000000000007
26.5
24.000000000000007
37.5
74.49999999999997
41.49999999999999
31.999999999999993
23.000000000000007
28.5
33.5
76.49999999999997
28.5
30.500000000000007
34.5
20.000000000000004
27.999999999999993
33.5
48.499999999999986
27.000000000000007
65.99999999999997
48.99999999999999
31.999999999999993
40.99999999999999
40.0
56.499999999999986
76.49999999999999
116.99999999999997
70.99999999999999
71.49999999999999
73.49999999999997
92.0
130.99999999999997
71.99999999999999
43.999999999999986
32.50000000000001
32.50000000000001
111.0
115.49999999999997
78.99999999999999
64.49999999999999
87.99999999999999
73.0
49.49999999999998
76.99999999999999
70.49999999999999
79.99999999999997
91.0
141.0
72.99999999999999
77.49999999999999
106.0
134.0
98.99999999999999
104.0
77.49999999999999
61.49999999999997
134.99999999999997
95.49999999999997
88.99999999999999
100.49999999999997
75.99999999999999
103.5
99.49999999999997
103.49999999999999
132.49999999999997
146.0
88.99999999999997
150.99999999999997
68.49999999999999
43.5
49.49999999999998
46.999999999999986
83.0
93.5
104.99999999999997
53.49999999999999
135.0
94.5
68.99999999999997
91.0
68.99999999999997
84.99999999999999
141.0
138.49999999999997
69.99999999999999
71.49999999999997
106.49999999999999
96.49999999999999
120.00000000000003
136.99999999999997
163.5
160.0
157.49999999999997
120.99999999999999
112.49999999999997
171.99999999999997
136.0
144.99999999999997
126.49999999999997
95.49999999999997
63.999999999999986
67.99999999999999
55.499999999999986
85.49999999999997
158.99999999999997
148.49999999999994
173.5
90.99999999999997
153.0
102.99999999999999
144.5
98.5
161.0
100.49999999999997
142.5
110.5
70.99999999999997
75.49999999999999
126.99999999999997
158.49999999999994
101.99999999999997
103.99999999999997
121.5
166.99999999999994
172.49999999999997
121.99999999999999
167.49999999999997
157.5
120.5
123.49999999999999
111.49999999999997
105.49999999999997
145.5
138.0
139.5
155.0
124.99999999999999
110.0
207.0
141.49999999999997
207.0
124.49999999999997
114.5
147.99999999999997
129.5
108.0
198.0
155.0
195.49999999999997
100.00000000000001
124.5
131.5
120.5
173.5
135.49999999999997
180.5
10.0
17.000000000000004
21.000000000000004
12.000000000000002
19.000000000000004
19.000000000000004
25.500000000000007
12.500000000000002
19.500000000000004
32.0
24.500000000000004
9.5
14.0
36.99999999999999
25.000000000000007
25.500000000000007
23.000000000000007
14.000000000000004
29.999999999999993
16.0
21.500000000000004
13.500000000000004
24.000000000000007
20.000000000000007
41.99999999999999
15.500000000000002
14.0
14.500000000000002
23.5
32.49999999999999
20.5
20.5
11.0
21.500000000000004
32.5
22.000000000000004
20.500000000000007
18.0
17.500000000000004
14.500000000000004
14.000000000000004
26.000000000000004
15.000000000000002
20.000000000000007
23.000000000000007
14.000000000000004
38.99999999999999
23.000000000000007
10.5
25.500000000000004
25.500000000000007
18.500000000000004
23.000000000000004
25.000000000000007
14.000000000000002
25.000000000000007
12.500000000000002
32.5
38.999999999999986
16.0
19.500000000000004
20.000000000000007
17.5
25.500000000000007
21.000000000000007
20.500000000000007
36.50000000000001
23.5
19.000000000000004
20.500000000000007
31.000000000000004
17.5
17.0
15.500000000000002
18.0
17.5
29.499999999999996
18.000000000000004
23.000000000000007
22.5
11.5
12.500000000000002
23.000000000000004
16.5
10.500000000000002
29.000000000000007
19.500000000000004
53.999999999999986
36.499999999999986
16.500000000000004
11.5
12.500000000000004
38.499999999999986
14.000000000000004
14.5
18.000000000000007
24.000000000000004
17.5
14.5
23.000000000000007
19.500000000000007
26.500000000000007
28.000000000000007
32.5
18.500000000000004
17.500000000000007
25.000000000000007
26.500000000000007
21.500000000000004
19.000000000000004
21.500000000000004
21.500000000000004
16.500000000000004
21.000000000000007
19.000000000000007
11.5
17.0
31.5
13.500000000000004
19.000000000000004
16.500000000000004
17.000000000000004
19.500000000000007
16.500000000000004
22.000000000000007
19.500000000000004
24.500000000000007
26.000000000000007
22.0
26.000000000000004
22.5
17.000000000000004
27.000000000000007
32.99999999999999
18.000000000000004
16.000000000000004
20.0
12.500000000000002
13.500000000000004
14.500000000000002
21.000000000000007
23.500000000000007
12.000000000000002
46.499999999999986
29.499999999999996
16.0
22.500000000000004
12.500000000000002
19.500000000000004
19.500000000000004
11.5
29.500000000000004
27.000000000000007
12.5
19.000000000000004
19.500000000000007
19.500000000000004
17.000000000000004
20.000000000000004
19.500000000000004
14.500000000000002
16.000000000000004
15.000000000000002
15.500000000000004
16.500000000000004
28.0
10.5
19.000000000000004
16.5
13.500000000000004
26.000000000000007
14.0
12.5
28.000000000000007
27.000000000000007
17.5
29.999999999999993
17.5
24.500000000000007
31.999999999999993
12.000000000000002
22.000000000000007
16.000000000000004
25.500000000000007
15.000000000000004
19.000000000000007
17.000000000000007
17.0
22.000000000000007
14.000000000000002
19.000000000000004
13.5
14.000000000000002
15.000000000000004
13.000000000000002
18.500000000000004
40.0
21.000000000000004
13.5
12.000000000000002
23.000000000000007
10.0
25.000000000000007
19.000000000000004
13.000000000000004
14.5
11.5
17.5
22.500000000000007
14.000000000000004
17.500000000000007
24.000000000000007
20.5
27.500000000000007
35.5
15.000000000000002
14.0
23.000000000000007
17.500000000000007
15.000000000000002
21.000000000000007
18.500000000000004
28.000000000000007
36.5
18.0
16.0
16.000000000000004
9.5
17.000000000000004
11.5
19.500000000000007
27.000000000000004
26.500000000000004
17.0
34.49999999999999
16.000000000000004
13.000000000000004
13.000000000000004
12.000000000000002
10.0
32.49999999999999
12.500000000000002
17.000000000000004
17.000000000000004
26.000000000000007
17.5
14.500000000000002
24.500000000000007
21.0
34.49999999999999
11.0
12.000000000000002
15.500000000000004
14.500000000000002
28.499999999999993
12.5
14.500000000000002
20.000000000000004
26.500000000000004
13.5
24.000000000000007
18.000000000000004
18.0
21.000000000000007
23.000000000000007
19.500000000000004
17.5
21.000000000000007
13.500000000000002
20.500000000000007
13.500000000000004
20.500000000000007
17.0
22.000000000000004
24.000000000000007
18.000000000000007
27.500000000000007
15.000000000000002
25.500000000000007
15.000000000000002
15.000000000000002
25.500000000000007
10.0
23.500000000000007
11.000000000000002
23.500000000000004
13.500000000000004
16.500000000000004
15.500000000000002
21.000000000000007
25.500000000000007
17.500000000000007
9.0
10.5
12.500000000000004
11.0
18.5
16.000000000000004
23.0
17.5
23.000000000000004
11.5
39.999999999999986
28.000000000000007
19.000000000000007
31.500000000000004
16.5
22.000000000000007
11.500000000000002
25.500000000000007
25.000000000000007
28.5
28.500000000000004
17.000000000000004
19.000000000000004
16.500000000000004
29.000000000000007
25.0
20.000000000000007
12.500000000000002
16.000000000000004
20.000000000000004
25.5
27.500000000000007
18.500000000000004
19.500000000000004
36.5
32.49999999999999
21.0
14.0
18.000000000000004
17.5
17.0
19.000000000000004
38.00000000000001
17.5
21.000000000000004
24.5
19.000000000000004
20.500000000000007
15.000000000000002
11.5
13.000000000000004
11.5
24.000000000000007
33.00000000000001
19.500000000000007
18.500000000000004
15.500000000000004
23.000000000000004
28.000000000000007
12.5
33.0
14.0
42.999999999999986
15.500000000000004
11.0
15.000000000000002
23.500000000000007
22.500000000000007
18.000000000000007
25.0
17.500000000000007
19.000000000000004
30.0
21.500000000000007
21.000000000000007
21.000000000000007
30.000000000000007
17.5
32.50000000000001
13.000000000000004
24.000000000000007
17.000000000000007
11.0
15.000000000000002
15.500000000000004
13.000000000000002
21.000000000000007
17.000000000000004
17.000000000000004
18.0
20.500000000000007
29.5
20.000000000000007
14.500000000000002
17.0
12.000000000000002
26.500000000000004
11.500000000000002
31.000000000000007
15.500000000000004
24.000000000000007
40.5
21.500000000000007
18.500000000000007
13.0
12.000000000000002
19.500000000000004
17.0
18.500000000000004
19.500000000000004
13.500000000000004
16.500000000000004
20.000000000000007
15.000000000000002
16.000000000000004
45.999999999999986
20.500000000000007
17.000000000000004
21.0
29.5
21.5
14.500000000000002
17.500000000000004
23.0
37.5
12.000000000000002
33.0
18.500000000000004
37.0
15.500000000000004
15.000000000000002
28.000000000000007
15.000000000000004
34.5
23.000000000000007
17.0
13.000000000000004
19.000000000000004
20.0
16.000000000000004
12.5
15.000000000000004
21.500000000000007
26.500000000000007
13.0
15.000000000000002
14.0
33.499999999999986
21.000000000000004
9.5
16.500000000000004
26.000000000000007
30.5
22.000000000000004
15.000000000000004
28.5
24.500000000000004
20.500000000000007
19.500000000000004
15.500000000000004
19.000000000000004
37.99999999999999
22.000000000000004
15.500000000000004
21.500000000000004
23.000000000000007
18.500000000000004
19.000000000000004
19.500000000000004
27.5
20.500000000000007
14.000000000000002
21.500000000000004
14.000000000000004
39.49999999999999
17.0
19.500000000000004
13.000000000000004
17.0
20.000000000000004
11.0
34.0
23.500000000000007
17.500000000000004
14.500000000000002
21.5
19.000000000000007
17.5
15.000000000000002
21.0
17.500000000000004
16.000000000000004
37.0
19.500000000000004
31.5
13.500000000000004
15.000000000000004
12.500000000000004
23.000000000000007
25.000000000000007
25.5
13.000000000000004
12.500000000000004
30.500000000000004
34.49999999999999
24.000000000000007
17.5
13.000000000000004
19.000000000000004
13.500000000000004
20.500000000000007
17.000000000000007
24.5
12.000000000000002
13.500000000000004
22.500000000000004
11.500000000000002
34.0
19.500000000000004
16.500000000000004
25.0
20.000000000000007
16.0
24.500000000000007
15.000000000000004
14.500000000000002
15.500000000000002
27.500000000000007
15.500000000000004
18.500000000000004
24.000000000000007
32.999999999999986
11.500000000000002
22.000000000000004
17.000000000000004
23.0
19.000000000000004
19.500000000000004
31.000000000000007
22.500000000000007
25.5
23.000000000000004
25.500000000000007
32.5
30.0
14.0
25.000000000000007
18.0
19.500000000000004
55.999999999999986
41.99999999999999
15.000000000000004
20.500000000000007
20.500000000000007
16.5
18.000000000000007
15.500000000000004
17.000000000000007
35.0
13.000000000000002
14.500000000000002
19.000000000000004
14.000000000000004
15.000000000000002
20.500000000000007
20.000000000000004
18.000000000000004
19.000000000000004
19.000000000000004
19.000000000000004
16.500000000000004
19.000000000000004
30.499999999999996
22.000000000000007
22.000000000000007
14.500000000000002
32.0
22.000000000000004
14.500000000000002
10.5
13.000000000000002
15.500000000000002
31.499999999999993
16.5
29.000000000000007
35.0
10.0
13.000000000000004
27.000000000000007
14.0
22.000000000000007
18.500000000000007
17.000000000000004
29.500000000000007
15.000000000000002
16.500000000000004
25.000000000000007
14.500000000000002
14.500000000000002
15.500000000000002
35.0
17.000000000000004
20.500000000000007
20.500000000000007
18.000000000000007
12.000000000000002
33.0
10.5
23.500000000000007
29.500000000000007
17.500000000000007
20.500000000000007
21.500000000000004
14.500000000000002
14.000000000000004
18.500000000000004
12.500000000000002
26.0
26.500000000000007
24.500000000000007
38.49999999999999
26.000000000000004
16.000000000000004
19.500000000000004
15.500000000000002
15.000000000000002
16.5
13.000000000000002
40.5
9.5
39.49999999999999
21.500000000000007
14.500000000000002
16.500000000000004
12.500000000000002
19.500000000000004
17.000000000000004
15.000000000000002
17.0
26.500000000000007
12.000000000000002
12.500000000000002
21.000000000000007
15.500000000000002
13.000000000000002
16.000000000000004
15.500000000000004
26.000000000000007
16.0
11.0
14.500000000000002
14.0
19.500000000000004
12.000000000000002
17.0
11.500000000000002
17.500000000000004
12.500000000000002
14.000000000000004
15.500000000000004
43.5
12.5
12.5
30.000000000000007
15.000000000000002
19.000000000000004
20.500000000000004
16.500000000000004
14.0
13.500000000000004
15.500000000000004
13.500000000000004
46.0
22.000000000000007
30.999999999999993
23.000000000000007
22.000000000000007
31.5
14.5
14.500000000000004
12.500000000000004
17.5
14.500000000000002
33.0
15.500000000000004
14.000000000000004
25.500000000000007
19.000000000000004
44.49999999999999
17.5
30.0
19.500000000000007
31.000000000000007
14.500000000000004
17.0
16.0
36.0
17.000000000000004
33.0
21.000000000000007
27.500000000000004
17.000000000000004
21.500000000000004
17.5
23.000000000000007
23.500000000000007
18.0
12.500000000000004
15.000000000000002
25.5
22.0
19.500000000000004
25.500000000000007
24.500000000000007
32.49999999999999
23.000000000000004
19.000000000000004
16.500000000000004
27.000000000000004
14.500000000000002
13.500000000000004
16.5
27.500000000000007
13.0
25.000000000000007
22.000000000000007
18.500000000000007
16.500000000000004
19.500000000000004
22.000000000000004
32.0
17.500000000000007
20.500000000000007
40.0
25.000000000000007
17.000000000000004
17.000000000000004
19.000000000000004
12.500000000000002
13.500000000000004
24.000000000000007
15.000000000000002
25.0
36.5
16.0
13.500000000000004
23.0
25.000000000000007
13.0
25.000000000000007
17.0
13.5
19.000000000000004
13.5
33.00000000000001
14.500000000000002
16.0
17.0
14.0
17.500000000000007
17.500000000000004
28.5
13.0
18.000000000000004
13.5
16.000000000000004
45.499999999999986
13.000000000000002
19.500000000000004
19.000000000000004
15.000000000000004
20.500000000000004
22.500000000000007
34.0
31.500000000000007
17.5
25.500000000000007
16.000000000000004
19.000000000000004
16.000000000000004
15.000000000000002
22.000000000000007
25.500000000000007
13.5
22.500000000000007
21.000000000000007
19.000000000000007
28.500000000000007
18.500000000000004
25.5
25.0
16.000000000000004
17.000000000000004
27.000000000000007
34.0
20.500000000000004
33.0
19.000000000000004
15.000000000000002
31.500000000000004
15.000000000000004
19.500000000000004
14.5
35.49999999999999
27.499999999999993
33.5
13.000000000000004
15.000000000000002
21.500000000000007
25.000000000000007
18.0
21.500000000000004
30.499999999999986
13.500000000000004
17.0
17.000000000000004
37.5
10.0
18.500000000000004
28.99999999999999
15.500000000000002
22.500000000000004
13.0
25.500000000000007
28.0
19.500000000000004
33.99999999999999
24.000000000000007
27.5
20.500000000000007
11.500000000000002
28.999999999999993
29.999999999999996
10.5
14.500000000000002
13.500000000000004
23.000000000000007
33.5
20.000000000000004
11.500000000000002
24.5
35.499999999999986
25.999999999999996
16.0
18.000000000000004
16.000000000000004
19.000000000000004
34.5
17.5
41.0
16.500000000000004
21.000000000000007
29.000000000000007
30.0
11.500000000000002
26.5
17.000000000000004
14.0
15.000000000000002
15.500000000000004
19.000000000000004
24.000000000000007
30.499999999999993
12.0
15.500000000000002
24.500000000000007
23.000000000000004
64.5
28.5
26.000000000000007
25.500000000000007
16.500000000000004
17.500000000000004
23.000000000000007
16.500000000000004
25.000000000000007
25.000000000000007
17.500000000000004
24.500000000000007
14.500000000000002
15.000000000000002
14.500000000000004
20.5
21.000000000000007
18.500000000000007
23.000000000000004
13.000000000000004
18.500000000000004
17.000000000000004
31.999999999999986
25.000000000000007
21.000000000000007
16.000000000000004
14.500000000000002
24.0
20.500000000000007
21.500000000000004
34.5
17.000000000000004
24.5
27.0
18.000000000000004
21.500000000000007
12.500000000000004
18.000000000000007
20.000000000000004
23.000000000000004
15.000000000000002
10.5
17.0
29.499999999999993
20.5
26.500000000000007
20.500000000000007
12.500000000000002
45.49999999999999
13.500000000000004
13.500000000000004
27.500000000000004
29.5
35.50000000000001
15.000000000000004
28.000000000000004
29.000000000000007
20.500000000000007
20.000000000000007
25.500000000000007
19.500000000000004
18.500000000000004
20.000000000000004
25.500000000000007
19.500000000000004
23.500000000000004
29.000000000000007
14.500000000000004
12.500000000000002
20.500000000000007
16.500000000000004
35.0
18.000000000000004
20.500000000000007
33.0
14.000000000000002
26.5
18.000000000000007
23.5
11.000000000000002
24.500000000000007
17.000000000000004
27.5
14.0
23.500000000000007
12.000000000000002
20.500000000000007
25.0
17.5
15.500000000000002
35.5
18.0
27.500000000000007
29.000000000000007
12.000000000000002
24.500000000000007
21.500000000000004
25.0
25.000000000000007
15.000000000000004
30.000000000000004
19.000000000000004
19.000000000000004
19.500000000000007
17.000000000000004
19.000000000000004
11.5
16.500000000000004
18.000000000000004
19.000000000000007
22.0
14.000000000000004
28.0
26.500000000000007
27.000000000000007
15.000000000000004
17.5
12.000000000000002
16.500000000000004
14.500000000000002
12.500000000000002
22.500000000000004
34.0
17.000000000000007
11.500000000000002
35.0
13.000000000000002
17.5
18.500000000000004
26.000000000000007
18.0
34.499999999999986
30.499999999999993
18.000000000000007
19.500000000000004
23.000000000000004
11.500000000000002
18.0
31.000000000000007
24.000000000000007
14.500000000000002
