-500.0
-500.0
-484.5
-427.5
-420.5
-305.5
-199.0
-203.99999999999997
-155.5
-124.99999999999999
-122.5
-150.0
-115.5
-138.0
-156.49999999999997
-110.0
-142.49999999999997
-128.0
-102.0
-131.0
-106.0
-93.5
-316.5
-107.5
-134.49999999999997
-128.0
-124.49999999999999
-151.0
-124.49999999999999
-108.5
-201.99999999999997
-117.49999999999999
-105.0
-86.99999999999997
-96.0
-235.99999999999994
-148.99999999999997
-171.0
-117.5
-114.0
-152.5
-177.0
-175.0
-235.99999999999994
-173.5
-151.5
-268.99999999999994
-164.5
-192.0
-173.0
-140.5
-133.0
-156.5
-127.5
-129.0
-117.5
-123.5
-94.99999999999997
-206.0
-118.99999999999997
-207.5
-263.5
-162.99999999999994
-243.0
-161.5
-402.5
-192.0
-208.0
-235.0
-179.0
-135.0
-125.99999999999997
-115.49999999999997
-118.49999999999999
-103.5
-243.0
-93.5
-92.99999999999997
-120.99999999999997
-166.5
-139.0
-149.49999999999997
-175.0
-183.99999999999997
-128.5
-118.5
-104.49999999999997
-130.5
-98.0
-105.49999999999999
-106.5
-95.0
-146.99999999999997
-122.5
-186.49999999999997
-118.99999999999999
-136.5
-129.99999999999997
-154.0
-109.99999999999997
-116.49999999999999
-177.0
-138.0
-123.0
-108.0
-172.5
-148.0
-132.5
-128.0
-186.0
-150.5
-173.5
-148.5
-159.99999999999997
-134.5
-118.0
-222.5
-153.99999999999997
-141.5
-122.5
-121.0
-123.99999999999997
-132.49999999999997
-96.49999999999997
-284.0
-183.99999999999997
-224.5
-160.0
-182.49999999999994
-189.5
-420.0
-175.5
-180.5
-156.49999999999997
-138.5
-105.0
-133.49999999999997
-128.5
-119.49999999999997
-124.5
-116.5
-129.5
-98.99999999999999
-107.0
-125.5
-103.0
-90.99999999999997
-121.0
-118.5
-115.99999999999999
-83.49999999999999
-103.99999999999999
-109.5
-118.0
-99.49999999999997
-102.5
-97.5
-106.5
-155.5
-103.5
-127.5
-207.5
-190.5
-137.49999999999997
-125.5
-293.0
-96.49999999999999
-142.49999999999997
-129.5
-117.5
-145.0
-83.49999999999999
-180.5
-126.0
-111.5
-102.5
-120.0
-93.99999999999997
-234.5
-296.5
-181.5
-175.0
-94.0
-136.5
-116.00000000000001
-121.00000000000001
-140.0
-115.50000000000001
-108.0
-122.5
-130.0
-103.99999999999999
-190.0
-159.0
-144.0
-184.0
-500.0
-145.0
-138.0
-110.0
-500.0
-156.0
-142.99999999999997
-184.99999999999997
-142.99999999999997
-147.5
-142.5
-119.5
-123.99999999999999
-115.49999999999997
-153.5
-97.99999999999999
-124.49999999999997
-132.0
-115.99999999999997
-169.5
-235.49999999999994
-112.5
-126.5
-154.5
-179.0
-143.99999999999997
-143.99999999999997
-124.5
-108.5
-144.5
-125.0
-115.0
-160.0
-313.5
-135.5
-126.99999999999999
-147.99999999999997
-107.99999999999999
-106.5
-114.5
-125.5
-111.5
-199.49999999999997
-162.5
-388.5
-290.0
-254.5
-288.49999999999994
-500.0
-411.0
-348.49999999999994
-470.0
-228.5
-237.5
-316.0
-190.49999999999997
-183.99999999999994
-166.0
-186.99999999999994
-169.49999999999997
-113.5
-177.49999999999994
-188.5
-207.49999999999994
-181.99999999999997
-212.5
-200.5
-185.5
-125.5
-338.0
-170.49999999999997
-171.0
-221.0
-222.0
-163.99999999999997
-204.5
-147.5
-176.0
-200.0
-192.5
-141.99999999999997
-181.5
-178.0
-152.5
-156.5
-142.99999999999997
-181.0
-102.0
-131.5
-140.5
-132.99999999999997
-299.5
-138.0
-228.0
-239.49999999999994
-300.5
-228.99999999999994
-163.5
-172.5
-229.0
-153.5
-201.99999999999997
-173.99999999999994
-137.99999999999997
-125.0
-155.0
-112.0
-120.99999999999999
-132.0
-129.0
-309.0
-130.0
-287.5
-192.5
-118.5
-152.99999999999997
-326.5
-114.0
-110.0
-97.99999999999997
-102.5
-122.50000000000001
-130.0
-108.00000000000001
-113.49999999999999
-114.5
-129.0
-132.49999999999997
-122.50000000000001
-118.99999999999997
-173.49999999999997
-118.5
-108.5
-116.49999999999999
-115.5
-164.5
-131.0
-140.0
-132.49999999999997
-121.5
-127.49999999999999
-104.49999999999997
-108.5
-121.0
-92.99999999999997
-151.0
-114.0
-237.0
-220.49999999999997
-113.0
-178.0
-204.0
-138.99999999999997
-168.49999999999994
-174.5
-174.0
-231.99999999999994
-119.0
-181.99999999999997
-219.0
-134.0
-218.99999999999994
-187.5
-152.5
-122.49999999999999
-122.49999999999997
-165.5
-113.00000000000001
-189.5
-184.0
-133.5
-141.49999999999994
-101.49999999999997
-208.0
-121.50000000000001
-128.99999999999997
-113.99999999999997
-103.99999999999999
-115.0
-84.5
-126.99999999999997
-103.5
-105.5
-127.49999999999999
-99.0
-135.0
-103.49999999999999
-130.99999999999997
-133.49999999999997
-150.49999999999997
-119.99999999999997
-102.5
-217.99999999999997
-85.0
-193.5
-142.0
-305.0
-116.0
-136.0
-146.5
-107.50000000000001
-123.99999999999997
-118.0
-126.0
-301.5
-180.0
-234.00000000000003
-318.0
-164.00000000000003
-100.99999999999997
-139.49999999999997
-120.5
-103.99999999999999
-117.99999999999999
-189.0
-142.0
-121.99999999999996
-120.99999999999997
-111.5
-115.99999999999997
-134.5
-119.99999999999999
-100.5
-107.5
-119.5
-107.0
-104.99999999999997
-101.0
-96.49999999999999
-95.5
-108.49999999999999
-138.49999999999997
-106.5
-146.0
-93.5
-86.99999999999999
-130.0
-136.0
-108.99999999999999
-179.5
-109.0
-154.49999999999997
-116.50000000000001
-151.99999999999997
-116.50000000000001
-102.5
-158.0
-144.0
-180.0
-148.0
-282.99999999999994
-500.0
-191.99999999999997
-211.0
-145.0
-114.0
-118.00000000000001
-132.99999999999997
-117.5
-107.0
-107.0
-137.49999999999997
-96.99999999999999
-139.49999999999997
-151.99999999999997
-123.99999999999997
-114.5
-115.0
-114.5
-152.5
-114.99999999999997
-112.0
-98.49999999999999
-110.5
-86.49999999999999
-108.0
-103.49999999999999
-130.99999999999997
-85.49999999999999
-149.0
-137.0
-113.99999999999999
-113.99999999999999
-110.0
-106.0
-171.0
-104.5
-100.5
-104.5
-96.5
-84.0
-116.49999999999997
-84.49999999999997
-83.49999999999999
-83.99999999999997
-106.0
-86.49999999999999
-117.0
-140.99999999999997
-106.5
-129.0
-101.99999999999997
-130.0
-93.99999999999999
-264.99999999999994
-151.49999999999997
-179.5
-155.49999999999994
-142.99999999999997
-117.5
-169.0
-134.0
-116.5
-122.0
-152.49999999999997
-180.50000000000003
-165.5
-103.49999999999999
-138.0
-122.5
-93.0
-142.0
-315.0
-92.0
-194.99999999999997
-116.5
-117.49999999999999
-129.5
-114.0
-116.5
-98.99999999999999
-104.49999999999999
-103.0
-97.0
-88.99999999999999
-127.49999999999999
-103.0
-85.5
-128.5
-72.49999999999997
-93.0
-118.5
-102.0
-110.5
-104.49999999999999
-99.5
-92.5
-100.49999999999999
-122.49999999999997
-107.0
-87.99999999999997
-124.49999999999999
-88.5
-289.99999999999994
-146.0
-118.99999999999999
-206.5
-184.0
-195.5
-157.0
-158.49999999999997
-129.0
-146.0
-265.0
-146.99999999999997
-145.5
-500.0
-328.5
-106.5
-89.49999999999999
-91.49999999999999
-99.99999999999997
-94.99999999999997
-67.49999999999997
-100.49999999999997
-91.49999999999997
-98.49999999999999
-96.0
-108.99999999999999
-88.99999999999999
-138.0
-96.99999999999997
-127.99999999999997
-98.49999999999999
-116.00000000000001
-112.00000000000001
-95.49999999999997
-87.49999999999997
-109.5
-149.00000000000003
-86.49999999999999
-95.99999999999997
-88.49999999999999
-105.49999999999997
-100.99999999999997
-165.5
-97.0
-151.49999999999997
-117.0
-93.49999999999999
-101.5
-148.99999999999997
-109.0
-114.49999999999997
-500.0
-500.0
-500.0
-500.0
-500.0
-500.0
-500.0
-500.0
-500.0
-500.0
-500.0
-500.0
-500.0
-500.0
-500.0
-500.0
-500.0
-500.0
-500.0
-500.0
-500.0
-500.0
-500.0
-500.0
-500.0
-500.0
-500.0
-500.0
-500.0
-500.0
-500.0
-500.0
-500.0
-500.0
-500.0
-500.0
-500.0
-500.0
-500.0
-500.0
-500.0
-500.0
-500.0
-500.0
-500.0
-500.0
-500.0
-500.0
-500.0
-500.0
-500.0
-500.0
-500.0
-500.0
-500.0
-500.0
-500.0
-500.0
-500.0
-500.0
-500.0
-500.0
-500.0
-285.0
-309.49999999999994
-287.5
-216.5
-176.5
-117.0
-115.0
-119.99999999999999
-114.0
-95.0
-101.0
-145.5
-113.49999999999999
-115.5
-98.49999999999999
-114.49999999999999
-107.5
-115.49999999999997
-107.00000000000001
-109.0
-97.99999999999999
-95.49999999999997
-113.0
-100.5
-120.99999999999999
-118.99999999999999
-112.0
-135.49999999999997
-97.0
-111.5
-149.0
-131.0
-116.00000000000001
-124.50000000000003
-106.5
-106.0
-99.99999999999997
-118.5
-77.99999999999999
-115.00000000000001
-92.5
-93.5
-88.49999999999997
-92.99999999999997
-119.0
-78.49999999999997
-108.0
-119.49999999999999
-104.99999999999999
-84.0
-168.5
-185.49999999999997
-76.99999999999997
-93.5
-98.5
-131.99999999999997
-84.49999999999997
-102.49999999999999
-84.99999999999997
-80.49999999999997
-109.5
-95.99999999999999
-94.99999999999997
-73.49999999999997
-162.5
-87.0
-91.99999999999997
-94.99999999999999
-108.0
-88.99999999999997
-88.49999999999997
-131.5
-91.5
-106.0
-82.49999999999999
-130.0
-186.49999999999997
-76.99999999999997
-95.49999999999999
-83.0
-105.5
-93.0
-83.49999999999999
-94.0
-88.49999999999997
-92.99999999999997
-81.49999999999997
-194.99999999999997
-108.0
-98.5
-121.49999999999997
-89.0
-93.99999999999999
-91.0
-135.0
-105.49999999999999
-134.0
-98.99999999999999
-135.0
-175.49999999999997
-154.49999999999997
-123.49999999999999
-102.49999999999999
-163.5
-136.0
-122.0
-126.0
-162.0
-86.49999999999999
-87.49999999999999
-95.49999999999999
-83.0
-153.0
-82.5
-73.99999999999999
-114.99999999999997
-100.99999999999997
-86.99999999999997
-94.5
-86.49999999999999
-100.49999999999997
-65.99999999999997
-81.5
-73.0
-88.49999999999997
-69.49999999999997
-95.5
-79.5
-86.99999999999997
-75.99999999999999
-84.5
-72.5
-75.99999999999999
-227.50000000000003
-73.49999999999997
-83.49999999999997
-88.49999999999997
-500.0
-500.0
-500.0
-500.0
-500.0
-132.5
-213.0
-199.0
-243.49999999999997
-125.0
-139.5
-118.00000000000001
-134.5
-107.0
-124.49999999999997
-143.5
-145.0
-104.5
-107.0
-96.99999999999997
-115.00000000000001
-114.5
-101.5
-99.49999999999999
-78.0
-114.5
-135.49999999999997
-113.49999999999999
-135.0
-75.99999999999997
-113.99999999999997
-90.99999999999999
-98.5
-92.49999999999997
-97.5
-141.99999999999997
-81.99999999999999
-186.5
-103.00000000000001
-117.5
-99.0
-107.49999999999999
-199.5
-90.99999999999997
-85.49999999999997
-100.5
-109.5
-108.99999999999999
-98.99999999999999
-109.5
-113.99999999999999
-109.5
-97.0
-117.0
-96.0
-101.0
-95.49999999999997
-142.5
-89.99999999999999
-86.99999999999997
-139.49999999999997
-126.49999999999999
-153.0
-100.5
-104.99999999999997
-134.49999999999997
-168.50000000000003
-136.99999999999997
-92.0
-166.0
-191.5
-111.5
-121.50000000000001
-123.99999999999997
-104.49999999999999
-138.5
-149.49999999999997
-126.5
-140.0
-115.5
-144.5
-120.99999999999997
-155.5
-127.5
-134.5
-122.0
-106.0
-107.0
-109.0
-92.5
-113.49999999999999
-117.0
-106.5
-120.0
-104.5
-110.5
-118.5
-102.99999999999999
-500.0
-500.0
-500.0
-500.0
-500.0
-500.0
-500.0
-500.0
-500.0
-500.0
-500.0
-260.5
-115.99999999999997
-100.99999999999997
-104.49999999999999
-100.49999999999997
-94.49999999999999
-96.99999999999997
-116.00000000000001
-96.99999999999999
-175.5
-142.49999999999997
-149.49999999999997
-136.0
-103.49999999999999
-125.49999999999999
-118.0
-124.5
-109.0
-133.0
-130.5
-104.0
-331.5
-332.0
-144.99999999999997
-108.99999999999999
-114.5
-119.0
-125.0
-116.5
-95.5
-101.5
-124.49999999999997
-107.0
-116.00000000000001
-110.5
-106.0
-85.5
-98.0
-92.99999999999997
-107.0
-119.50000000000003
-129.0
-107.0
-113.5
-99.5
-102.0
-82.99999999999999
-95.0
-75.49999999999997
-91.99999999999997
-73.49999999999999
-96.49999999999997
-75.49999999999999
-108.49999999999997
-89.99999999999997
-101.99999999999997
-87.99999999999997
-110.5
-100.0
-90.99999999999999
-118.99999999999997
-165.5
-112.0
-96.5
-198.0
-132.0
-122.49999999999997
-92.5
-78.0
-111.49999999999997
-105.49999999999999
-91.49999999999999
-143.5
-112.49999999999999
-129.49999999999994
-90.0
-81.5
-96.5
-129.49999999999997
-117.99999999999997
-106.5
-122.0
-113.5
-114.99999999999997
-127.99999999999997
-104.0
-100.5
-91.49999999999999
-138.5
-136.5
-124.0
-500.0
-500.0
-500.0
-500.0
-500.0
-500.0
-500.0
-500.0
-500.0
-500.0
-500.0
-500.0
-500.0
-500.0
-500.0
-500.0
-500.0
-500.0
-500.0
-500.0
-500.0
-500.0
-500.0
-500.0
-500.0
-500.0
-500.0
-500.0
-500.0
-500.0
-500.0
-500.0
-500.0
-500.0
-500.0
-500.0
-500.0
-500.0
-500.0
-500.0
-500.0
-500.0
-500.0
-500.0
-500.0
-500.0
-500.0
-500.0
-500.0
-500.0
-500.0
-500.0
-500.0
-500.0
-500.0
-500.0
-500.0
-500.0
-500.0
-500.0
-500.0
-500.0
-500.0
-500.0
-378.5
-500.0
-403.5
-500.0
-500.0
-500.0
-500.0
-500.0
-500.0
-500.0
-500.0
-500.0
-500.0
-500.0
-500.0
-500.0
-500.0
-500.0
-500.0
-500.0
-276.0
-266.49999999999994
-205.0
-190.0
-160.5
-113.49999999999997
-120.0
-86.99999999999999
-116.5
-148.0
-110.5
-110.5
-85.49999999999999
-105.0
-102.99999999999999
-113.0
-128.5
-109.0
-106.5
-122.49999999999999
-102.0
-171.5
-108.49999999999999
-129.49999999999997
-73.99999999999997
-107.99999999999999
-94.49999999999999
-106.5
-111.49999999999999
-103.49999999999999
-137.5
-124.99999999999996
-84.49999999999999
-99.5
-103.0
-103.99999999999999
-100.99999999999997
-89.99999999999997
-99.49999999999999
-112.0
-110.5
-112.99999999999997
-85.49999999999999
-115.99999999999999
-109.99999999999999
-99.99999999999997
-85.99999999999999
-111.0
-95.49999999999999
-166.5
-159.5
-129.0
-107.49999999999999
-114.0
-92.5
-107.5
-107.99999999999999
-88.49999999999997
-80.99999999999997
-114.0
-106.0
-89.0
-104.99999999999997
-106.0
-166.5
-92.5
-87.0
-102.0
-106.5
-94.0
-118.5
-176.0
-89.5
-83.49999999999999
-90.99999999999997
-100.49999999999997
-95.99999999999997
-115.0
-86.49999999999997
-114.49999999999997
-108.49999999999997
-93.5
-90.0
-111.49999999999997
-95.5
-123.49999999999999
-82.49999999999997
-96.99999999999997
-102.99999999999999
-111.5
-96.49999999999999
-100.0
-81.99999999999999
-157.0
-96.0
-260.99999999999994
-97.5
-124.99999999999997
-106.0
-85.0
-120.99999999999997
-80.99999999999997
-271.0
-126.99999999999999
-86.49999999999999
-120.0
-99.49999999999999
-96.0
-105.99999999999997
-100.0
-91.5
-112.49999999999997
-94.0
-82.99999999999997
-89.0
-87.5
-124.5
-83.99999999999997
-136.5
-91.49999999999999
-144.0
-89.49999999999997
-85.99999999999999
-103.99999999999999
-93.49999999999999
-87.99999999999997
-79.99999999999997
-97.0
-89.0
-90.99999999999999
-90.49999999999999
-85.99999999999999
-86.49999999999999
-77.0
-88.99999999999999
-86.49999999999997
-83.49999999999999
-85.99999999999997
-162.0
-77.99999999999997
-81.0
-83.49999999999997
-72.5
-76.0
-88.99999999999997
-103.49999999999999
-91.99999999999999
-104.99999999999997
-134.99999999999997
-81.99999999999999
-180.49999999999997
-132.0
-160.0
-80.49999999999997
-500.0
-184.0
-186.0
-193.50000000000003
-409.0
-465.5
-174.5
-148.99999999999997
-120.0
-126.0
-98.0
-97.0
-128.5
-93.0
-95.5
-98.0
-100.99999999999997
-113.0
-89.5
-196.5
-82.5
-186.99999999999997
-85.5
-132.0
-91.99999999999997
-97.0
-145.0
-109.0
-178.0
-119.5
-83.99999999999999
-88.0
-83.99999999999997
-98.99999999999999
-108.5
-115.0
-92.0
-127.0
-93.49999999999997
-305.0
-80.99999999999997
-103.49999999999999
-135.5
-116.49999999999997
-123.49999999999997
-91.0
-95.0
-94.49999999999999
-103.0
-82.49999999999999
-89.99999999999997
-299.5
-92.99999999999997
-110.0
-288.5
-114.99999999999997
-79.99999999999997
-110.49999999999999
-87.49999999999999
-149.5
-101.0
-286.5
-91.5
-84.49999999999997
-76.0
-81.99999999999999
-78.99999999999997
-72.99999999999999
-81.49999999999999
-101.0
-86.49999999999999
-96.5
-79.99999999999997
-110.99999999999997
-83.49999999999999
-67.99999999999997
-91.49999999999997
-87.99999999999997
-81.0
-71.49999999999997
-79.99999999999997
-117.99999999999999
-78.99999999999999
-87.49999999999997
-100.99999999999999
-62.49999999999998
-76.49999999999999
-81.99999999999997
-92.5
-83.5
-83.99999999999999
-71.99999999999997
-69.49999999999997
-72.99999999999997
-75.99999999999999
-67.49999999999999
-73.49999999999997
-65.49999999999997
-80.99999999999997
-78.99999999999999
-281.0
-284.5
-81.99999999999999
-88.99999999999999
-78.99999999999999
-88.0
-76.99999999999997
-78.49999999999997
-91.99999999999997
-80.99999999999997
-103.0
-65.49999999999999
-79.99999999999997
-82.99999999999999
-83.49999999999997
-81.5
-79.49999999999997
-88.49999999999997
-70.49999999999999
-85.49999999999997
-73.0
-77.5
-77.5
-84.49999999999997
-83.49999999999999
-101.5
-79.49999999999997
-88.5
-81.99999999999999
-81.5
-77.99999999999999
-120.99999999999997
-96.0
-83.0
-163.0
-93.99999999999999
-140.0
-108.0
-82.49999999999997
-75.99999999999999
-91.49999999999999
-70.49999999999999
-78.49999999999999
-80.5
-88.49999999999999
-69.49999999999997
-106.99999999999999
-156.5
-88.99999999999997
-87.99999999999999
-82.99999999999997
-100.99999999999997
-88.49999999999997
-91.0
-116.49999999999997
-134.99999999999997
-108.49999999999999
-65.99999999999997
-500.0
-500.0
-500.0
-500.0
-500.0
-500.0
-500.0
-500.0
-500.0
-500.0
-500.0
-500.0
-500.0
-500.0
-500.0
-420.0
-371.5
-375.0
-360.99999999999994
-260.0
-301.5
-268.5
-234.5
-199.49999999999997
-209.0
-186.99999999999997
-237.00000000000003
-173.5
-207.5
-193.5
-207.5
-179.5
-164.49999999999997
-247.5
-165.5
-191.49999999999997
-231.5
-188.5
-170.5
-149.99999999999997
-176.0
-201.5
-170.0
-207.0
-155.0
-198.0
-218.5
-182.5
-182.49999999999997
-178.99999999999994
-163.5
-206.0
-168.5
-157.99999999999997
-162.5
-155.0
-176.99999999999997
-209.0
-145.5
-319.0
-154.99999999999997
-164.99999999999994
-233.0
-155.49999999999997
-146.99999999999997
-326.0
-249.99999999999994
-162.0
-177.0
-170.0
-152.0
-227.49999999999997
-186.49999999999997
-220.99999999999994
-213.5
-159.5
-370.5
-393.5
-480.0
-320.99999999999994
-500.0
-481.5
-247.0
-278.0
-214.0
-179.99999999999994
-230.5
-250.5
-268.5
-221.0
-202.5
-225.0
-231.00000000000003
-214.0
-258.0
-281.0
-221.5
-196.0
-208.5
-169.5
-187.99999999999997
-214.5
-223.49999999999997
-228.5
-195.49999999999997
-155.49999999999997
-192.0
-174.99999999999997
-246.5
-149.0
-207.0
-216.00000000000003
-212.5
-196.0
-186.5
-188.5
-205.0
-234.5
-405.0
-261.0
-222.49999999999997
-246.5
-144.5
-164.0
-164.0
-153.0
-149.49999999999997
-207.0
-197.5
-161.99999999999997
-151.5
-137.0
-118.99999999999997
-195.49999999999997
-240.99999999999994
-146.0
-448.5
-209.5
-219.49999999999997
-162.49999999999997
-173.49999999999997
-233.49999999999997
-157.5
-144.0
-168.5
-145.0
-128.5
-173.0
-144.0
-137.0
-127.5
-169.49999999999994
-196.00000000000003
-155.0
-154.0
-129.49999999999997
-127.49999999999997
-157.5
-135.0
-144.49999999999997
-124.0
-198.0
-126.0
-137.99999999999997
-138.5
-167.99999999999997
-117.5
-144.99999999999997
-158.99999999999994
-133.5
-111.5
-144.5
-114.5
-126.5
-134.5
-112.0
-138.0
-110.0
-103.49999999999999
-137.99999999999997
-158.99999999999997
-89.49999999999997
-108.99999999999999
-118.5
-103.0
-137.0
-142.0
-120.49999999999999
-139.5
-116.50000000000001
-190.5
-317.0
-121.5
-151.0
-206.99999999999997
-153.99999999999997
-126.49999999999999
-155.49999999999997
-176.0
-147.0
-164.99999999999997
-130.0
-117.00000000000001
-135.0
-500.0
-173.5
-182.99999999999997
-206.5
-156.99999999999997
-176.0
-212.99999999999997
-207.99999999999997
-169.0
-177.99999999999997
-170.0
-319.0
-160.49999999999997
-141.5
-174.0
-162.5
-144.0
-197.50000000000003
-149.0
-170.0
-174.0
-153.99999999999994
-125.0
-228.99999999999994
-165.49999999999997
-172.5
-207.5
-148.5
-158.5
-153.49999999999997
-158.0
-172.99999999999997
-141.0
-189.5
-124.0
-123.00000000000003
-258.5
-161.0
-162.49999999999997
-188.5
-197.00000000000003
-151.49999999999997
-159.5
-136.99999999999997
-165.0
-126.5
-137.0
-213.5
-143.0
-146.99999999999997
-231.49999999999997
-150.0
-190.0
-134.5
-113.0
-121.99999999999999
-111.0
-120.5
-123.5
-120.5
-121.99999999999999
-127.99999999999999
-95.99999999999997
-96.5
-130.99999999999997
-113.5
-127.0
-117.00000000000001
-106.0
-103.99999999999999
-105.5
-124.50000000000003
-117.5
-95.99999999999997
-113.00000000000001
-116.99999999999999
-137.5
-109.49999999999999
-114.5
-96.49999999999997
-107.5
-129.5
-112.5
-132.49999999999997
-207.0
-105.49999999999997
-109.5
-96.99999999999999
-113.5
-100.99999999999999
-93.99999999999999
-122.5
-97.99999999999999
-117.5
-119.0
-86.49999999999999
-113.5
-102.5
-91.0
-122.00000000000001
-114.0
-96.0
-96.5
-123.99999999999999
-103.49999999999999
-121.99999999999999
-107.0
-116.5
-97.99999999999999
-102.0
-106.5
-119.5
-110.99999999999997
-141.5
-113.49999999999999
-90.99999999999997
-125.0
-113.0
-102.5
-95.49999999999997
-86.0
-111.5
-92.49999999999997
-89.49999999999999
-98.0
-108.49999999999999
-92.49999999999997
-109.99999999999999
-154.0
-89.99999999999999
-90.0
-92.99999999999999
-97.49999999999999
-92.0
-167.5
-100.49999999999997
-104.5
-83.5
-111.5
-80.5
-164.0
-115.49999999999997
-98.49999999999999
-105.5
-89.99999999999999
-85.5
-114.5
-97.5
-98.99999999999999
-98.99999999999999
-121.0
-88.99999999999999
-130.49999999999997
-112.00000000000001
-127.49999999999999
-93.0
-98.0
-89.99999999999997
-94.49999999999999
-83.99999999999999
-86.0
-103.49999999999999
-92.5
-93.5
-154.00000000000003
-111.5
-120.0
-102.99999999999999
-93.99999999999999
-89.99999999999997
-116.49999999999997
-142.5
-98.49999999999999
-85.99999999999997
-148.5
-101.0
-98.0
-259.0
-100.0
-111.0
-91.5
-90.0
-94.49999999999999
-90.0
-87.99999999999997
-99.49999999999999
-103.49999999999999
-93.99999999999999
-98.99999999999999
-108.0
-109.99999999999997
-103.99999999999999
-128.99999999999997
-137.5
-88.49999999999997
-101.0
-101.0
-89.0
-91.0
-131.5
-95.0
-139.5
-96.5
-103.0
-85.0
-90.49999999999999
-96.99999999999997
-75.49999999999999
-72.5
-113.49999999999997
-79.49999999999997
-92.49999999999997
-101.99999999999997
-84.99999999999999
-84.99999999999997
-77.49999999999997
-89.49999999999997
-84.49999999999999
-71.5
-72.5
-76.99999999999997
-100.49999999999999
-76.99999999999997
-81.49999999999997
-83.49999999999997
-81.49999999999999
-67.5
-97.99999999999997
-77.49999999999997
-75.0
-140.0
-79.49999999999999
-88.49999999999997
-76.49999999999997
-95.5
-85.99999999999997
-88.49999999999997
-122.99999999999997
-81.49999999999999
-93.5
-75.99999999999999
-76.0
-69.99999999999997
-89.5
-85.99999999999999
-87.5
-77.49999999999997
-81.99999999999999
-81.49999999999999
-68.99999999999997
-72.49999999999997
-85.0
-84.5
-119.49999999999997
-65.99999999999999
-75.99999999999997
-65.99999999999997
-76.49999999999997
-77.99999999999997
-73.99999999999999
-95.99999999999997
-98.49999999999999
-146.0
-84.49999999999999
-98.0
-113.99999999999999
-88.0
-74.49999999999999
-89.49999999999999
-65.99999999999997
-74.99999999999999
-84.49999999999997
-156.5
-84.49999999999997
-89.99999999999997
-82.49999999999997
-75.99999999999997
-68.49999999999997
-86.49999999999999
-88.49999999999999
-86.99999999999999
-79.49999999999997
-82.99999999999997
-85.0
-69.99999999999999
-85.5
-71.49999999999997
-77.99999999999997
-115.49999999999999
-76.49999999999999
-79.99999999999997
-110.5
-84.49999999999999
-91.49999999999997
-87.99999999999997
-73.99999999999999
-72.99999999999999
-85.99999999999999
-94.49999999999997
-85.49999999999997
-102.0
-88.0
-99.5
-85.99999999999997
-104.99999999999997
-89.99999999999999
-140.49999999999997
-91.99999999999997
-69.99999999999999
-137.5
-85.5
-90.49999999999999
-75.49999999999999
-84.0
-90.5
-80.0
-81.49999999999999
-93.99999999999999
-81.99999999999999
-117.99999999999999
-93.0
-94.49999999999999
-112.0
-95.5
-115.99999999999997
-97.49999999999999
-95.5
-95.99999999999997
-78.99999999999997
-181.49999999999997
-88.99999999999997
-80.99999999999997
-77.49999999999997
-93.49999999999997
-95.0
-96.49999999999997
-90.5
-112.0
-112.49999999999997
-83.99999999999997
-86.99999999999997
-98.5
-83.99999999999997
-91.0
-76.99999999999997
-95.5
-75.49999999999997
-88.99999999999997
-81.49999999999999
-80.49999999999997
-122.99999999999999
-77.49999999999997
-87.0
-88.49999999999997
-130.49999999999997
-72.99999999999999
-97.49999999999997
-79.49999999999999
-94.49999999999999
-120.99999999999999
-88.0
-93.99999999999997
-81.99999999999999
-99.0
-110.5
-93.49999999999997
-118.49999999999999
-98.49999999999999
-121.99999999999999
-102.0
-106.5
-101.0
-87.99999999999997
-91.5
-81.99999999999999
-88.49999999999997
-87.49999999999999
-84.99999999999997
-78.0
-78.49999999999997
-82.99999999999997
-115.5
-111.49999999999997
-82.5
-95.49999999999997
-116.0
-85.5
-80.5
-97.0
-98.99999999999999
-79.99999999999997
-110.0
-113.00000000000001
-81.0
-160.5
-81.0
-87.99999999999997
-91.49999999999999
-84.5
-104.5
