-500.0
-500.0
-500.0
-500.0
-500.0
-500.0
-500.0
-500.0
-446.0
-500.0
-500.0
-500.0
-500.0
-500.0
-500.0
-500.0
-500.0
-500.0
-500.0
-418.5
-500.0
-357.0
-274.5
-311.5
-370.0
-306.0
-187.49999999999994
-224.5
-190.49999999999997
-206.0
-240.5
-420.99999999999994
-332.0
-189.5
-315.99999999999994
-226.49999999999994
-188.99999999999997
-200.99999999999997
-183.5
-363.0
-162.99999999999997
-123.0
-173.99999999999997
-254.0
-173.5
-486.5
-198.0
-357.5
-377.5
-277.0
-338.0
-257.5
-196.49999999999997
-270.5
-217.0
-203.5
-332.4999999999999
-482.5
-204.5
-238.49999999999997
-327.0
-175.5
-399.50000000000006
-278.99999999999994
-303.0
-234.5
-205.00000000000003
-249.5
-241.5
-167.49999999999994
-383.49999999999994
-256.5
-229.5
-209.5
-359.0
-184.0
-183.99999999999997
-384.0
-143.5
-210.0
-162.5
-174.49999999999997
-168.0
-162.99999999999997
-187.0
-403.5
-194.0
-143.99999999999997
-337.9999999999999
-210.99999999999997
-177.0
-174.0
-156.0
-347.5
-185.0
-179.5
-181.99999999999994
-174.00000000000003
-144.99999999999997
-127.0
-134.0
-149.0
-149.49999999999997
-152.5
-114.5
-178.5
-273.0
-393.5
-272.0
-187.0
-327.5
-389.0
-343.5
-225.99999999999994
-298.0
-330.99999999999994
-203.0
-342.0
-143.5
-245.49999999999997
-236.49999999999994
-152.5
-272.0
-217.0
-257.4999999999999
-246.49999999999997
-208.5
-178.49999999999994
-156.5
-129.5
-103.5
-169.49999999999994
-192.5
-203.0
-222.0
-192.5
-363.5
-483.00000000000006
-358.5
-151.49999999999997
-135.49999999999997
-136.5
-305.5
-111.50000000000001
-90.99999999999997
-136.0
-114.0
-114.5
-136.99999999999997
-111.5
-120.50000000000003
-113.49999999999999
-90.99999999999999
-106.5
-161.99999999999994
-119.49999999999997
-212.0
-140.0
-381.5
-153.99999999999997
-177.0
-395.0
-150.5
-138.5
-132.0
-177.99999999999997
-150.5
-135.0
-110.99999999999999
-259.5
-189.5
-296.0
-165.99999999999997
-152.49999999999997
-245.0
-204.5
-203.5
-181.0
-145.49999999999997
-159.5
-194.99999999999994
-134.5
-179.0
-129.0
-139.0
-190.0
-153.49999999999997
-181.5
-173.5
-111.50000000000001
-168.99999999999997
-178.49999999999994
-167.5
-197.99999999999997
-223.0
-172.99999999999997
-204.5
-328.0
-277.5
-188.5
-213.49999999999994
-150.49999999999997
-172.5
-129.0
-103.5
-157.99999999999997
-106.0
-115.00000000000003
-110.99999999999997
-81.0
-109.5
-90.99999999999999
-103.0
-287.5
-94.99999999999999
-87.5
-116.49999999999997
-86.99999999999997
-92.5
-95.0
-90.5
-77.49999999999997
-116.99999999999999
-88.0
-66.49999999999997
-71.99999999999999
-127.99999999999999
-105.5
-82.49999999999997
-83.99999999999999
-117.0
-86.49999999999997
-85.0
-110.5
-113.49999999999997
-123.5
-88.99999999999999
-93.99999999999999
-163.0
-91.49999999999999
-98.99999999999999
-81.99999999999999
-96.5
-88.0
-93.0
-94.99999999999999
-88.99999999999999
-144.99999999999997
-110.0
-102.0
-85.5
-90.99999999999999
-216.99999999999997
-158.0
-152.99999999999997
-131.5
-144.49999999999997
-143.0
-109.5
-117.0
-132.5
-121.99999999999999
-107.5
-119.0
-133.0
-176.5
-157.49999999999997
-123.99999999999999
-130.0
-159.5
-112.5
-90.49999999999997
-77.49999999999997
-86.49999999999999
-76.49999999999999
-500.0
-110.5
-90.0
-99.5
-85.49999999999997
-103.99999999999999
-101.5
-89.49999999999997
-89.5
-80.99999999999997
-79.99999999999997
-87.99999999999999
-91.99999999999999
-83.49999999999997
-128.0
-148.5
-102.99999999999999
-115.99999999999997
-86.99999999999997
-72.99999999999997
-63.499999999999986
-95.5
-103.99999999999999
-91.49999999999999
-100.0
-95.5
-101.5
-95.49999999999997
-99.5
-97.0
-95.5
-109.99999999999997
-100.5
-102.49999999999999
-123.49999999999999
-99.99999999999997
-97.0
-110.0
-122.99999999999997
-132.5
-73.49999999999999
-101.0
-87.0
-92.99999999999999
-124.49999999999999
-106.0
-86.49999999999999
-108.0
-114.0
-84.5
-100.5
-99.49999999999999
-84.99999999999997
-106.5
-125.5
-73.99999999999999
-95.99999999999997
-91.49999999999997
-84.49999999999997
-95.0
-90.5
-85.5
-128.0
-105.5
-95.99999999999997
-112.5
-95.99999999999997
-88.99999999999999
-92.99999999999999
-95.49999999999997
-99.5
-98.0
-112.49999999999997
-88.0
-158.0
-103.49999999999999
-107.99999999999999
-72.99999999999999
-125.99999999999999
-86.99999999999997
-82.49999999999997
-70.99999999999999
-93.5
-90.0
-91.49999999999999
-81.0
-82.5
-82.49999999999997
-73.99999999999999
-78.49999999999999
-70.99999999999999
-77.99999999999999
-87.49999999999997
-78.99999999999997
-116.49999999999997
-114.99999999999999
-116.5
-122.99999999999999
-136.0
-116.5
-87.49999999999997
-85.49999999999997
-89.99999999999999
-120.50000000000001
-129.0
-136.5
-114.49999999999999
-90.5
-97.99999999999997
-113.0
-110.0
-193.99999999999997
-146.5
-97.49999999999999
-111.49999999999997
-96.5
-83.49999999999997
-290.5
-95.0
-80.99999999999999
-145.99999999999997
-79.99999999999997
-76.99999999999997
-80.49999999999997
-102.0
-500.0
-500.0
-500.0
-500.0
-500.0
-500.0
-500.0
-500.0
-500.0
-500.0
-500.0
-500.0
-500.0
-500.0
-500.0
-500.0
-500.0
-500.0
-500.0
-95.99999999999997
-275.99999999999994
-255.5
-152.49999999999997
-195.49999999999997
-158.0
-313.5
-108.49999999999999
-192.99999999999997
-168.5
-160.99999999999994
-150.0
-351.0
-114.5
-161.5
-175.5
-174.0
-120.99999999999999
-140.0
-96.49999999999997
-117.99999999999999
-113.5
-118.5
-131.5
-109.0
-101.0
-141.5
-116.99999999999997
-124.99999999999997
-241.0
-88.99999999999999
-133.49999999999997
-99.49999999999999
-266.5
-101.5
-107.49999999999999
-107.49999999999999
-134.5
-165.0
-115.0
-203.5
-186.0
-102.5
-235.5
-134.0
-105.0
-209.5
-108.49999999999999
-130.0
-139.5
-128.5
-93.99999999999999
-135.0
-101.0
-118.99999999999999
-122.49999999999999
-113.5
-153.49999999999997
-172.49999999999994
-136.99999999999997
-151.49999999999997
-93.5
-95.49999999999999
-109.99999999999996
-107.0
-105.99999999999999
-134.5
-102.99999999999999
-119.5
-160.0
-99.49999999999999
-106.0
-190.0
-97.99999999999999
-117.5
-150.99999999999997
-94.0
-90.5
-90.49999999999997
-128.5
-106.5
-101.5
-107.5
-88.49999999999997
-89.0
-150.0
-102.5
-94.99999999999999
-84.5
-129.99999999999997
-118.0
-89.0
-118.00000000000001
-123.49999999999999
-96.5
-139.5
-114.5
-102.0
-136.99999999999994
-114.99999999999999
-92.5
-99.49999999999999
-73.49999999999999
-215.0
-84.5
-149.99999999999997
-103.99999999999999
-128.49999999999997
-107.5
-100.49999999999997
-96.49999999999997
-88.99999999999997
-77.49999999999997
-82.99999999999999
-92.5
-83.99999999999997
-83.99999999999999
-115.99999999999997
-98.49999999999999
-86.49999999999997
-91.49999999999999
-100.49999999999999
-88.99999999999997
-98.0
-105.0
-73.0
-109.49999999999997
-83.49999999999997
-84.49999999999997
-90.99999999999999
-65.49999999999997
-131.5
-93.0
-91.49999999999999
-103.0
-106.0
-94.49999999999999
-89.0
-86.99999999999999
-99.49999999999999
-111.99999999999997
-91.0
-88.49999999999997
-75.49999999999999
-115.5
-149.0
-139.5
-97.49999999999999
-108.5
-98.99999999999999
-84.49999999999997
-117.0
-90.49999999999997
-95.99999999999997
-97.5
-123.5
-107.49999999999997
-98.99999999999999
-90.49999999999999
-93.99999999999999
-180.5
-118.49999999999997
-95.49999999999997
-96.0
-102.0
-101.5
-78.0
-101.5
-122.99999999999999
-85.99999999999997
-140.5
-83.49999999999997
-91.99999999999997
-100.5
-87.49999999999999
-94.0
-104.49999999999999
-84.99999999999997
-101.5
-163.00000000000003
-82.99999999999999
-500.0
-234.0
-245.49999999999997
-309.49999999999994
-277.5
-394.5
-247.5
-221.0
-212.0
-218.0
-215.5
-163.0
-227.49999999999994
-199.5
-318.5
-209.00000000000003
-301.99999999999994
-235.49999999999997
-244.99999999999997
-177.5
-214.0
-220.5
-332.0
-322.5
-214.5
-254.5
-183.5
-181.5
-190.0
-165.0
-209.0
-146.5
-159.5
-165.0
-163.5
-197.0
-192.99999999999997
-167.49999999999997
-167.49999999999994
-269.0
-135.49999999999997
-155.99999999999997
-162.99999999999997
-312.0
-124.99999999999997
-192.5
-215.5
-153.99999999999997
-134.0
-128.5
-142.0
-164.5
-124.0
-134.0
-110.49999999999997
-133.5
-132.5
-109.49999999999999
-126.49999999999999
-126.0
-115.99999999999997
-136.5
-120.50000000000003
-94.49999999999999
-111.99999999999997
-92.0
-113.0
-97.0
-98.5
-92.0
-93.5
-91.49999999999999
-82.49999999999997
-103.49999999999999
-116.0
-113.99999999999997
-107.00000000000001
-97.0
-88.99999999999999
-102.0
-98.5
-129.0
-119.5
-122.0
-63.99999999999999
-107.5
-101.0
-119.99999999999997
-193.0
-113.49999999999999
-108.0
-95.0
-83.99999999999999
-139.49999999999997
-93.0
-107.0
-98.49999999999999
-108.0
-94.99999999999997
-87.49999999999997
-106.0
-93.99999999999999
-104.0
-116.49999999999997
-121.49999999999999
-86.99999999999999
-112.0
-122.99999999999997
-115.49999999999999
-310.5
-96.0
-97.0
-123.49999999999997
-126.49999999999997
-100.5
-101.0
-105.0
-88.49999999999997
-100.49999999999997
-79.49999999999999
-99.0
-88.99999999999997
-97.0
-69.99999999999997
-141.99999999999997
-108.5
-90.0
-297.5
-88.0
-72.0
-102.0
-113.5
-85.5
-96.5
-91.49999999999997
-179.5
-92.99999999999997
-93.49999999999999
-75.0
-102.5
-153.5
-84.0
-70.99999999999999
-77.0
-86.49999999999999
-72.0
-98.5
-80.99999999999999
-66.99999999999999
-98.5
-77.99999999999997
-129.99999999999997
-88.99999999999997
-66.99999999999999
-86.49999999999999
-89.99999999999997
-81.99999999999997
-88.99999999999999
-113.0
-74.99999999999997
-109.99999999999997
-99.0
-103.99999999999999
-88.5
-111.50000000000001
-127.49999999999999
-102.5
-80.5
-113.99999999999999
-112.49999999999999
-111.5
-162.0
-95.49999999999997
-112.0
-130.0
-89.0
-112.0
-124.0
-120.0
-85.0
-97.49999999999997
-107.5
-117.49999999999997
-97.5
-129.5
-103.99999999999999
-96.99999999999997
-93.99999999999999
-92.49999999999999
-78.49999999999999
-217.0
-82.5
-140.99999999999997
-92.0
-91.49999999999999
-86.99999999999999
-109.5
-93.49999999999999
-117.5
-108.99999999999999
-500.0
-500.0
-500.0
-500.0
-189.5
-284.5
-221.0
-184.99999999999997
-169.99999999999997
-166.5
-199.99999999999997
-180.0
-242.49999999999994
-207.0
-220.0
-232.00000000000003
-206.0
-157.5
-500.0
-272.0
-217.5
-264.0
-186.49999999999997
-279.5
-217.0
-210.5
-226.5
-227.5
-143.49999999999997
-126.0
-183.0
-119.5
-238.99999999999994
-194.5
-177.5
-122.49999999999999
-133.5
-134.5
-145.0
-132.5
-136.5
-110.5
-129.5
-97.99999999999999
-83.0
-95.49999999999999
-84.49999999999997
-85.0
-89.99999999999997
-71.49999999999999
-94.0
-107.0
-76.99999999999997
-89.49999999999999
-91.49999999999999
-96.99999999999999
-98.5
-97.49999999999997
-109.99999999999997
-80.99999999999997
-101.5
-111.49999999999997
-89.49999999999997
-92.0
-113.99999999999999
-112.00000000000001
-88.0
-118.0
-81.0
-77.99999999999999
-78.49999999999999
-129.0
-80.99999999999997
-93.0
-85.49999999999997
-83.99999999999999
-92.99999999999997
-90.99999999999999
-84.5
-95.0
-80.5
-128.99999999999997
-122.0
-113.0
-119.49999999999999
-106.5
-102.99999999999999
-129.5
-89.5
-93.0
-96.0
-97.5
-80.49999999999997
-112.5
-83.99999999999997
-102.0
-83.99999999999999
-82.49999999999999
-86.99999999999999
-113.99999999999997
-121.50000000000001
-183.49999999999997
-73.49999999999999
-101.0
-96.99999999999999
-82.49999999999999
-80.99999999999999
-88.99999999999997
-85.49999999999999
-86.49999999999999
-102.5
-102.0
-83.99999999999999
-137.99999999999997
-88.99999999999999
-72.49999999999997
-105.0
-100.5
-139.49999999999997
-94.49999999999999
-159.5
-93.99999999999999
-75.49999999999999
-108.49999999999999
-92.99999999999997
-88.49999999999999
-77.0
-86.99999999999999
-90.99999999999997
-90.0
-105.0
-73.49999999999997
-94.99999999999997
-88.49999999999999
-86.99999999999999
-86.49999999999999
-96.0
-96.5
-93.0
-92.99999999999997
-95.5
-91.99999999999999
-85.99999999999999
-92.99999999999997
-90.5
-83.99999999999997
-83.0
-98.0
-94.49999999999999
-117.49999999999999
-83.99999999999999
-91.49999999999999
-92.99999999999999
-99.49999999999999
-100.5
-88.0
-94.0
-113.99999999999997
-105.0
-99.99999999999999
-121.0
-109.99999999999997
-115.50000000000001
-96.49999999999999
-108.49999999999999
-100.49999999999997
-82.0
-87.49999999999999
-127.99999999999997
-87.99999999999997
-104.49999999999997
-91.99999999999997
-81.5
-85.0
-81.49999999999997
-81.99999999999997
-80.49999999999997
-79.99999999999999
-76.49999999999997
-86.49999999999999
-121.5
-79.99999999999999
-89.0
-96.49999999999997
-104.49999999999999
-77.99999999999997
-110.0
-192.0
-104.0
-93.49999999999997
-77.99999999999999
-85.99999999999997
-74.49999999999997
-289.5
-77.49999999999997
-71.99999999999997
-79.49999999999997
-71.5
-77.99999999999997
-72.99999999999997
-500.0
-500.0
-500.0
-500.0
-500.0
-500.0
-500.0
-446.00000000000006
-454.0
-189.5
-235.99999999999997
-328.5
-172.5
-154.99999999999997
-179.99999999999997
-172.99999999999997
-199.0
-122.49999999999999
-143.49999999999997
-145.5
-131.49999999999997
-134.5
-223.5
-125.0
-121.50000000000001
-160.0
-132.49999999999997
-191.49999999999997
-113.49999999999999
-108.49999999999999
-100.5
-204.0
-120.0
-111.0
-223.49999999999997
-125.5
-124.5
-121.0
-99.99999999999997
-115.99999999999997
-82.49999999999999
-174.0
-104.49999999999999
-114.0
-100.5
-153.5
-82.99999999999997
-84.49999999999999
-118.49999999999999
-87.99999999999997
-115.0
-111.0
-92.0
-137.99999999999997
-118.49999999999997
-125.5
-108.5
-97.99999999999999
-157.5
-107.0
-122.99999999999999
-132.0
-149.0
-91.99999999999997
-100.49999999999999
-99.5
-131.0
-116.49999999999997
-100.99999999999997
-136.0
-90.49999999999997
-103.5
-88.49999999999997
-204.0
-86.49999999999999
-149.99999999999997
-85.99999999999999
-103.0
-115.5
-80.49999999999997
-122.99999999999999
-131.5
-309.0
-106.5
-98.99999999999999
-119.99999999999997
-139.0
-122.0
-160.99999999999994
-120.99999999999997
-170.99999999999997
-117.5
-133.49999999999997
-127.49999999999999
-99.49999999999997
-131.49999999999997
-114.0
-114.0
-93.0
-111.0
-123.99999999999997
-112.0
-104.0
-131.0
-121.99999999999999
-116.49999999999997
-99.99999999999997
-116.00000000000001
-107.50000000000001
-98.0
-94.49999999999999
-107.49999999999999
-89.0
-77.99999999999997
-99.99999999999997
-86.49999999999999
-94.49999999999999
-82.5
-296.5
-93.99999999999997
-148.49999999999997
-100.49999999999997
-94.49999999999999
-116.5
-179.0
-92.5
-97.5
-108.99999999999997
-90.49999999999997
-87.99999999999997
-89.5
-96.5
-83.49999999999997
-86.49999999999999
-78.0
-86.49999999999999
-88.0
-78.49999999999999
-117.0
-76.49999999999999
-109.49999999999997
-79.49999999999999
-85.99999999999997
-96.0
-117.99999999999999
-130.5
-97.0
-138.0
-106.0
-115.50000000000001
-103.5
-116.5
-133.5
-123.99999999999997
-103.5
-101.5
-126.5
-116.00000000000001
-100.5
-140.99999999999997
-205.49999999999997
-110.5
-96.0
-91.5
-151.0
-140.0
-116.5
-107.5
-99.99999999999999
-96.49999999999997
-101.0
-138.5
-109.5
-141.99999999999997
-120.50000000000003
-103.49999999999999
-192.49999999999997
-98.49999999999999
-90.99999999999997
-97.99999999999999
-85.99999999999999
-94.0
-91.5
-102.0
-95.49999999999997
-94.49999999999999
-100.5
-98.5
-91.99999999999999
-97.49999999999997
-82.0
-110.49999999999997
-73.99999999999999
-129.5
-92.99999999999997
-151.5
-96.49999999999997
-132.0
-152.0
-128.49999999999997
-500.0
-500.0
-294.0
-313.0
-213.5
-198.5
-217.0
-165.0
-112.5
-142.0
-138.49999999999997
-149.99999999999997
-153.0
-116.49999999999997
-117.99999999999997
-145.0
-180.00000000000006
-120.0
-149.49999999999997
-172.5
-154.49999999999997
-144.0
-156.0
-150.5
-132.5
-117.5
-144.49999999999997
-120.00000000000001
-146.49999999999997
-132.0
-128.0
-134.0
-142.99999999999997
-138.0
-101.5
-101.0
-121.49999999999997
-94.99999999999999
-97.99999999999999
-95.49999999999997
-143.5
-99.49999999999999
-120.5
-130.0
-129.49999999999997
-307.50000000000006
-118.5
-99.49999999999999
-109.0
-110.0
-111.5
-120.5
-97.99999999999999
-112.0
-95.49999999999997
-109.49999999999999
-128.0
-93.0
-133.5
-122.0
-104.49999999999999
-131.5
-107.5
-102.99999999999999
-97.99999999999999
-93.99999999999999
-101.99999999999997
-98.99999999999999
-96.99999999999997
-94.49999999999997
-98.99999999999999
-91.99999999999997
-88.5
-74.99999999999997
-110.99999999999997
-81.49999999999999
-105.0
-123.49999999999997
-86.99999999999999
-109.99999999999999
-83.49999999999997
-87.99999999999997
-74.99999999999999
-97.0
-110.5
-92.5
-83.99999999999999
-85.0
-99.49999999999999
-95.99999999999999
-85.5
-129.49999999999997
-123.5
-118.0
-124.5
-150.0
-117.5
-114.99999999999997
-126.5
-111.5
-178.99999999999997
-127.5
-353.5
-300.5
-295.5
-148.49999999999997
-319.0
-103.49999999999999
-79.99999999999999
-86.49999999999999
-89.99999999999997
-93.49999999999997
-82.0
-78.5
-85.49999999999999
-79.5
-70.49999999999997
-106.0
-89.0
-101.49999999999999
-86.49999999999999
-90.5
-83.99999999999997
-77.99999999999997
-93.5
-89.49999999999999
-82.49999999999999
-97.0
-73.99999999999997
-68.99999999999999
-88.99999999999997
-81.99999999999997
-90.49999999999997
-74.49999999999999
-74.99999999999997
-75.5
-90.49999999999997
-74.49999999999999
-73.99999999999999
-116.0
-90.49999999999999
-85.49999999999997
-285.5
-81.99999999999997
-77.49999999999999
-78.5
-79.99999999999999
-106.5
-77.49999999999999
-83.49999999999997
-85.0
-180.49999999999994
-96.0
-88.49999999999997
-83.49999999999999
-81.49999999999999
-108.00000000000001
-81.49999999999997
-87.99999999999997
-68.99999999999999
-102.0
-90.0
-79.99999999999997
-93.5
-90.99999999999999
-82.99999999999997
-98.5
-78.49999999999999
-95.0
-85.49999999999999
-500.0
-101.0
-95.0
-73.99999999999999
-118.99999999999999
-86.49999999999999
-84.99999999999997
-89.49999999999997
-76.49999999999997
-75.99999999999997
-79.49999999999997
-76.49999999999997
-73.49999999999997
-74.99999999999999
-81.99999999999999
-93.49999999999999
-84.99999999999997
-81.49999999999999
-91.49999999999999
-88.99999999999999
-73.99999999999997
-80.99999999999997
-68.99999999999999
-86.99999999999997
-116.49999999999997
-74.49999999999999
-84.49999999999997
-84.5
-70.49999999999999
-75.49999999999997
-111.5
-117.5
-117.5
-100.99999999999997
-122.49999999999999
-119.49999999999999
-117.5
-116.49999999999997
-105.0
-130.5
-121.00000000000001
-117.0
-500.0
-204.5
-127.0
-126.49999999999999
-113.99999999999999
-102.0
-125.0
-141.5
-103.99999999999999
-103.0
-120.00000000000001
-104.5
-98.49999999999999
-128.5
-113.0
-113.5
-117.0
-155.0
-103.99999999999999
-144.99999999999997
-88.5
-102.49999999999999
-99.5
-156.5
-102.0
-98.49999999999999
-88.99999999999999
-171.0
-105.49999999999999
-83.0
-90.5
-94.99999999999999
-94.0
-90.5
-92.0
-92.49999999999997
-91.49999999999999
-100.49999999999999
-90.5
-140.0
-108.00000000000001
-95.99999999999999
-96.0
-81.0
-87.0
-90.49999999999997
-88.99999999999997
-71.99999999999997
-137.49999999999997
-73.99999999999997
-149.5
-72.99999999999997
-106.5
-112.49999999999997
-94.5
-88.49999999999997
-83.49999999999999
-80.49999999999997
-124.5
-78.99999999999999
-133.5
-106.5
-114.5
-135.0
-160.0
-94.49999999999999
-122.99999999999999
-122.49999999999997
-120.99999999999999
-100.5
-115.49999999999999
-109.0
-109.99999999999999
-93.99999999999999
-99.49999999999999
-82.5
-99.49999999999999
-90.99999999999997
-121.99999999999997
-88.99999999999999
-201.0
-113.0
-101.0
-99.49999999999997
-87.49999999999999
-83.99999999999999
-121.99999999999999
-102.5
-111.00000000000001
-110.0
-132.0
-90.99999999999999
-85.5
-90.99999999999997
-112.0
-85.99999999999999
-98.49999999999999
-90.5
-89.99999999999999
-113.5
-104.5
-185.49999999999997
-72.49999999999997
-103.49999999999999
-80.0
-109.99999999999997
-91.49999999999999
-113.5
-102.5
-110.5
-95.49999999999997
-106.5
-98.49999999999999
-98.99999999999999
-78.99999999999999
-88.0
-82.49999999999999
-85.99999999999997
-294.5
-89.99999999999999
-77.99999999999997
-93.5
-83.49999999999997
-123.99999999999997
-82.49999999999999
-100.49999999999997
-217.99999999999994
-78.5
-89.5
-110.5
-106.0
-96.0
-106.5
-91.49999999999999
-82.49999999999997
-133.0
-104.0
-79.49999999999999
-86.99999999999999
-78.99999999999999
-78.99999999999999
-86.0
-82.5
-83.99999999999999
-84.0
-84.49999999999997
-132.0
-102.99999999999999
-96.5
-97.5
-101.5
-95.0
-96.0
-92.5
-88.49999999999997
-84.0
-79.49999999999999
-89.49999999999999
-90.0
-95.0
-90.49999999999999
-96.49999999999999
-79.49999999999997
-93.99999999999997
-95.99999999999999
-86.49999999999999
-90.0
-85.99999999999997
-92.0
-86.49999999999999
-90.99999999999997
-80.49999999999997
-92.99999999999999
-90.49999999999997
-89.5
-96.99999999999999
-96.5
-126.5
-84.49999999999997
-88.0
-100.0
-90.0
-79.49999999999999
-88.49999999999997
-97.49999999999999
-126.49999999999997
-98.5
-87.99999999999997
-500.0
-500.0
-500.0
-500.0
-500.0
-493.5
-500.0
-462.0
-497.5
-283.5
-195.0
-127.99999999999997
-107.00000000000001
-121.5
-126.49999999999999
-111.5
-86.49999999999999
-116.49999999999997
-85.5
-81.49999999999999
-104.0
-105.0
-86.99999999999999
-86.49999999999999
-86.99999999999999
-106.99999999999999
-115.99999999999997
-76.99999999999997
-85.0
-102.99999999999999
-87.49999999999997
-110.5
-85.0
-78.99999999999999
-102.5
-94.0
-87.99999999999997
-84.5
-98.49999999999999
-87.49999999999997
-95.5
-87.99999999999997
-89.5
-82.99999999999997
-119.5
-94.0
-102.99999999999997
-101.5
-102.5
-80.99999999999999
-79.99999999999997
-92.49999999999997
-89.0
-82.99999999999997
-110.0
-108.5
-87.49999999999999
-81.0
-107.0
-79.49999999999997
-86.49999999999999
-95.5
-73.99999999999999
-83.99999999999999
-85.99999999999999
-80.99999999999997
-95.0
-73.0
-77.5
-118.99999999999997
-168.5
-93.5
-88.99999999999999
-114.0
-110.5
-129.99999999999997
-108.5
-92.5
-88.49999999999997
-92.49999999999997
-91.99999999999999
-80.5
-102.0
-87.99999999999997
-107.0
-85.49999999999997
-87.5
-91.49999999999999
-80.5
-100.5
-93.99999999999999
-93.49999999999999
-82.0
-90.99999999999999
-75.99999999999997
-82.99999999999997
-88.5
-104.99999999999997
-81.49999999999997
-94.0
-92.0
-86.49999999999999
-75.49999999999997
-102.5
-121.5
-81.99999999999999
-78.99999999999999
-116.99999999999997
-163.0
-88.49999999999997
-92.5
-100.49999999999997
-92.49999999999999
-79.99999999999999
-105.49999999999997
-75.5
-101.5
-90.99999999999997
-101.5
-104.49999999999999
-89.99999999999997
-80.99999999999999
-80.49999999999997
-93.99999999999999
-91.99999999999997
-81.5
-111.99999999999997
-83.99999999999999
-160.0
-83.49999999999999
-103.99999999999999
-115.0
-88.49999999999999
-92.99999999999997
-87.49999999999997
-98.99999999999999
-82.49999999999999
-91.99999999999997
-72.99999999999999
-95.49999999999997
-90.49999999999997
-79.49999999999999
-137.5
-84.49999999999997
-116.99999999999999
-89.0
-72.5
-82.0
-93.49999999999999
-92.99999999999997
-99.5
-73.0
-91.49999999999997
-92.49999999999997
-82.49999999999999
-78.0
-76.99999999999999
-100.5
-93.0
-78.99999999999999
-88.49999999999997
-79.99999999999997
-84.5
-85.0
-101.99999999999997
-67.5
-83.99999999999999
-97.99999999999999
-67.99999999999997
-142.0
-84.49999999999997
-98.0
-88.99999999999997
-93.0
-88.49999999999997
-86.49999999999999
-96.5
-95.5
-88.49999999999997
-94.49999999999999
-78.99999999999999
-83.99999999999999
-78.99999999999997
-77.99999999999999
-92.49999999999997
-81.0
-90.49999999999997
-81.49999999999999
-94.0
-85.99999999999999
-87.5
-92.49999999999997
-78.99999999999999
-86.49999999999999
-92.5
-81.49999999999999
-91.99999999999997
-88.49999999999997
-95.49999999999999
-99.5
-74.99999999999999
-102.5
-97.0
-102.99999999999999
-144.5
-181.5
-105.5
-98.0
-96.99999999999997
-101.5
-78.99999999999999
-132.0
-119.99999999999997
-90.0
-92.49999999999999
-109.5
-92.99999999999997
-79.99999999999997
-82.49999999999997
-93.5
-105.49999999999997
-90.5
-86.49999999999999
-96.5
-88.99999999999997
-103.99999999999999
-86.99999999999999
-85.5
-94.99999999999999
-87.5
-101.0
-95.5
-110.99999999999997
-94.49999999999999
-120.0
-141.0
-78.99999999999997
-86.99999999999997
-104.5
-78.49999999999997
-97.5
-96.49999999999997
-84.49999999999997
-81.99999999999999
-86.0
-87.99999999999997
-78.5
-92.5
-115.50000000000003
-86.99999999999997
-81.49999999999997
-105.99999999999997
-89.5
-103.0
-82.99999999999999
-93.99999999999999
-103.0
-121.50000000000001
-96.99999999999997
-89.5
-179.5
-134.5
-73.49999999999999
-82.5
-81.99999999999999
-110.0
-126.49999999999999
-102.5
-104.49999999999999
-121.99999999999999
-109.0
-99.99999999999997
-141.49999999999994
-94.49999999999997
-107.5
-109.49999999999999
-98.99999999999999
-105.5
-110.99999999999997
-97.0
-100.49999999999997
-101.0
-94.5
-83.49999999999999
-91.99999999999997
-97.0
-105.5
-127.49999999999999
-118.49999999999999
-107.5
-128.49999999999997
-124.0
-107.0
-105.0
-125.49999999999999
-99.5
-122.49999999999997
-95.49999999999997
-116.49999999999997
-192.49999999999997
-91.49999999999999
-139.0
-100.5
-107.5
-83.99999999999999
-156.5
-111.0
-160.5
-115.0
-115.49999999999997
-118.49999999999999
-94.49999999999999
-113.99999999999999
-95.5
-123.0
-127.49999999999999
-94.99999999999997
-97.5
-126.5
-99.99999999999997
-94.5
-85.5
-104.99999999999999
-87.49999999999999
-93.5
-89.49999999999999
-91.0
-82.49999999999997
-98.5
-94.49999999999999
-79.99999999999999
-100.0
-117.99999999999999
-75.49999999999997
-123.5
-123.99999999999997
-111.5
-103.00000000000001
-135.0
-100.5
-116.0
-145.5
-94.49999999999997
-182.0
-89.49999999999999
-124.99999999999999
-108.99999999999999
-112.99999999999997
-92.99999999999999
-87.99999999999997
-94.99999999999999
-104.49999999999999
-101.0
-100.5
-99.0
-84.49999999999997
-85.99999999999997
-93.0
-115.0
-77.0
-83.49999999999999
-98.5
-81.5
-88.0
-93.5
-123.99999999999997
-100.99999999999997
-77.0
-109.99999999999997
-99.49999999999997
-87.49999999999999
-77.49999999999997
-89.49999999999999
-86.99999999999997
-106.5
-96.49999999999999
-89.5
-102.5
-85.0
-148.5
-110.5
-99.5
-81.99999999999999
-76.49999999999997
-76.49999999999999
-86.99999999999999
-80.49999999999997
-88.49999999999997
-73.99999999999997
-81.49999999999999
-71.99999999999997
-112.99999999999997
-129.0
-94.49999999999999
-151.49999999999997
-78.0
-114.0
-72.5
-111.50000000000001
-93.49999999999999
