-200.0
-200.0
-200.0
-200.0
-200.0
-200.0
-200.0
-200.0
-200.0
-200.0
-200.0
-200.0
-200.0
-200.0
-200.0
-200.0
-200.0
-200.0
-200.0
-200.0
-200.0
-200.0
-200.0
-200.0
-200.0
-200.0
-200.0
-200.0
-200.0
-200.0
-200.0
-200.0
-200.0
-200.0
-200.0
-200.0
-200.0
-200.0
-200.0
-200.0
-200.0
-200.0
-200.0
-200.0
-200.0
-200.0
-200.0
-200.0
-200.0
-200.0
-200.0
-200.0
-200.0
-200.0
-200.0
-200.0
-200.0
-200.0
-200.0
-200.0
-200.0
-200.0
-200.0
-200.0
-200.0
-200.0
-200.0
-200.0
-200.0
-200.0
-200.0
-200.0
-200.0
-200.0
-200.0
-200.0
-200.0
-200.0
-200.0
-200.0
-200.0
-200.0
-200.0
-200.0
-200.0
-200.0
-200.0
-200.0
-200.0
-200.0
-200.0
-200.0
-200.0
-200.0
-200.0
-200.0
-200.0
-200.0
-200.0
-200.0
-200.0
-200.0
-200.0
-200.0
-200.0
-200.0
-200.0
-200.0
-200.0
-200.0
-200.0
-200.0
-200.0
-200.0
-200.0
-200.0
-200.0
-200.0
-200.0
-200.0
-200.0
-200.0
-200.0
-200.0
-200.0
-200.0
-200.0
-200.0
-200.0
-200.0
-200.0
-200.0
-200.0
-200.0
-200.0
-200.0
-200.0
-200.0
-200.0
-200.0
-200.0
-200.0
-200.0
-200.0
-200.0
-200.0
-200.0
-200.0
-200.0
-200.0
-200.0
-200.0
-200.0
-200.0
-200.0
-200.0
-200.0
-200.0
-200.0
-200.0
-200.0
-200.0
-200.0
-200.0
-200.0
-200.0
-200.0
-200.0
-200.0
-200.0
-200.0
-200.0
-192.0
-200.0
-200.0
-200.0
-200.0
-200.0
-200.0
-200.0
-200.0
-200.0
-200.0
-200.0
-200.0
-200.0
-200.0
-200.0
-200.0
-200.0
-200.0
-200.0
-200.0
-200.0
-200.0
-200.0
-200.0
-200.0
-200.0
-200.0
-200.0
-200.0
-180.5
-200.0
-167.5
-192.5
-200.0
-200.0
-185.5
-200.0
-200.0
-200.0
-189.0
-181.99999999999997
-180.0
-194.0
-172.99999999999997
-173.49999999999994
-155.49999999999997
-162.99999999999997
-185.0
-145.5
-161.0
-128.5
-153.5
-159.5
-121.5
-125.5
-151.0
-137.5
-125.0
-136.5
-118.0
-134.5
-123.99999999999997
-141.0
-195.0
-115.5
-148.49999999999997
-167.49999999999997
-200.0
-176.0
-175.0
-200.0
-190.49999999999997
-161.49999999999997
-194.0
-198.49999999999997
-196.5
-181.49999999999997
-198.0
-195.0
-175.0
-137.0
-140.5
-117.0
-136.5
-159.49999999999997
-117.5
-161.5
-117.5
-152.5
-117.0
-145.5
-161.0
-178.5
-163.99999999999994
-200.0
-166.5
-200.0
-200.0
-138.0
-161.5
-200.0
-126.0
-165.5
-125.5
-200.0
-127.0
-180.5
-177.49999999999994
-182.99999999999997
-182.5
-163.5
-166.0
-158.49999999999997
-156.5
-143.99999999999997
-152.0
-176.99999999999997
-121.99999999999997
-118.5
-156.0
-157.5
-132.5
-115.5
-157.99999999999997
-135.0
-150.49999999999997
-183.99999999999997
-182.99999999999997
-174.0
-174.0
-166.49999999999994
-175.0
-152.0
-178.5
-194.5
-200.0
-200.0
-173.0
-134.0
-159.99999999999997
-128.5
-127.0
-141.5
-114.0
-190.99999999999997
-200.0
-200.0
-194.0
-190.49999999999997
-200.0
-200.0
-200.0
-195.0
-148.99999999999997
-178.49999999999997
-191.5
-200.0
-190.5
-158.5
-178.99999999999997
-168.49999999999994
-155.49999999999997
-168.5
-159.99999999999994
-188.99999999999994
-173.5
-172.5
-129.0
-155.0
-191.5
-200.0
-200.0
-200.0
-200.0
-200.0
-200.0
-200.0
-199.0
-198.49999999999997
-198.49999999999997
-198.49999999999997
-199.0
-200.0
-200.0
-200.0
-162.5
-165.5
-200.0
-200.0
-200.0
-200.0
-200.0
-199.5
-200.0
-200.0
-182.5
-179.5
-142.49999999999997
-200.0
-158.5
-200.0
-144.0
-200.0
-200.0
-200.0
-179.5
-200.0
-200.0
-200.0
-184.5
-200.0
-185.99999999999997
-183.0
-199.0
-181.49999999999994
-166.99999999999997
-144.99999999999997
-168.5
-147.5
-113.0
-139.5
-151.0
-156.0
-200.0
-112.0
-168.0
-153.49999999999994
-171.5
-193.49999999999997
-156.5
-139.5
-124.0
-154.49999999999994
-192.0
-183.49999999999997
-149.0
-100.5
-165.99999999999997
-165.0
-160.49999999999997
-150.49999999999997
-175.0
-196.0
-178.0
-178.0
-152.0
-149.99999999999997
-176.5
-174.5
-200.0
-144.99999999999997
-146.99999999999997
-148.49999999999997
-177.99999999999997
-150.99999999999997
-137.99999999999997
-164.49999999999994
-167.0
-170.0
-175.49999999999997
-159.99999999999997
-169.0
-138.0
-160.99999999999994
-157.5
-143.5
-140.99999999999994
-156.49999999999994
-174.99999999999994
-154.99999999999994
-159.49999999999994
-162.99999999999997
-140.49999999999997
-139.99999999999997
-144.49999999999994
-142.49999999999997
-139.49999999999997
-140.99999999999994
-142.99999999999997
-140.49999999999997
-137.5
-138.0
-135.5
-135.49999999999997
-155.0
-139.5
-129.0
-171.49999999999994
-169.0
-142.99999999999997
-177.99999999999997
-150.49999999999997
-144.49999999999994
-144.5
-200.0
-200.0
-200.0
-200.0
-200.0
-200.0
-200.0
-187.99999999999997
-200.0
-200.0
-200.0
-172.99999999999997
-161.5
-159.99999999999997
-171.99999999999994
-183.0
-168.49999999999994
-181.5
-164.49999999999997
-170.49999999999997
-200.0
-200.0
-200.0
-200.0
-200.0
-192.5
-196.5
-190.49999999999997
-168.49999999999994
-200.0
-182.0
-161.99999999999997
-177.99999999999997
-181.0
-180.49999999999997
-159.49999999999997
-158.99999999999997
-160.5
-160.0
-156.5
-148.49999999999997
-157.99999999999997
-152.0
-146.99999999999997
-151.5
-148.5
-173.49999999999997
-164.5
-130.0
-170.5
-150.5
-141.99999999999997
-142.5
-157.99999999999997
-120.00000000000001
-171.99999999999997
-169.49999999999997
-137.49999999999997
-158.99999999999997
-159.0
-199.5
-180.5
-200.0
-200.0
-162.99999999999997
-183.49999999999997
-200.0
-164.99999999999997
-200.0
-200.0
-196.0
-166.49999999999994
-200.0
-187.5
-171.99999999999997
-192.0
-190.99999999999997
-182.5
-200.0
-156.49999999999997
-169.49999999999997
-189.49999999999994
-167.99999999999997
-196.5
-161.5
-178.5
-170.5
-162.99999999999994
-153.0
-200.0
-162.0
-200.0
-138.0
-151.0
-162.0
-157.99999999999997
-161.5
-155.99999999999997
-175.0
-199.5
-192.49999999999997
-157.49999999999997
-141.0
-180.5
-154.99999999999997
-185.99999999999997
-149.5
-179.5
-156.0
-192.99999999999997
-171.5
-162.99999999999997
-161.5
-145.49999999999997
-161.5
-141.99999999999997
-141.99999999999994
-136.0
-200.0
-200.0
-189.0
-200.0
-161.5
-200.0
-200.0
-195.49999999999997
-152.5
-190.99999999999997
-178.0
-155.99999999999997
-155.5
-200.0
-199.0
-200.0
-200.0
-197.5
-197.5
-200.0
-200.0
-200.0
-200.0
-200.0
-200.0
-200.0
-170.0
-200.0
-200.0
-200.0
-199.5
-199.0
-200.0
-193.99999999999994
-191.49999999999997
-194.5
-200.0
-163.0
-190.49999999999997
-137.0
-186.99999999999997
-163.5
-149.49999999999997
-193.0
-150.5
-161.0
-199.5
-162.5
-115.0
-183.99999999999994
-178.5
-194.0
-198.0
-189.99999999999997
-200.0
-200.0
-200.0
-200.0
-150.99999999999997
-160.49999999999997
-178.49999999999994
-200.0
-144.0
-147.99999999999997
-165.49999999999997
-200.0
-157.49999999999997
-178.5
-174.99999999999994
-150.5
-174.0
-160.0
-122.0
-136.5
-192.5
-174.5
-141.0
-165.0
-135.5
-163.49999999999997
-183.5
-200.0
-182.0
-200.0
-183.49999999999997
-183.49999999999997
-167.49999999999997
-200.0
-169.5
-185.5
-197.0
-181.5
-178.0
-200.0
-165.49999999999997
-161.5
-157.49999999999997
-155.49999999999997
-176.49999999999994
-200.0
-200.0
-200.0
-200.0
-200.0
-200.0
-200.0
-200.0
-200.0
-200.0
-200.0
-150.0
-200.0
-200.0
-178.0
-152.99999999999997
-162.49999999999997
-169.99999999999997
-177.0
-160.99999999999997
-164.0
-200.0
-200.0
-167.99999999999997
-200.0
-187.5
-200.0
-192.5
-200.0
-200.0
-200.0
-200.0
-200.0
-200.0
-200.0
-200.0
-200.0
-200.0
-200.0
-200.0
-200.0
-200.0
-162.49999999999997
-180.99999999999997
-187.5
-172.99999999999994
-175.49999999999997
-166.49999999999997
-168.49999999999994
-170.99999999999994
-169.49999999999997
-166.49999999999994
-159.5
-170.0
-144.0
-163.5
-124.5
-130.0
-150.49999999999997
-130.0
-148.5
-183.5
-168.5
-116.5
-118.5
-115.5
-160.0
-142.0
-116.5
-118.0
-123.5
-158.5
-107.0
-190.99999999999997
-168.99999999999994
-162.49999999999994
-133.99999999999997
-124.0
-113.5
-103.49999999999999
-150.5
-160.0
-149.49999999999997
-153.49999999999997
-154.5
-200.0
-179.5
-159.99999999999997
-163.99999999999997
-196.5
-161.49999999999997
-180.0
-135.49999999999997
-183.0
-179.99999999999994
-177.0
-144.99999999999997
-162.5
-178.99999999999994
-163.99999999999997
-161.0
-132.0
-110.0
-147.5
-120.5
-104.99999999999999
-135.99999999999994
-102.49999999999997
-112.0
-155.0
-112.0
-133.5
-123.49999999999999
-113.5
-104.99999999999999
-180.49999999999997
-192.0
-200.0
-200.0
-190.0
-197.5
-200.0
-186.49999999999994
-200.0
-194.5
-198.0
-142.5
-186.0
-200.0
-159.5
-144.49999999999997
-145.99999999999997
-179.0
-169.49999999999997
-148.49999999999997
-116.0
-158.0
-151.5
-128.5
-200.0
-200.0
-200.0
-200.0
-200.0
-161.0
-200.0
-200.0
-200.0
-168.49999999999997
-171.49999999999997
-161.5
-149.0
-200.0
-120.0
-153.0
-200.0
-183.49999999999997
-177.0
-170.49999999999994
-200.0
-160.99999999999997
-162.99999999999997
-142.0
-200.0
-171.49999999999997
-164.0
-172.99999999999997
-200.0
-172.5
-143.5
-157.99999999999997
-170.49999999999997
-144.5
-179.99999999999994
-163.49999999999997
-149.99999999999997
-167.49999999999997
-139.5
-122.0
-161.5
-139.99999999999994
-193.99999999999994
-198.0
-180.5
-125.0
-156.5
-185.99999999999997
-155.0
-171.49999999999997
-159.5
-156.5
-157.49999999999997
-155.99999999999997
-134.0
-135.5
-131.5
-134.5
-196.5
-118.99999999999999
-188.5
-187.0
-200.0
-200.0
-190.49999999999994
-200.0
-182.5
-150.49999999999997
-188.5
-150.99999999999997
-151.49999999999997
-138.5
-156.99999999999997
-156.99999999999997
-146.0
-200.0
-154.49999999999997
-194.5
-154.0
-175.0
-142.49999999999997
-153.99999999999997
-144.99999999999997
-200.0
-200.0
-175.0
-200.0
-164.5
-144.99999999999997
-175.0
-147.99999999999997
-177.0
-181.0
-181.5
-160.5
-152.5
-160.5
-137.0
-151.49999999999997
-146.49999999999997
-132.99999999999997
-146.99999999999997
-120.0
-200.0
-198.49999999999997
-195.99999999999997
-179.0
-200.0
-200.0
-200.0
-200.0
-200.0
-200.0
-150.5
-177.5
-200.0
-176.0
-175.5
-147.49999999999997
-200.0
-200.0
-200.0
-198.0
-152.0
-197.5
-152.0
-141.0
-171.5
-164.99999999999994
-177.5
-171.99999999999997
-156.99999999999994
-168.99999999999997
-152.5
-147.49999999999997
-156.0
-150.49999999999997
-148.49999999999997
-148.0
-163.99999999999994
-170.0
-173.5
-156.49999999999997
-172.5
-145.99999999999997
-176.0
-153.49999999999997
-200.0
-200.0
-177.0
-167.99999999999997
-150.5
-156.5
-181.5
-153.99999999999997
-178.5
-173.0
-175.0
-142.5
-146.99999999999997
-147.0
-196.0
-196.0
-187.99999999999997
-195.49999999999997
-182.99999999999997
-195.0
-190.99999999999997
-185.99999999999997
-179.99999999999994
-181.99999999999994
-186.49999999999994
-181.99999999999997
-179.0
-181.0
-200.0
-192.0
