15.000000000000004
13.500000000000002
15.000000000000002
16.500000000000004
16.500000000000004
19.500000000000004
62.999999999999986
29.500000000000007
74.99999999999999
44.5
54.0
18.0
106.49999999999999
117.00000000000001
115.49999999999999
128.99999999999994
222.5
234.0
286.0
465.0
116.5
206.5
277.5
349.5
350.5
500.0
128.49999999999997
448.0
204.0
500.0
500.0
477.0
500.0
500.0
500.0
500.0
441.5
412.5
500.0
457.0
376.5
500.0
500.0
500.0
271.0
500.0
500.0
500.0
500.0
266.0
500.0
500.0
107.0
255.0
268.5
500.0
500.0
227.99999999999997
500.0
500.0
500.0
500.0
500.0
500.0
182.50000000000003
500.0
500.0
250.5
448.0
500.0
500.0
500.0
500.0
500.0
403.0
500.0
500.0
500.0
500.0
500.0
500.0
500.0
500.0
500.0
500.0
500.0
500.0
500.0
500.0
500.0
500.0
500.0
500.0
500.0
500.0
500.0
500.0
500.0
500.0
500.0
500.0
500.0
500.0
500.0
500.0
500.0
500.0
500.0
352.0
500.0
146.0
500.0
470.0
500.0
500.0
67.99999999999999
69.5
43.999999999999986
40.5
58.999999999999986
75.99999999999999
284.5
464.0
500.0
500.0
500.0
500.0
500.0
500.0
500.0
500.0
500.0
500.0
314.5
500.0
334.0
500.0
482.5
500.0
297.5
500.0
500.0
95.99999999999997
66.99999999999999
500.0
351.0
500.0
500.0
500.0
500.0
39.49999999999999
315.5
500.0
500.0
16.000000000000004
32.0
34.50000000000001
75.0
83.0
221.99999999999997
500.0
500.0
500.0
500.0
500.0
500.0
500.0
500.0
500.0
454.00000000000006
500.0
500.0
500.0
500.0
478.5
500.0
463.0
36.99999999999999
294.5
106.99999999999997
500.0
500.0
287.0
500.0
500.0
500.0
500.0
500.0
500.0
500.0
374.0
500.0
500.0
275.5
201.99999999999997
500.0
37.499999999999986
214.5
500.0
500.0
124.49999999999997
420.0
500.0
500.0
261.0
500.0
500.0
500.0
500.0
500.0
500.0
500.0
500.0
500.0
500.0
500.0
500.0
500.0
500.0
500.0
500.0
19.000000000000004
61.999999999999986
112.0
96.49999999999997
423.5
366.0
500.0
500.0
500.0
500.0
12.500000000000002
21.000000000000007
37.99999999999999
84.99999999999999
147.5
37.49999999999999
55.499999999999986
500.0
257.5
500.0
500.0
500.0
500.0
500.0
500.0
500.0
500.0
500.0
350.5
500.0
87.99999999999997
327.0
34.0
40.5
75.99999999999999
157.5
158.49999999999997
353.5
357.0
500.0
500.0
268.5
500.0
500.0
500.0
500.0
443.5
192.0
305.5
500.0
500.0
500.0
500.0
500.0
500.0
500.0
284.0
500.0
78.99999999999999
169.99999999999997
283.5
313.5
500.0
500.0
500.0
268.0
500.0
500.0
500.0
174.99999999999997
257.5
500.0
500.0
500.0
291.5
258.5
500.0
500.0
500.0
293.5
500.0
496.5
500.0
500.0
500.0
250.49999999999997
245.99999999999994
322.5
500.0
500.0
500.0
500.0
500.0
500.0
500.0
48.999999999999986
72.99999999999997
59.499999999999986
160.5
500.0
500.0
500.0
500.0
500.0
500.0
60.5
256.0
92.49999999999997
500.0
500.0
500.0
337.0
500.0
500.0
500.0
275.5
256.5
280.5
500.0
271.5
500.0
500.0
500.0
500.0
86.0
488.00000000000006
27.500000000000007
71.49999999999999
500.0
500.0
13.500000000000004
27.500000000000007
118.99999999999997
128.49999999999997
343.5
146.0
53.5
148.99999999999994
122.99999999999997
129.0
500.0
66.5
497.0
428.49999999999994
71.0
500.0
500.0
500.0
500.0
500.0
429.49999999999994
500.0
500.0
55.99999999999999
469.5
500.0
169.49999999999997
500.0
500.0
441.0
500.0
500.0
97.49999999999999
500.0
500.0
500.0
500.0
500.0
500.0
500.0
500.0
500.0
234.0
464.5
500.0
500.0
500.0
500.0
286.0
500.0
500.0
500.0
500.0
500.0
500.0
274.5
500.0
500.0
500.0
500.0
500.0
278.0
500.0
500.0
17.000000000000004
128.99999999999997
45.49999999999999
139.0
500.0
500.0
500.0
500.0
500.0
500.0
500.0
500.0
338.5
500.0
456.0
500.0
500.0
500.0
500.0
11.500000000000002
116.0
77.49999999999997
146.99999999999997
311.5
452.5
500.0
500.0
258.5
500.0
500.0
335.5
255.0
500.0
500.0
500.0
381.0
500.0
500.0
500.0
500.0
336.5
500.0
500.0
500.0
500.0
500.0
361.0
500.0
500.0
500.0
500.0
500.0
500.0
461.0
500.0
500.0
139.0
500.0
500.0
500.0
500.0
201.0
500.0
420.0
500.0
500.0
500.0
500.0
500.0
500.0
500.0
69.99999999999999
500.0
500.0
176.5
253.00000000000003
500.0
500.0
201.5
451.5
395.5
500.0
500.0
348.0
500.0
500.0
500.0
481.0
500.0
500.0
500.0
462.0
500.0
500.0
500.0
500.0
500.0
295.5
10.0
43.49999999999999
73.0
69.5
131.50000000000003
175.49999999999997
183.49999999999994
216.5
500.0
387.0
500.0
500.0
500.0
367.5
212.5
378.5
410.0
267.0
260.5
185.5
35.999999999999986
38.0
29.499999999999993
83.99999999999999
131.99999999999997
45.49999999999999
45.499999999999986
37.0
154.5
93.49999999999999
256.5
115.0
362.9999999999999
219.5
500.0
500.0
500.0
500.0
500.0
500.0
500.0
500.0
254.50000000000003
20.000000000000007
152.99999999999997
16.500000000000004
14.000000000000004
13.000000000000004
22.500000000000004
18.000000000000004
24.5
21.000000000000007
16.0
41.49999999999999
14.500000000000002
16.500000000000004
19.500000000000004
15.500000000000004
32.49999999999999
15.000000000000002
16.000000000000004
22.000000000000004
21.500000000000007
16.000000000000004
15.500000000000002
33.00000000000001
27.499999999999993
16.500000000000004
26.5
22.000000000000004
12.000000000000002
25.000000000000007
32.00000000000001
23.000000000000007
30.000000000000004
25.500000000000007
39.99999999999999
50.499999999999986
48.0
41.5
28.999999999999993
73.5
151.0
130.5
360.0
499.5
426.0
409.5
318.49999999999994
398.49999999999994
403.0
459.5
500.0
500.0
500.0
500.0
500.0
500.0
500.0
500.0
500.0
500.0
500.0
500.0
500.0
500.0
500.0
500.0
500.0
500.0
500.0
276.5
273.0
500.0
500.0
157.0
500.0
500.0
500.0
500.0
500.0
500.0
500.0
266.0
277.5
500.0
500.0
500.0
485.5
500.0
191.99999999999997
329.0
351.0
265.5
28.500000000000007
500.0
500.0
500.0
500.0
176.5
358.5
207.49999999999997
321.0
265.0
186.99999999999997
262.5
28.000000000000007
500.0
500.0
257.5
500.0
222.99999999999997
397.5
190.5
401.0
500.0
356.5
185.0
500.0
500.0
500.0
147.49999999999997
155.99999999999997
138.0
127.49999999999999
138.99999999999997
149.99999999999997
142.49999999999997
154.99999999999997
296.5
165.0
329.0
275.5
140.5
500.0
263.0
63.99999999999998
52.499999999999986
58.499999999999986
500.0
500.0
500.0
500.0
500.0
25.499999999999996
484.5
239.5
271.0
500.0
500.0
157.99999999999997
116.00000000000001
158.99999999999997
288.0
500.0
258.5
500.0
500.0
500.0
500.0
258.5
500.0
312.0
89.99999999999997
500.0
323.5
331.5
500.0
304.5
500.0
500.0
59.499999999999986
110.49999999999997
242.0
299.0
500.0
500.0
500.0
500.0
500.0
138.0
65.99999999999999
110.49999999999997
117.5
142.99999999999997
178.49999999999994
122.99999999999997
89.49999999999997
86.49999999999999
500.0
500.0
155.49999999999997
325.5
78.99999999999999
78.99999999999999
500.0
23.500000000000007
130.0
129.5
500.0
500.0
128.99999999999997
500.0
362.0
314.5
500.0
500.0
500.0
500.0
500.0
500.0
500.0
500.0
500.0
500.0
500.0
500.0
134.0
134.5
128.49999999999997
149.0
227.0
360.5
339.5
500.0
500.0
345.5
500.0
500.0
500.0
396.5
500.0
500.0
500.0
436.5
500.0
500.0
161.5
500.0
500.0
500.0
324.5
365.99999999999994
500.0
310.5
500.0
500.0
500.0
500.0
500.0
500.0
500.0
500.0
500.0
172.0
117.0
171.0
430.5
447.5
323.5
318.0
160.5
151.5
252.49999999999997
268.99999999999994
424.0
500.0
487.5
500.0
500.0
358.5
500.0
500.0
373.5
445.5
409.5
500.0
500.0
500.0
500.0
500.0
446.50000000000006
500.0
381.5
500.0
500.0
500.0
500.0
500.0
500.0
458.50000000000006
500.0
500.0
500.0
500.0
500.0
500.0
66.99999999999999
352.00000000000006
426.0
124.0
450.0
500.0
500.0
315.5
500.0
500.0
308.49999999999994
334.5
331.0
500.0
500.0
74.99999999999999
265.0
500.0
500.0
500.0
41.99999999999999
54.49999999999999
123.99999999999999
95.49999999999999
207.5
286.0
45.99999999999999
248.99999999999994
337.0
331.5
350.5
205.99999999999994
317.5
500.0
305.0
28.0
244.99999999999997
500.0
407.0
333.5
500.0
500.0
500.0
500.0
224.99999999999997
324.5
500.0
500.0
500.0
113.99999999999999
266.99999999999994
262.5
500.0
500.0
500.0
500.0
500.0
500.0
500.0
500.0
500.0
311.0
500.0
500.0
268.5
500.0
500.0
500.0
500.0
500.0
255.0
500.0
500.0
500.0
500.0
500.0
500.0
500.0
340.0
500.0
393.0
327.0
500.0
500.0
88.0
500.0
107.99999999999997
147.49999999999997
171.5
196.49999999999997
339.0
353.5
352.5
500.0
500.0
500.0
488.00000000000006
276.0
500.0
500.0
151.99999999999997
165.99999999999994
170.99999999999994
223.49999999999994
152.99999999999997
141.99999999999997
105.99999999999997
139.49999999999997
100.49999999999999
187.99999999999997
139.0
136.99999999999997
150.5
114.49999999999999
191.5
194.49999999999994
156.5
500.0
349.0
300.0
463.5
422.0
138.0
112.49999999999997
191.49999999999994
84.0
186.0
160.0
172.0
346.0
310.0
500.0
219.49999999999994
500.0
500.0
500.0
420.99999999999994
365.0
500.0
500.0
500.0
500.0
500.0
500.0
500.0
228.5
409.5
369.5
500.0
138.49999999999997
