-500.0
-500.0
-500.0
-500.0
-500.0
-500.0
-500.0
-500.0
-500.0
-500.0
-483.00000000000006
-500.0
-484.0
-500.0
-499.5
-470.5
-404.0
-442.0
-451.5
-460.0
-500.0
-500.0
-500.0
-500.0
-500.0
-500.0
-500.0
-500.0
-430.5
-428.0
-266.5
-381.0
-426.5
-410.0
-382.0
-276.0
-246.0
-249.0
-188.0
-207.5
-172.5
-146.5
-174.49999999999997
-132.5
-154.5
-131.0
-130.0
-236.99999999999997
-117.5
-114.49999999999997
-172.00000000000003
-123.0
-104.0
-112.0
-80.99999999999997
-113.99999999999999
-103.99999999999999
-106.0
-106.0
-83.99999999999997
-102.0
-105.99999999999999
-94.49999999999999
-97.99999999999999
-93.0
-145.0
-157.0
-99.99999999999997
-118.99999999999997
-195.49999999999997
-88.5
-111.99999999999997
-110.0
-74.99999999999997
-103.49999999999999
-100.0
-104.5
-119.49999999999997
-85.5
-81.0
-104.5
-102.0
-118.5
-96.99999999999997
-84.99999999999999
-97.99999999999999
-115.49999999999997
-91.5
-95.5
-110.5
-89.49999999999999
-102.5
-103.49999999999999
-96.99999999999999
-108.49999999999999
-158.5
-104.99999999999999
-97.0
-102.0
-93.99999999999999
-107.5
-111.00000000000001
-107.99999999999999
-116.0
-111.49999999999997
-193.00000000000003
-109.0
-110.0
-137.5
-142.49999999999997
-109.49999999999997
-162.5
-169.99999999999997
-114.49999999999999
-112.0
-100.5
-95.49999999999999
-75.49999999999997
-80.49999999999997
-119.0
-88.99999999999999
-83.99999999999997
-88.49999999999997
-101.0
-80.0
-79.99999999999999
-67.0
-143.5
-93.49999999999997
-93.0
-92.49999999999997
-83.99999999999997
-112.0
-99.99999999999999
-92.49999999999999
-71.99999999999997
-79.0
-78.49999999999997
-111.0
-65.99999999999997
-88.99999999999999
-83.99999999999997
-103.99999999999999
-91.99999999999999
-80.99999999999997
-100.5
-87.5
-83.49999999999997
-74.99999999999999
-94.49999999999997
-74.49999999999999
-82.99999999999997
-122.99999999999999
-93.49999999999999
-82.99999999999997
-78.99999999999999
-81.99999999999999
-75.99999999999997
-73.49999999999997
-97.0
-83.49999999999997
-108.99999999999997
-78.99999999999997
-70.99999999999999
-93.5
-92.5
-87.5
-84.49999999999999
-85.99999999999997
-75.99999999999999
-76.99999999999997
-85.49999999999997
-88.49999999999997
-106.99999999999997
-126.5
-119.0
-85.0
-117.99999999999996
-78.49999999999999
-86.99999999999999
-96.99999999999997
-79.49999999999999
-104.49999999999997
-102.0
-102.49999999999999
-89.0
-130.99999999999997
-98.49999999999999
-161.5
-144.49999999999997
-102.49999999999999
-83.49999999999997
-92.49999999999997
-83.49999999999997
-83.49999999999999
-128.99999999999997
-82.99999999999997
-96.99999999999999
-101.0
-140.0
-500.0
-152.99999999999997
-173.49999999999997
-156.99999999999997
-117.5
-120.5
-103.0
-108.99999999999997
-120.50000000000003
-111.5
-114.5
-143.99999999999997
-89.5
-87.99999999999997
-82.99999999999997
-83.99999999999997
-93.5
-89.49999999999997
-90.99999999999997
-95.5
-80.99999999999997
-91.49999999999999
-234.49999999999994
-303.5
-97.99999999999999
-85.0
-110.5
-73.99999999999999
-118.99999999999997
-149.5
-108.0
-85.49999999999997
-96.0
-95.5
-108.0
-100.49999999999997
-97.5
-97.0
-108.49999999999999
-112.0
-114.5
-111.5
-260.5
-115.0
-106.0
-110.0
-98.49999999999999
-115.0
-150.0
-102.0
-95.49999999999997
-185.99999999999997
-97.0
-97.5
-111.0
-114.99999999999997
-124.49999999999999
-126.49999999999999
-103.5
-183.49999999999994
-119.0
-104.49999999999999
-114.0
-86.49999999999999
-103.99999999999999
-99.99999999999997
-87.99999999999997
-93.49999999999997
-112.00000000000001
-146.5
-99.49999999999999
-109.49999999999999
-96.99999999999999
-89.5
-89.5
-86.49999999999999
-95.5
-98.99999999999999
-92.0
-97.0
-101.99999999999999
-93.49999999999999
-94.99999999999997
-89.49999999999999
-83.99999999999997
-110.0
-103.0
-96.49999999999999
-95.5
-96.5
-97.5
-98.99999999999999
-86.99999999999997
-81.49999999999999
-88.5
-99.49999999999999
-100.0
-100.0
-100.99999999999997
-90.49999999999997
-85.5
-97.0
-92.0
-92.49999999999997
-111.5
-156.0
-89.99999999999999
-98.99999999999999
-124.49999999999997
-96.5
-83.0
-104.49999999999999
-101.0
-104.49999999999999
-81.49999999999997
-115.00000000000003
-91.0
-94.99999999999999
-74.49999999999999
-97.5
-80.0
-81.99999999999999
-95.49999999999999
-122.99999999999997
-90.0
-80.5
-103.5
-63.99999999999999
-68.49999999999999
-78.99999999999999
-96.49999999999997
-81.99999999999999
-69.99999999999997
-95.0
-118.5
-112.99999999999997
-80.5
-92.5
-88.5
-97.99999999999997
-150.0
-102.0
-81.0
-87.49999999999997
-83.49999999999997
-87.49999999999997
-76.49999999999999
-81.49999999999999
-86.49999999999997
-85.5
-94.49999999999999
-82.99999999999997
-78.99999999999999
-78.49999999999999
-74.49999999999999
-159.0
-76.99999999999997
-77.5
-83.49999999999997
-71.49999999999997
-88.49999999999999
-101.0
-110.5
-103.5
-91.49999999999997
-500.0
-462.0
-500.0
-457.5
-500.0
-500.0
-500.0
-500.0
-500.0
-494.0
-500.0
-500.0
-500.0
-500.0
-500.0
-500.0
-500.0
-500.0
-500.0
-500.0
-500.0
-500.0
-500.0
-500.0
-500.0
-500.0
-500.0
-500.0
-500.0
-500.0
-500.0
-500.0
-500.0
-500.0
-500.0
-500.0
-427.5
-500.0
-469.0
-500.0
-500.0
-500.0
-447.5
-500.0
-500.0
-492.5
-455.5
-471.5
-321.49999999999994
-500.0
-500.0
-336.49999999999994
-403.5
-261.5
-368.5
-196.0
-328.5
-383.5
-328.9999999999999
-418.00000000000006
-500.0
-426.99999999999994
-500.0
-400.5
-500.0
-437.5
-431.0
-281.49999999999994
-353.5
-182.5
-291.5
-362.0
-336.5
-332.0
-313.0
-400.5
-361.0
-317.5
-286.0
-211.5
-188.5
-171.0
-208.50000000000003
-194.5
-213.5
-187.5
-178.0
-156.5
-224.5
-190.5
-205.0
-213.5
-153.49999999999997
-118.0
-212.5
-181.0
-161.99999999999997
-137.99999999999997
-222.49999999999997
-151.5
-157.0
-126.0
-104.49999999999999
-105.5
-167.0
-102.0
-125.5
-94.0
-99.49999999999999
-121.5
-139.5
-119.50000000000003
-95.0
-85.49999999999999
-103.5
-104.49999999999997
-97.0
-154.5
-106.0
-90.99999999999997
-96.0
-123.0
-93.99999999999999
-139.5
-103.0
-111.49999999999997
-115.99999999999997
-110.49999999999997
-98.99999999999999
-84.5
-96.49999999999999
-101.99999999999997
-121.00000000000001
-103.99999999999999
-106.5
-98.5
-98.49999999999999
-92.99999999999997
-79.49999999999997
-97.0
-91.0
-94.5
-93.49999999999997
-103.99999999999999
-129.99999999999997
-96.5
-91.0
-97.0
-88.5
-87.49999999999999
-90.0
-78.5
-89.49999999999999
-99.99999999999999
-94.5
-80.99999999999997
-134.49999999999997
-92.5
-99.99999999999999
-67.5
-94.0
-86.99999999999997
-78.99999999999999
-85.0
-73.49999999999999
-87.99999999999997
-96.0
-76.99999999999999
-96.49999999999997
-82.49999999999999
-73.0
-86.49999999999999
-80.5
-77.5
-92.49999999999997
-107.5
-72.5
-108.0
-124.99999999999999
-82.49999999999999
-104.5
-81.99999999999999
-89.99999999999997
-89.5
-86.99999999999999
-88.5
-99.5
-109.5
-79.49999999999997
-100.99999999999997
-78.49999999999997
-76.99999999999999
-90.99999999999997
-144.5
-80.99999999999999
-103.49999999999999
-90.0
-96.49999999999997
-77.99999999999997
-82.49999999999999
-152.0
-94.99999999999999
-118.0
-115.50000000000001
-111.0
-116.49999999999999
-97.5
-84.5
-93.5
-81.49999999999999
-104.5
-78.49999999999999
-76.99999999999999
-83.99999999999999
-106.5
-86.49999999999999
-83.49999999999997
-138.5
-98.0
-70.49999999999999
-69.49999999999999
-86.99999999999999
-104.49999999999997
-65.99999999999999
-93.5
-86.49999999999999
-92.49999999999999
-81.49999999999997
-95.99999999999999
-85.0
-76.99999999999997
-100.49999999999999
-82.99999999999997
-71.5
-84.99999999999997
-110.5
-83.0
-93.5
-101.49999999999997
-92.49999999999999
-133.0
-96.5
-129.5
-121.5
-121.49999999999997
-108.49999999999999
-93.99999999999997
-125.49999999999999
-90.99999999999999
-146.5
-92.49999999999997
-145.49999999999997
-93.99999999999999
-85.49999999999999
-120.99999999999997
-98.99999999999999
-116.00000000000001
-72.0
-106.5
-93.49999999999999
-74.99999999999999
-100.5
-92.49999999999997
-93.5
-73.49999999999999
-94.49999999999997
-94.99999999999999
-86.99999999999999
-97.49999999999997
-86.49999999999999
-122.49999999999997
-105.49999999999999
-121.99999999999997
-88.49999999999999
-84.99999999999999
-110.0
-96.5
-105.5
-89.49999999999997
-93.99999999999999
-91.49999999999999
-156.0
-101.5
-150.0
-113.99999999999999
-101.99999999999997
-64.49999999999999
-85.49999999999997
-97.0
-92.49999999999997
-108.0
-83.49999999999999
-85.99999999999997
-77.49999999999999
-164.99999999999994
-73.0
-74.49999999999999
-75.49999999999997
-78.99999999999999
-82.0
-83.49999999999997
-75.5
-72.0
-70.49999999999999
-75.5
-88.49999999999997
-79.49999999999999
-85.5
-123.49999999999997
-83.49999999999997
-78.99999999999997
-78.49999999999999
-147.5
-80.99999999999999
-85.5
-77.5
-80.49999999999997
-113.0
-126.49999999999999
-83.49999999999997
-79.99999999999999
-139.0
-177.5
-86.99999999999999
-118.49999999999997
-104.49999999999999
-90.99999999999997
-87.49999999999999
-92.5
-97.49999999999999
-102.5
-84.99999999999997
-119.99999999999997
-88.99999999999999
-92.99999999999997
-76.99999999999999
-117.99999999999999
-99.99999999999999
-81.5
-88.0
-76.49999999999999
-102.99999999999999
-106.5
-87.49999999999999
-89.99999999999997
-88.49999999999999
-91.0
-77.5
-97.99999999999999
-103.0
-93.49999999999997
-81.99999999999997
-89.49999999999999
-100.5
-71.5
-80.0
-87.49999999999999
-90.49999999999999
-71.5
-88.99999999999999
-116.99999999999997
-88.5
-107.0
-144.5
-120.99999999999997
-91.49999999999997
-93.49999999999999
-93.99999999999999
-97.49999999999999
-145.0
-104.49999999999999
-96.0
-196.5
-108.99999999999999
-113.0
-92.49999999999997
-157.99999999999997
-172.0
-111.5
-133.49999999999997
-91.49999999999999
-111.5
-108.0
-130.99999999999997
-105.0
-98.0
-94.49999999999999
-153.5
-70.99999999999999
-133.0
-121.0
-102.0
-110.0
-135.5
-156.0
-97.0
-189.99999999999994
-250.0
-102.5
-105.99999999999997
-74.49999999999999
-104.0
-104.0
-115.5
-135.5
-200.99999999999997
-144.49999999999997
-151.5
-194.99999999999997
-138.49999999999997
-148.5
-304.5
-148.5
-112.99999999999999
-123.99999999999999
-84.5
-97.99999999999999
-103.0
-100.5
-126.49999999999997
-128.5
-137.0
-90.5
-111.5
-125.99999999999999
-89.49999999999999
-114.0
-106.99999999999997
-167.5
-97.49999999999999
-100.5
-149.0
-127.5
-106.5
-122.5
-500.0
-500.0
-500.0
-500.0
-500.0
-500.0
-500.0
-500.0
-500.0
-500.0
-500.0
-500.0
-500.0
-500.0
-500.0
-500.0
-500.0
-500.0
-500.0
-500.0
-500.0
-500.0
-500.0
-500.0
-500.0
-500.0
-214.5
-297.0
-443.0
-365.0
-488.00000000000006
-377.0
-368.0
-150.49999999999997
-143.99999999999997
-131.99999999999997
-149.0
-141.49999999999997
-159.99999999999997
-129.0
-123.99999999999997
-88.99999999999999
-127.0
-101.5
-103.00000000000001
-88.49999999999999
-205.49999999999997
-239.0
-383.0
-169.0
-236.0
-188.0
-184.99999999999997
-143.49999999999997
-134.0
-264.0
-173.5
-130.5
-196.0
-164.5
-172.99999999999997
-182.5
-173.5
-141.49999999999997
-229.5
-194.5
-144.99999999999997
-162.49999999999997
-194.5
-198.5
-149.49999999999997
-104.49999999999999
-125.00000000000001
-108.0
-96.0
-115.99999999999997
-104.99999999999997
-90.99999999999999
-83.49999999999997
-72.5
-99.5
-116.5
-98.5
-90.99999999999997
-73.49999999999997
-106.5
-106.0
-98.49999999999999
-89.49999999999997
-99.0
-117.99999999999999
-85.99999999999997
-107.49999999999997
-76.0
-94.99999999999999
-78.99999999999997
-136.49999999999994
-108.49999999999997
-113.49999999999999
-156.5
-100.0
-124.99999999999997
-98.99999999999999
-97.49999999999999
-86.0
-114.49999999999997
-68.49999999999997
-94.99999999999997
-94.0
-81.49999999999999
-159.5
-74.99999999999999
-134.0
-116.0
-92.49999999999997
-148.99999999999997
-181.99999999999997
-84.5
-86.99999999999999
-180.5
-88.49999999999997
-107.5
-98.99999999999999
-71.49999999999999
-81.99999999999999
-104.5
-103.49999999999999
-72.5
-145.5
-94.99999999999997
-90.0
-79.0
-89.49999999999999
-123.49999999999999
-78.99999999999999
-63.999999999999986
-122.99999999999997
-64.99999999999999
-108.0
-89.49999999999997
-74.5
-89.0
-95.49999999999997
-70.49999999999999
-81.99999999999999
-75.49999999999997
-79.49999999999997
-124.00000000000001
-68.49999999999999
-86.49999999999999
-70.99999999999997
-84.49999999999997
-81.99999999999999
-87.49999999999999
-85.0
-89.99999999999997
-78.0
-66.49999999999999
-87.5
-93.49999999999999
-76.99999999999997
-82.99999999999999
-82.99999999999999
-74.99999999999999
-97.5
-84.0
-177.50000000000003
-117.99999999999997
-120.0
-125.49999999999999
-82.99999999999997
-84.5
-67.5
-96.5
-79.49999999999999
-89.49999999999997
-80.99999999999999
-77.99999999999999
-82.49999999999999
-87.5
-72.5
-80.5
-75.5
-86.49999999999999
-135.0
-79.5
-90.0
-91.0
-96.5
-90.99999999999997
-80.99999999999997
-87.5
-93.99999999999999
-69.49999999999997
-83.49999999999997
-97.99999999999999
-108.0
-115.0
-102.5
-86.49999999999999
-428.49999999999994
-294.5
-500.0
-193.49999999999997
-439.0
-337.0
-362.0
-193.0
-453.0
-326.49999999999994
-223.0
-385.0
-421.0
-404.0
-500.0
-302.0
-197.0
-105.5
-206.0
-179.0
-185.0
-147.5
-192.99999999999997
-169.0
-272.0
-184.0
-200.0
-152.5
-230.5
-116.99999999999997
-232.5
-217.49999999999997
-186.0
-150.0
-184.50000000000003
-184.99999999999997
-160.49999999999997
-131.49999999999997
-133.0
-231.49999999999997
-119.0
-220.0
-276.49999999999994
-316.0
-235.99999999999994
-170.0
-154.0
-231.0
-209.5
-306.0
-212.5
-225.0
-295.0
-408.0
-256.5
-326.0
-500.0
-102.0
-120.99999999999997
-91.99999999999997
-97.49999999999997
-110.0
-107.0
-109.99999999999999
-178.5
-78.99999999999999
-107.5
-115.49999999999999
-87.99999999999997
-129.99999999999997
-92.5
-138.99999999999997
-91.99999999999997
-98.99999999999999
-100.49999999999997
-85.0
-86.49999999999999
-91.99999999999999
-81.0
-89.0
-90.49999999999999
-90.49999999999999
-89.5
-81.99999999999997
-106.0
-78.5
-109.0
-122.99999999999999
-97.0
-79.49999999999997
-91.0
-100.5
-82.99999999999999
-88.0
-121.99999999999997
-125.49999999999997
-79.49999999999997
-99.49999999999999
-92.99999999999999
-139.5
-111.5
-99.5
-129.0
-85.99999999999999
-113.0
-102.0
-114.99999999999997
-107.49999999999999
-82.99999999999997
-101.99999999999997
-109.0
-77.0
-101.0
-85.99999999999999
-78.99999999999999
-89.99999999999997
-98.5
-71.99999999999999
-158.0
-89.5
-75.49999999999999
-85.99999999999999
-81.49999999999999
-95.5
-83.5
-79.5
-79.49999999999997
-78.0
-81.99999999999999
-74.0
-92.49999999999997
-86.99999999999999
-72.0
-69.49999999999997
-95.5
-68.49999999999999
-67.5
-88.49999999999997
-77.99999999999999
-69.49999999999999
-134.99999999999997
-84.49999999999999
-78.99999999999999
-75.99999999999997
-112.0
-68.0
-84.0
-100.5
-88.99999999999999
-81.0
-138.0
-83.49999999999999
-103.49999999999997
-72.99999999999999
-83.99999999999997
-73.5
-86.99999999999999
-79.99999999999999
-80.5
-83.99999999999999
-74.49999999999999
-84.49999999999997
-94.99999999999999
-63.99999999999999
-70.49999999999999
-78.99999999999999
-93.99999999999999
-78.49999999999999
-89.5
-109.49999999999997
-77.99999999999997
-67.5
-80.49999999999997
-64.99999999999999
-82.49999999999999
-72.0
-79.5
-76.99999999999999
-104.99999999999997
-76.5
-83.5
-74.49999999999999
-73.49999999999999
-140.99999999999997
-80.0
-80.0
-85.99999999999997
-86.49999999999999
-85.5
-138.0
-95.99999999999999
-117.49999999999999
-68.5
-78.49999999999999
-87.99999999999997
-70.49999999999997
-82.49999999999999
-73.0
-126.0
-89.5
-367.5
-235.49999999999997
-364.0
-304.49999999999994
-309.9999999999999
-362.5
-246.5
-160.49999999999994
-500.0
-235.0
-167.0
-238.5
-375.0
-156.5
-163.49999999999997
-273.5
-318.5
-311.5
-130.99999999999997
-254.99999999999994
-130.0
-197.5
-145.99999999999997
-171.49999999999997
-136.5
-93.49999999999999
-90.5
-182.5
-150.49999999999997
-114.99999999999997
-96.49999999999999
-93.99999999999999
-100.49999999999999
-93.99999999999999
-107.5
-178.00000000000003
-101.5
-116.99999999999999
-170.49999999999994
-229.5
-98.99999999999999
-190.0
-186.0
-95.99999999999997
-175.50000000000003
-124.99999999999997
-138.49999999999997
-111.0
-106.0
-293.0
-92.49999999999999
-90.99999999999997
-157.5
-100.49999999999997
-148.5
-122.0
-94.99999999999997
-92.0
-154.99999999999997
-96.49999999999999
-90.5
-85.99999999999999
-256.49999999999994
-89.0
-97.49999999999999
-210.5
-169.5
-124.5
-202.0
-256.0
-163.5
-141.5
-222.49999999999994
-277.0
-119.5
-314.0
-190.0
-218.99999999999997
-157.5
-114.49999999999999
-124.49999999999997
-159.0
-108.0
-107.50000000000001
-80.0
-109.99999999999997
-85.99999999999999
-78.49999999999999
-136.99999999999997
-110.99999999999997
-110.5
-83.99999999999999
-92.49999999999997
-120.5
-85.0
-121.99999999999999
-87.49999999999997
-119.99999999999997
-118.49999999999999
-87.99999999999997
-93.49999999999999
-104.0
-154.0
-103.49999999999999
-84.5
-101.0
-95.5
-115.49999999999997
-76.0
-97.5
-92.0
-96.99999999999999
-87.99999999999997
-70.49999999999999
-91.49999999999999
-125.5
-73.49999999999999
-89.0
-82.49999999999997
-119.0
-78.0
-72.5
-147.0
-130.49999999999997
-94.0
-93.5
-82.49999999999999
-134.5
-80.0
-95.49999999999997
-93.5
-169.50000000000003
-79.49999999999999
-76.49999999999997
-88.99999999999997
-75.5
-93.5
-89.5
-108.49999999999999
-72.0
-101.0
-87.5
-97.5
-86.49999999999999
-93.49999999999999
-83.99999999999999
-104.0
-82.49999999999999
-77.5
-68.5
-70.99999999999997
-168.99999999999997
-73.5
-75.49999999999997
-81.49999999999999
-69.49999999999999
-94.0
-103.49999999999999
-122.99999999999997
-146.5
-86.49999999999999
-72.5
-119.99999999999999
-93.49999999999999
-106.0
-146.0
-88.5
-67.5
-74.49999999999999
-97.49999999999999
-119.49999999999997
-79.49999999999997
-104.49999999999999
-80.0
-80.99999999999999
-95.99999999999997
-94.49999999999999
-117.0
-103.5
-74.49999999999997
-142.5
-78.0
-76.99999999999999
-88.5
-93.5
-92.99999999999997
-148.0
-133.99999999999997
-117.49999999999997
-87.49999999999997
-84.5
-80.5
-91.99999999999999
-81.49999999999999
-78.5
-82.99999999999999
-80.0
-83.49999999999997
-86.99999999999999
-78.49999999999997
-434.5
-383.5
-481.5
-492.5
-488.5
-452.5
-302.0
-452.0
-265.0
-500.0
-335.0
-500.0
-500.0
-500.0
-406.0
-500.0
-500.0
-480.50000000000006
-500.0
-273.5
-303.0
-272.0
-311.99999999999994
-314.99999999999994
-220.0
-204.99999999999997
-329.5
-209.5
-341.0
-260.49999999999994
-172.5
-200.0
-206.5
-164.49999999999997
-244.50000000000003
-151.99999999999997
-161.49999999999994
-234.5
-220.99999999999997
-185.0
-151.0
-145.5
-123.5
-164.5
-225.49999999999997
-119.5
-136.0
-123.0
-129.49999999999997
-142.0
-151.0
-122.99999999999997
-104.5
-122.49999999999997
-135.5
-117.99999999999997
-129.5
-219.5
-110.0
-117.5
-107.0
-151.49999999999994
-109.5
-151.0
-127.5
-117.5
-146.0
-122.0
-128.5
-107.5
-117.99999999999997
-101.0
-106.0
-113.00000000000001
-311.5
-118.5
-107.5
-119.5
-139.49999999999997
-228.0
-113.99999999999999
-129.49999999999997
-171.49999999999994
-167.0
-118.5
-207.00000000000003
-483.5
-342.0
-154.49999999999997
-211.5
-151.99999999999997
-264.0
-280.00000000000006
-236.5
-257.0
-234.0
-169.5
-145.99999999999997
-277.5
-273.5
-182.0
-200.49999999999997
-159.5
-340.5
-210.0
-362.5
-196.00000000000003
-157.99999999999997
-161.0
-187.0
-171.0
-115.99999999999997
-138.0
-111.5
-103.5
-136.0
-104.5
-127.49999999999999
-147.5
-209.0
-103.5
-112.5
-97.0
-120.5
-99.5
-146.5
-143.49999999999997
-93.99999999999999
-116.0
-112.5
-116.0
-128.5
-113.5
-175.0
-190.0
-168.0
-170.0
-104.99999999999999
-164.5
-145.0
-109.5
-122.49999999999999
-112.0
-157.99999999999997
-157.49999999999997
-113.0
-115.50000000000003
-145.5
-111.0
-101.0
-123.49999999999997
-131.99999999999997
-105.0
-89.99999999999997
-126.49999999999997
-144.0
-180.0
-117.49999999999997
-165.0
-255.49999999999994
-357.5
-117.99999999999997
-256.99999999999994
-193.00000000000003
-302.0
-377.5
-500.0
-317.5
-467.5
-500.0
-500.0
-500.0
-500.0
-307.0
-500.0
-500.0
-82.99999999999997
-104.0
-88.99999999999997
-101.5
-92.5
-89.0
-88.5
-90.99999999999997
-94.49999999999999
-84.0
-136.0
-224.99999999999994
-110.49999999999997
-96.5
-73.49999999999999
-76.99999999999999
-84.0
-81.49999999999999
-92.0
-72.99999999999999
-86.99999999999999
-85.99999999999999
-77.5
-72.49999999999999
-500.0
-500.0
-500.0
-500.0
-500.0
-500.0
-500.0
-132.0
-201.49999999999997
-405.0
-193.0
-178.99999999999997
-148.5
-193.5
-267.5
-234.50000000000003
-407.0
-307.0
-500.0
-346.0
-313.5
-183.99999999999997
-198.0
-348.0
-266.5
-288.5
-216.49999999999997
-150.5
-98.99999999999999
-111.00000000000001
-108.5
-113.99999999999997
-161.0
-130.0
-124.49999999999997
-114.0
-131.5
-128.99999999999997
-106.0
-95.99999999999997
-123.5
-106.5
-164.5
-111.50000000000001
-124.49999999999997
-106.5
-107.5
-131.5
-110.49999999999997
-127.0
-150.0
-122.0
-101.5
-181.0
-105.5
-90.99999999999999
-123.99999999999999
-98.0
-106.0
-109.99999999999999
-92.0
-91.49999999999999
-120.50000000000003
-95.0
-172.5
-93.49999999999999
-95.49999999999997
-141.49999999999997
-100.5
-98.0
-101.49999999999997
-102.49999999999999
-127.5
-114.0
-111.0
-103.49999999999999
-164.0
-101.0
-109.0
-97.5
-157.5
-114.99999999999997
-103.49999999999999
-113.99999999999999
-120.5
-126.99999999999997
-103.49999999999999
-99.99999999999997
-104.5
-165.5
-110.5
-93.0
-108.00000000000001
-97.5
-97.0
-112.0
-163.0
-107.99999999999999
-117.49999999999999
-120.50000000000001
-98.49999999999999
-103.99999999999999
-100.0
-139.5
-123.49999999999999
-114.0
-123.0
-87.49999999999997
-114.0
-100.5
-95.49999999999997
-95.99999999999997
-73.99999999999999
-95.49999999999997
-109.5
-107.49999999999999
-109.5
-95.99999999999997
-91.49999999999997
-92.0
-98.99999999999999
-121.5
-85.99999999999997
-116.5
-96.0
-98.99999999999999
-91.99999999999997
-110.5
-167.0
-94.99999999999999
-101.5
-111.0
-139.99999999999997
-128.0
-110.0
-132.99999999999994
-121.49999999999997
-102.5
-96.99999999999999
-93.99999999999999
-94.49999999999999
-107.0
-111.0
-82.49999999999997
-105.5
-134.49999999999997
-91.99999999999999
-93.99999999999999
-121.5
-86.99999999999999
-141.99999999999997
-105.5
-86.49999999999999
-99.5
-86.99999999999997
-101.49999999999997
-83.99999999999999
-97.99999999999999
-112.0
-108.49999999999999
-104.0
-91.49999999999997
-84.49999999999997
-84.49999999999997
-91.0
-91.49999999999997
-104.49999999999999
-97.5
-124.5
-96.0
-82.99999999999997
-98.99999999999999
-70.99999999999999
-103.0
-90.99999999999999
-103.0
-85.0
-101.99999999999997
-81.49999999999997
-98.49999999999999
-99.49999999999999
-76.99999999999999
-96.99999999999997
-94.0
-83.49999999999999
-95.49999999999997
-93.0
-75.49999999999999
-91.0
-94.5
-94.49999999999997
-91.99999999999997
-81.0
-88.49999999999997
-86.49999999999999
-97.49999999999997
-102.5
-93.99999999999997
-90.5
-96.99999999999997
-82.49999999999997
-76.0
-69.99999999999999
-74.49999999999999
-86.99999999999999
-88.99999999999999
-117.5
-82.49999999999997
-78.0
-73.99999999999999
-93.49999999999997
-90.5
-76.49999999999999
-73.0
-74.99999999999999
-72.5
-139.5
-71.5
-80.5
-72.0
-81.0
-82.49999999999999
-84.99999999999997
-98.49999999999999
-74.49999999999999
-83.49999999999997
-72.0
-81.0
-76.99999999999997
-71.5
-78.49999999999997
-91.99999999999999
-97.5
-99.5
-81.49999999999997
-77.5
-75.99999999999999
-77.0
-73.49999999999999
-98.0
-81.49999999999999
-70.99999999999999
-80.49999999999999
-76.99999999999997
-87.99999999999997
-74.99999999999999
-70.49999999999999
-80.99999999999999
-83.0
-79.49999999999999
-76.49999999999999
-110.49999999999997
-76.49999999999999
-73.99999999999997
-85.5
-75.99999999999999
-81.0
-92.99999999999997
-88.5
-73.49999999999997
-85.0
-94.0
-163.5
-87.99999999999997
-91.99999999999999
-91.49999999999997
-88.0
-86.0
-88.49999999999997
-70.49999999999999
-80.49999999999997
-78.99999999999997
-78.0
-80.5
-88.0
-72.5
-71.99999999999997
-86.49999999999999
-92.5
-90.49999999999999
-80.0
-73.99999999999999
-81.0
-70.99999999999997
-84.99999999999997
-70.99999999999997
-76.99999999999999
-72.5
-79.5
-73.99999999999999
-82.99999999999997
-78.99999999999997
-77.49999999999997
-109.5
-96.49999999999999
-81.49999999999999
-93.99999999999997
-78.49999999999997
-75.5
-76.49999999999997
-74.49999999999999
-80.99999999999999
-71.99999999999999
-79.99999999999997
-82.99999999999999
-93.5
-97.49999999999999
-70.99999999999999
-82.49999999999997
-83.49999999999999
-80.99999999999999
-68.99999999999999
-74.49999999999999
-75.99999999999999
-71.49999999999997
-76.49999999999999
-88.0
-86.99999999999999
-63.999999999999986
-83.5
-74.49999999999999
-146.5
-286.5
-88.99999999999997
-90.0
-82.99999999999997
-94.49999999999999
-72.5
-77.49999999999999
-84.49999999999999
-73.99999999999999
-99.99999999999999
-74.99999999999997
-186.49999999999997
-85.5
-153.5
-79.49999999999997
-91.49999999999997
-69.0
-71.99999999999997
-86.0
-79.49999999999997
-72.99999999999997
-76.49999999999997
-74.99999999999997
-77.99999999999997
-80.99999999999997
-73.49999999999999
-71.49999999999999
-82.99999999999997
-100.5
-80.99999999999999
-68.99999999999999
-113.99999999999999
-75.49999999999997
-73.0
-85.49999999999997
-80.5
-77.5
-153.5
-76.99999999999999
-85.49999999999999
-92.5
-73.5
-90.49999999999999
-80.0
-81.49999999999999
-106.99999999999997
-82.5
-74.49999999999999
-89.99999999999999
-81.49999999999999
-89.99999999999997
-70.99999999999999
-94.5
-78.99999999999999
-72.49999999999997
-90.99999999999997
-90.49999999999999
-74.49999999999999
-78.49999999999999
-83.99999999999997
-91.49999999999999
-115.49999999999997
-68.5
-82.5
-80.5
-73.99999999999997
-68.5
-83.99999999999999
-75.49999999999997
-86.49999999999999
-102.0
-77.5
-83.99999999999999
-86.99999999999999
-105.5
-87.5
-85.0
-79.49999999999999
