-500.0
-500.0
-500.0
-342.0
-300.5
-265.99999999999994
-163.0
-249.00000000000006
-346.5
-313.0
-212.00000000000003
-354.0
-159.49999999999994
-376.5
-305.5
-127.49999999999997
-186.0
-158.0
-180.5
-135.0
-127.00000000000001
-173.49999999999997
-130.5
-98.99999999999999
-141.5
-165.0
-98.49999999999999
-130.0
-117.99999999999997
-166.0
-120.5
-136.99999999999997
-181.49999999999994
-173.0
-138.0
-110.99999999999997
-110.5
-124.50000000000003
-126.99999999999997
-126.49999999999999
-114.0
-142.5
-94.99999999999997
-244.0
-159.0
-174.0
-304.5
-125.49999999999997
-83.5
-176.0
-144.49999999999997
-151.5
-108.0
-137.0
-142.5
-115.49999999999997
-143.5
-146.0
-130.5
-107.0
-126.0
-109.49999999999999
-120.50000000000003
-109.0
-115.49999999999997
-98.0
-436.99999999999994
-153.5
-112.99999999999999
-116.00000000000001
-121.0
-138.99999999999994
-101.5
-111.5
-128.0
-109.5
-131.0
-85.5
-99.99999999999999
-173.49999999999997
-145.49999999999997
-125.0
-106.5
-128.5
-215.5
-120.99999999999997
-135.0
-131.49999999999997
-116.00000000000001
-122.49999999999997
-118.49999999999997
-128.5
-142.5
-138.0
-95.49999999999997
-90.99999999999999
-110.0
-102.49999999999999
-80.99999999999997
-104.99999999999997
-108.99999999999999
-87.49999999999999
-112.5
-114.99999999999999
-112.5
-108.99999999999999
-108.99999999999999
-100.0
-143.5
-99.49999999999997
-107.5
-116.49999999999999
-131.5
-112.0
-100.0
-118.49999999999997
-118.00000000000001
-104.5
-89.99999999999999
-124.49999999999997
-83.49999999999997
-103.5
-96.0
-316.0
-145.49999999999997
-145.0
-110.5
-98.49999999999999
-93.99999999999999
-122.0
-104.99999999999997
-162.99999999999997
-134.99999999999997
-115.0
-138.5
-131.99999999999997
-103.0
-107.0
-96.49999999999997
-95.49999999999997
-133.0
-134.99999999999997
-135.0
-112.5
-125.49999999999997
-157.49999999999994
-112.0
-124.0
-139.5
-135.5
-117.49999999999999
-167.0
-157.0
-133.5
-125.5
-102.0
-133.5
-126.5
-86.49999999999999
-149.49999999999997
-250.99999999999994
-132.0
-151.0
-133.99999999999997
-129.0
-154.49999999999997
-115.5
-143.0
-143.99999999999997
-148.49999999999997
-102.5
-173.99999999999994
-120.00000000000001
-125.99999999999999
-131.5
-121.5
-107.00000000000001
-115.50000000000001
-85.49999999999997
-185.5
-168.0
-103.5
-183.0
-100.99999999999997
-98.49999999999999
-130.5
-128.99999999999997
-109.99999999999999
-98.99999999999999
-103.0
-107.99999999999999
-144.0
-138.0
-319.0
-117.0
-203.99999999999997
-108.0
-130.5
-134.5
-110.0
-115.0
-108.0
-116.0
-101.49999999999999
-80.49999999999997
-104.99999999999999
-101.0
-138.0
-115.99999999999997
-117.5
-157.5
-101.99999999999997
-129.99999999999997
-127.99999999999999
-141.0
-352.9999999999999
-180.0
-161.99999999999994
-159.5
-152.5
-124.49999999999999
-140.0
-138.5
-187.49999999999997
-118.5
-134.5
-404.5
-167.49999999999997
-217.5
-187.0
-194.0
-145.5
-110.0
-127.5
-158.5
-152.49999999999997
-129.0
-158.0
-137.49999999999997
-210.0
-182.5
-150.49999999999997
-309.5
-139.0
-166.99999999999997
-223.0
-302.5
-147.99999999999997
-234.5
-151.99999999999997
-131.49999999999997
-200.49999999999997
-142.0
-199.5
-164.99999999999994
-143.99999999999997
-180.0
-138.99999999999997
-179.99999999999997
-147.49999999999997
-230.0
-168.5
-196.0
-229.0
-186.49999999999997
-186.0
-163.99999999999997
-150.99999999999997
-136.49999999999997
-143.0
-132.5
-140.0
-115.5
-121.0
-153.99999999999997
-105.5
-111.5
-155.99999999999994
-282.5
-109.5
-133.49999999999997
-118.0
-138.0
-137.49999999999997
-106.49999999999999
-146.0
-117.5
-95.49999999999999
-151.49999999999997
-120.0
-111.5
-375.5
-343.49999999999994
-244.00000000000003
-298.0
-211.0
-283.5
-284.0
-312.49999999999994
-383.0
-383.5
-312.49999999999994
-247.0
-495.50000000000006
-314.99999999999994
-245.49999999999997
-343.5
-234.0
-248.5
-146.0
-169.49999999999997
-249.49999999999997
-322.0
-111.0
-194.5
-179.49999999999997
-157.99999999999997
-114.49999999999997
-124.0
-122.5
-133.0
-102.49999999999999
-124.5
-123.49999999999999
-115.0
-96.49999999999997
-146.5
-120.5
-235.0
-121.49999999999997
-106.5
-113.5
-90.5
-112.49999999999997
-102.0
-180.0
-105.0
-90.99999999999997
-100.0
-97.0
-88.5
-92.49999999999997
-93.0
-106.5
-90.5
-105.0
-120.0
-108.0
-111.0
-132.5
-111.5
-157.0
-162.5
-117.99999999999997
-103.0
-103.99999999999999
-98.0
-115.99999999999999
-109.5
-123.99999999999997
-106.5
-137.5
-138.49999999999997
-117.0
-131.99999999999997
-108.0
-178.0
-117.0
-127.49999999999997
-107.5
-85.99999999999999
-130.99999999999997
-151.0
-110.5
-157.99999999999997
-171.99999999999997
-106.5
-135.99999999999997
-152.0
-93.49999999999999
-146.5
-129.49999999999997
-122.00000000000001
-122.0
-148.99999999999997
-163.99999999999994
-166.5
-141.5
-125.5
-138.99999999999997
-145.0
-130.5
-147.99999999999997
-314.0
-141.0
-156.49999999999997
-163.99999999999997
-191.0
-165.0
-141.5
-107.0
-187.0
-162.0
-206.5
-158.5
-186.49999999999994
-138.5
-124.49999999999999
-144.5
-154.99999999999997
-141.49999999999997
-131.0
-163.5
-163.99999999999994
-148.49999999999997
-147.49999999999997
-121.99999999999999
-97.99999999999999
-130.5
-89.99999999999999
-134.49999999999997
-96.49999999999997
-120.49999999999997
-113.49999999999999
-99.0
-100.0
-109.5
-95.49999999999997
-90.5
-163.0
-115.99999999999997
-124.5
-100.5
-104.5
-138.5
-97.49999999999999
-118.99999999999997
-96.0
-111.49999999999999
-136.0
-102.5
-99.0
-111.5
-96.99999999999997
-105.0
-116.49999999999997
-117.49999999999999
-101.0
-115.0
-103.0
-116.00000000000001
-132.5
-105.5
-95.49999999999997
-323.0
-122.5
-206.5
-123.5
-134.49999999999997
-127.5
-335.5
-189.5
-179.5
-150.0
-126.5
-169.0
-346.0
-116.5
-138.0
-170.49999999999997
-127.99999999999999
-123.99999999999999
-114.49999999999999
-122.99999999999997
-106.0
-140.0
-98.5
-109.0
-140.49999999999997
-171.49999999999997
-164.49999999999997
-136.5
-188.0
-127.0
-167.99999999999997
-153.0
-112.5
-120.50000000000001
-131.0
-119.0
-103.99999999999999
-141.49999999999997
-135.5
-124.99999999999997
-152.99999999999997
-134.5
-147.99999999999997
-115.50000000000003
-134.49999999999997
-110.0
-120.50000000000001
-115.0
-107.49999999999999
-110.99999999999997
-89.49999999999999
-109.0
-134.0
-122.0
-115.0
-140.5
-124.5
-112.0
-107.99999999999999
-115.5
-100.5
-80.49999999999999
-103.99999999999999
-87.49999999999999
-108.99999999999999
-85.0
-103.99999999999999
-121.00000000000001
-103.99999999999999
-103.5
-97.99999999999999
-110.0
-101.49999999999997
-122.99999999999997
-140.5
-128.5
-134.0
-108.49999999999999
-170.49999999999994
-126.0
-124.0
-119.50000000000003
-111.99999999999997
-110.49999999999999
-107.49999999999999
-109.5
-83.49999999999999
-438.5
-304.99999999999994
-193.5
-190.99999999999997
-146.0
-140.0
-203.5
-338.5
-200.0
-264.49999999999994
-220.99999999999997
-199.0
-171.49999999999997
-500.0
-258.99999999999994
-197.0
-337.0
-218.0
-224.5
-164.5
-177.5
-192.99999999999997
-148.5
-214.5
-191.49999999999997
-150.5
-129.5
-173.49999999999994
-166.49999999999994
-120.49999999999997
-128.5
-111.0
-122.99999999999999
-114.0
-98.5
-197.0
-112.99999999999997
-161.49999999999997
-144.5
-118.99999999999999
-113.0
-92.49999999999997
-102.0
-113.5
-85.99999999999997
-139.49999999999997
-107.5
-185.99999999999997
-192.99999999999997
-137.0
-134.5
-113.5
-124.99999999999999
-113.5
-99.49999999999999
-130.0
-131.0
-102.5
-98.49999999999999
-103.5
-94.99999999999997
-81.49999999999997
-176.5
-86.49999999999999
-93.99999999999999
-89.5
-89.99999999999997
-97.99999999999999
-152.5
-95.5
-94.49999999999999
-92.99999999999999
-102.49999999999999
-83.5
-110.0
-88.49999999999997
-120.0
-105.0
-108.99999999999999
-103.49999999999999
-116.5
-97.49999999999999
-99.99999999999999
-117.0
-96.49999999999999
-111.50000000000001
-289.5
-129.49999999999997
-98.99999999999999
-98.99999999999999
-97.99999999999997
-121.49999999999999
-94.99999999999997
-140.49999999999997
-176.5
-109.5
-220.5
-130.0
-116.00000000000001
-113.5
-95.49999999999997
-105.5
-103.99999999999999
-80.49999999999997
-106.5
-160.5
-108.5
-193.5
-109.5
-109.49999999999999
-177.5
-104.99999999999997
-107.0
-86.99999999999997
-109.0
-199.0
-126.49999999999997
-107.99999999999999
-109.0
-86.0
-110.0
-122.99999999999997
-91.49999999999999
-119.0
-123.49999999999997
-120.5
-168.49999999999997
-113.49999999999999
-114.0
-132.0
-143.0
-133.5
-102.0
-102.49999999999999
-97.0
-182.0
-95.49999999999997
-98.49999999999999
-141.0
-103.49999999999999
-126.99999999999997
-115.5
-100.5
-127.99999999999999
-167.0
-110.5
-148.99999999999997
-124.50000000000003
-500.0
-500.0
-500.0
-315.5
-217.0
-151.0
-115.00000000000003
-124.49999999999997
-109.5
-120.49999999999997
-111.5
-112.99999999999999
-104.49999999999999
-114.99999999999997
-96.5
-176.99999999999997
-162.5
-210.5
-112.5
-135.49999999999997
-98.99999999999999
-114.5
-107.5
-93.5
-100.99999999999997
-82.5
-309.0
-102.5
-137.0
-193.5
-156.99999999999997
-93.49999999999999
-127.0
-109.49999999999999
-140.0
-88.99999999999999
-109.0
-92.49999999999997
-164.99999999999994
-88.5
-317.0
-101.0
-242.0
-172.5
-159.5
-108.99999999999999
-135.0
-98.49999999999999
-129.0
-124.49999999999997
-86.99999999999999
-107.5
-106.99999999999999
-86.49999999999999
-114.5
-155.0
-127.0
-125.5
-116.5
-113.0
-128.5
-148.0
-127.5
-119.5
-124.00000000000003
-106.49999999999999
-148.5
-125.0
-111.00000000000001
-133.99999999999997
-138.5
-122.00000000000001
-130.0
-186.0
-141.5
-133.5
-138.5
-109.49999999999999
-106.5
-123.49999999999999
-122.99999999999999
-109.49999999999999
-141.0
-103.99999999999999
-118.0
-101.0
-110.5
-145.5
-109.5
-169.0
-124.5
-134.49999999999997
-196.5
-153.0
-194.49999999999997
-317.0
-132.0
-337.0
-213.99999999999994
-145.0
-183.49999999999994
-196.0
-124.0
-135.0
-134.5
-217.49999999999994
-139.0
-139.5
-166.99999999999997
-150.49999999999997
-152.5
-117.5
-113.0
-141.0
-187.0
-143.0
-185.5
-149.5
-185.5
-151.49999999999997
-132.99999999999997
-336.0
-128.0
-185.49999999999997
-158.5
-122.49999999999999
-120.99999999999999
-136.0
-108.0
-141.5
-104.5
-146.49999999999997
-137.0
-138.5
-118.99999999999997
-127.99999999999997
-129.0
-92.99999999999999
-148.5
-141.0
-115.50000000000001
-127.5
-127.5
-102.5
-118.0
-117.5
-103.5
-157.5
-148.49999999999997
-127.5
-182.5
-127.99999999999997
-130.99999999999997
-183.0
-120.99999999999997
-171.5
-144.5
-275.0
-205.5
-138.0
-136.0
-135.5
-140.0
-124.5
-148.99999999999997
-116.5
-124.49999999999999
-97.5
-122.49999999999997
-110.5
-88.99999999999999
-115.99999999999997
-145.49999999999997
-114.5
-102.5
-124.50000000000003
-102.0
-97.99999999999999
-106.99999999999999
-110.0
-83.0
-103.0
-87.5
-90.5
-82.49999999999999
-106.5
-98.49999999999999
-101.0
-118.5
-99.5
-114.0
-105.5
-125.5
-119.0
-137.0
-125.00000000000001
-245.0
-111.5
-141.0
-185.0
-152.0
-155.99999999999997
-150.0
-124.0
-167.49999999999997
-116.50000000000001
-318.0
-242.0
-137.5
-213.0
-205.0
-241.0
-349.5
-170.99999999999994
-195.0
-244.99999999999994
-277.5
-191.5
-299.0
-365.5
-212.00000000000003
-204.49999999999997
-170.49999999999997
-186.0
-128.0
-195.0
-187.0
-167.5
-143.49999999999997
-134.5
-145.0
-130.5
-183.50000000000003
-134.0
-135.99999999999994
-200.49999999999997
-306.0
-123.0
-160.49999999999997
-155.0
-168.49999999999994
-128.5
-134.49999999999997
-162.0
-171.49999999999997
-157.0
-162.0
-138.99999999999997
-143.0
-139.5
-178.5
-114.5
-148.0
-112.5
-146.49999999999994
-136.0
-145.0
-117.5
-104.99999999999997
-85.5
-143.49999999999994
-113.49999999999999
-128.5
-215.0
-153.49999999999997
-118.0
-148.5
-90.49999999999997
-117.99999999999999
-142.49999999999997
-120.49999999999999
-155.0
-149.5
-151.49999999999997
-123.5
-131.49999999999997
-103.0
-112.00000000000001
-143.5
-170.5
-108.99999999999999
-108.5
-110.5
-83.5
-117.5
-100.49999999999997
-106.5
-115.49999999999997
-117.5
-90.99999999999999
-92.0
-108.49999999999999
-146.5
-97.99999999999997
-110.5
-102.99999999999999
-96.5
-109.0
-104.0
-108.5
-121.00000000000001
-134.0
-109.0
-155.99999999999997
-128.0
-141.0
-89.49999999999997
-106.0
-105.5
-98.49999999999999
-94.49999999999997
