-500.0
-498.00000000000006
-500.0
-327.5
-227.99999999999997
-156.5
-129.5
-133.5
-127.5
-173.5
-140.49999999999997
-100.5
-87.49999999999997
-133.0
-138.49999999999997
-114.49999999999997
-98.5
-105.5
-101.49999999999997
-97.5
-85.99999999999999
-89.0
-109.99999999999997
-95.49999999999997
-130.99999999999997
-90.99999999999999
-84.5
-75.0
-96.0
-97.99999999999997
-83.49999999999997
-97.49999999999997
-147.5
-83.99999999999997
-82.49999999999999
-78.99999999999997
-95.49999999999997
-70.99999999999997
-91.0
-96.0
-80.49999999999997
-84.49999999999997
-80.99999999999999
-77.5
-111.49999999999997
-77.49999999999997
-110.99999999999999
-95.49999999999999
-102.49999999999999
-92.0
-92.0
-82.99999999999997
-83.49999999999997
-95.49999999999999
-102.0
-90.49999999999999
-95.49999999999999
-92.5
-91.99999999999999
-105.99999999999997
-89.99999999999997
-87.49999999999997
-95.0
-76.5
-89.49999999999999
-82.99999999999997
-80.99999999999997
-86.0
-98.49999999999999
-158.0
-89.5
-89.49999999999999
-100.5
-78.0
-72.0
-70.49999999999999
-69.5
-85.5
-83.49999999999997
-71.49999999999997
-85.49999999999999
-140.0
-84.0
-75.49999999999997
-79.49999999999997
-82.99999999999997
-69.49999999999997
-84.49999999999997
-163.5
-84.0
-83.0
-80.5
-94.49999999999999
-86.49999999999999
-81.49999999999999
-104.0
-96.49999999999997
-75.5
-115.5
-73.0
-73.99999999999999
-110.5
-71.49999999999999
-115.49999999999999
-91.49999999999997
-95.49999999999997
-93.49999999999997
-96.49999999999999
-74.49999999999999
-91.0
-93.99999999999999
-147.5
-69.49999999999997
-96.0
-109.49999999999999
-151.99999999999997
-77.99999999999999
-81.99999999999999
-109.49999999999997
-94.99999999999999
-115.49999999999997
-75.49999999999997
-110.49999999999997
-113.5
-98.0
-101.99999999999999
-100.99999999999997
-75.0
-84.0
-93.99999999999997
-74.99999999999997
-86.99999999999999
-89.49999999999999
-78.49999999999997
-67.99999999999997
-109.99999999999997
-93.99999999999999
-71.49999999999999
-86.0
-86.49999999999999
-119.49999999999997
-83.49999999999997
-118.49999999999997
-90.99999999999999
-70.49999999999999
-92.49999999999997
-83.5
-71.5
-80.0
-126.99999999999997
-81.49999999999999
-85.99999999999999
-75.49999999999997
-81.99999999999999
-109.0
-73.99999999999999
-78.0
-74.49999999999999
-120.99999999999997
-90.49999999999999
-105.99999999999997
-149.5
-105.49999999999999
-76.5
-84.49999999999997
-84.5
-101.5
-172.50000000000003
-105.49999999999997
-84.49999999999997
-89.49999999999997
-77.99999999999997
-111.5
-114.0
-84.0
-101.49999999999997
-122.49999999999999
-103.99999999999999
-110.49999999999997
-94.99999999999997
-157.0
-85.5
-79.99999999999997
-126.99999999999997
-93.5
-80.0
-91.49999999999999
-104.49999999999997
-88.49999999999997
-95.99999999999999
-103.0
-131.0
-106.5
-86.0
-88.99999999999997
-99.5
-90.49999999999999
-78.49999999999999
-86.49999999999999
-91.99999999999997
-82.49999999999999
-80.5
-77.0
-80.5
-78.49999999999999
-85.49999999999997
-83.49999999999997
-82.49999999999999
-75.0
-70.99999999999997
-177.0
-94.49999999999997
-99.49999999999999
-118.5
-74.49999999999999
-76.5
-82.49999999999999
-85.99999999999997
-103.99999999999997
-69.99999999999999
-292.0
-73.99999999999999
-92.99999999999997
-99.0
-104.5
-78.49999999999999
-86.49999999999999
-84.99999999999997
-81.99999999999999
-84.5
-71.99999999999997
-84.49999999999997
-97.49999999999997
-73.99999999999997
-82.99999999999997
-99.0
-78.49999999999999
-78.0
-79.49999999999999
-88.99999999999997
-91.99999999999997
-95.99999999999999
-81.49999999999999
-88.99999999999997
-93.99999999999999
-88.5
-89.0
-91.5
-86.99999999999997
-73.49999999999999
-88.49999999999997
-102.99999999999997
-124.49999999999997
-73.5
-103.49999999999999
-99.99999999999997
-74.49999999999999
-93.49999999999999
-105.0
-97.99999999999999
-78.99999999999999
-85.5
-82.0
-81.99999999999997
-100.49999999999997
-85.5
-75.49999999999997
-82.99999999999997
-108.0
-74.99999999999997
-95.5
-88.5
-116.5
-103.5
-84.99999999999997
-95.49999999999997
-79.99999999999999
-85.49999999999997
-87.49999999999997
-84.49999999999999
-105.5
-78.5
-95.5
-75.49999999999997
-97.5
-79.49999999999999
-122.49999999999999
-70.49999999999997
-84.99999999999999
-73.0
-137.99999999999994
-84.99999999999997
-70.99999999999999
-79.49999999999999
-92.99999999999997
-90.0
-99.5
-81.99999999999999
-101.0
-112.49999999999997
-87.99999999999997
-85.99999999999999
-83.99999999999997
-88.49999999999997
-81.49999999999997
-96.0
-99.0
-70.49999999999997
-90.99999999999997
-79.99999999999997
-83.49999999999999
-101.5
-83.99999999999997
-81.49999999999999
-88.5
-69.49999999999997
-74.49999999999999
-81.99999999999999
-124.99999999999997
-81.99999999999999
-82.49999999999999
-92.5
-87.49999999999997
-72.99999999999999
-93.5
-79.49999999999997
-86.99999999999999
-80.0
-73.99999999999999
-75.99999999999997
-99.49999999999999
-77.49999999999999
-121.99999999999997
-95.5
-87.49999999999997
-94.49999999999999
-81.49999999999999
-108.99999999999999
-151.0
-75.5
-68.49999999999999
-91.0
-96.0
-84.5
-75.99999999999997
-74.99999999999997
-77.0
-81.99999999999999
-99.99999999999999
-86.49999999999999
-74.99999999999997
-93.99999999999999
-79.49999999999997
-88.49999999999999
-96.0
-81.49999999999999
-87.49999999999999
-137.0
-72.49999999999997
-77.99999999999999
-82.49999999999999
-81.49999999999999
-78.99999999999999
-78.99999999999999
-98.0
-73.99999999999999
-79.99999999999999
-83.49999999999999
-85.0
-85.49999999999997
-79.99999999999997
-87.49999999999997
-85.99999999999999
-77.5
-68.99999999999997
-86.99999999999999
-65.99999999999997
-75.99999999999997
-84.99999999999997
-80.49999999999997
-77.0
-81.49999999999999
-86.49999999999999
-90.5
-70.99999999999999
-65.5
-74.49999999999999
-72.49999999999997
-85.0
-94.99999999999997
-115.99999999999999
-70.49999999999999
-77.0
-136.0
-76.99999999999997
-77.5
-75.99999999999997
-84.99999999999997
-100.49999999999997
-80.5
-500.0
-500.0
-500.0
-270.5
-173.49999999999994
-175.99999999999994
-171.5
-245.0
-136.99999999999994
-158.0
-131.0
-122.00000000000001
-110.0
-120.5
-104.99999999999999
-142.5
-108.49999999999997
-97.5
-102.99999999999999
-95.5
-172.5
-93.49999999999999
-117.99999999999999
-95.99999999999999
-119.0
-99.5
-106.5
-102.5
-85.49999999999997
-76.99999999999997
-101.0
-92.99999999999999
-81.49999999999997
-98.0
-103.99999999999999
-98.0
-92.5
-104.0
-89.5
-114.99999999999999
-85.5
-92.99999999999997
-76.99999999999997
-107.99999999999999
-73.99999999999999
-116.0
-84.0
-123.99999999999997
-84.5
-84.49999999999999
-96.5
-81.49999999999999
-80.0
-91.99999999999997
-73.99999999999999
-100.0
-76.49999999999999
-90.99999999999997
-111.49999999999999
-90.99999999999999
-80.49999999999997
-109.0
-84.49999999999999
-82.49999999999999
-72.99999999999999
-94.99999999999999
-102.0
-84.99999999999997
-85.5
-75.5
-79.99999999999997
-82.99999999999997
-84.5
-73.49999999999997
-81.49999999999997
-89.99999999999997
-90.0
-88.49999999999997
-76.49999999999997
-97.99999999999999
-67.0
-82.49999999999999
-78.0
-121.49999999999997
-81.99999999999999
-87.99999999999999
-83.99999999999997
-87.49999999999997
-80.99999999999997
-78.5
-106.49999999999999
-141.5
-95.0
-85.99999999999997
-87.49999999999999
-77.0
-104.0
-82.49999999999997
-67.99999999999999
-79.5
-71.5
-71.99999999999999
-75.5
-76.5
-66.99999999999999
-84.99999999999997
-83.49999999999999
-77.99999999999997
-73.49999999999997
-83.0
-125.49999999999997
-76.5
-73.99999999999999
-114.99999999999997
-71.5
-92.49999999999997
-74.49999999999999
-89.49999999999997
-80.49999999999997
-89.99999999999997
-111.49999999999997
-77.99999999999997
-75.99999999999997
-108.5
-88.49999999999997
-75.0
-85.0
-79.0
-72.5
-84.5
-78.0
-67.0
-92.0
-75.99999999999997
-79.49999999999999
-140.0
-78.99999999999999
-94.5
-81.49999999999999
-78.99999999999997
-72.49999999999997
-125.0
-139.0
-88.0
-84.49999999999999
-74.49999999999997
-84.99999999999999
-74.49999999999997
-91.49999999999999
-95.99999999999999
-83.99999999999997
-110.49999999999997
-106.49999999999999
-175.0
-105.5
-86.0
-86.49999999999999
-103.0
-94.99999999999997
-121.49999999999997
-82.5
-89.0
-88.99999999999997
-100.99999999999997
-95.5
-75.49999999999997
-109.5
-171.00000000000003
-121.0
-246.0
-106.99999999999999
-91.0
-87.49999999999997
-85.0
-74.99999999999997
-98.49999999999999
-90.99999999999999
-87.99999999999997
-97.5
-90.0
-99.49999999999997
-94.49999999999999
-84.99999999999997
-94.99999999999997
-80.0
-88.99999999999999
-90.49999999999999
-86.49999999999999
-106.0
-289.5
-89.49999999999997
-95.49999999999997
-91.99999999999997
-84.5
-93.99999999999999
-84.99999999999997
-91.0
-89.0
-93.5
-87.49999999999999
-96.49999999999999
-104.5
-86.99999999999997
-81.99999999999999
-92.5
-78.49999999999999
-93.0
-85.49999999999997
-79.99999999999997
-90.99999999999997
-144.5
-93.5
-99.49999999999999
-102.0
-86.49999999999999
-95.49999999999997
-121.49999999999997
-101.5
-83.0
-74.99999999999999
-78.99999999999997
-103.0
-72.49999999999997
-95.99999999999997
-78.99999999999997
-117.49999999999997
-91.99999999999997
-92.5
-89.99999999999997
-89.49999999999997
-89.49999999999997
-82.99999999999997
-94.49999999999999
-79.49999999999999
-92.99999999999999
-73.99999999999999
-102.0
-97.0
-114.49999999999999
-90.99999999999999
-85.99999999999997
-104.5
-86.49999999999999
-73.5
-89.49999999999999
-72.99999999999999
-85.49999999999997
-80.49999999999997
-83.49999999999997
-87.5
-80.99999999999997
-114.49999999999999
-78.49999999999997
-94.49999999999999
-72.49999999999997
-82.5
-91.49999999999999
-93.99999999999999
-75.49999999999997
-75.5
-77.0
-83.99999999999997
-83.99999999999997
-82.99999999999997
-79.99999999999999
-75.99999999999999
-89.0
-143.5
-90.99999999999999
-80.5
-71.99999999999997
-76.0
-83.49999999999997
-85.5
-93.0
-84.99999999999999
-67.0
-77.0
-88.99999999999997
-81.0
-62.999999999999986
-86.49999999999999
-80.49999999999999
-85.49999999999997
-97.5
-128.49999999999997
-71.49999999999997
-94.99999999999997
-91.49999999999999
-114.49999999999999
-89.0
-85.0
-78.49999999999999
-69.99999999999999
-85.99999999999999
-80.49999999999997
-93.0
-83.5
-77.49999999999997
-90.99999999999997
-84.99999999999997
-89.5
-93.5
-83.5
-119.99999999999999
-90.0
-88.0
-78.49999999999999
-85.99999999999997
-77.49999999999997
-93.49999999999999
-95.99999999999997
-85.49999999999997
-83.99999999999997
-80.0
-70.49999999999999
-75.49999999999999
-72.49999999999997
-85.5
-86.0
-78.49999999999997
-78.0
-105.0
-74.49999999999997
-121.0
-82.99999999999997
-73.0
-85.0
-93.0
-77.49999999999997
-89.0
-75.99999999999999
-87.0
-74.49999999999999
-86.99999999999999
-85.5
-80.99999999999999
-124.49999999999997
-80.99999999999997
-112.0
-106.99999999999999
-79.49999999999999
-90.0
-71.99999999999999
-81.49999999999997
-78.49999999999997
-90.49999999999997
-83.0
-77.49999999999997
-83.5
-88.49999999999997
-80.99999999999997
-73.49999999999997
-124.49999999999997
-78.99999999999999
-111.49999999999997
-67.49999999999997
-102.5
-77.0
-107.99999999999997
-83.5
-86.99999999999999
-80.0
-91.49999999999997
-92.99999999999997
-78.99999999999999
-121.5
-91.99999999999997
-76.99999999999997
-76.99999999999997
-78.99999999999999
-81.99999999999999
-87.99999999999997
-81.99999999999999
-69.0
-88.5
-124.0
-118.0
-72.49999999999997
-113.49999999999997
-72.49999999999997
-78.49999999999999
-85.99999999999999
-77.5
-81.49999999999999
-85.5
-107.5
-73.0
-89.5
-84.99999999999997
-74.49999999999997
-77.49999999999999
-97.49999999999997
-82.0
-87.99999999999999
-85.99999999999999
-140.5
-78.49999999999999
-95.00000000000001
-97.49999999999997
-500.0
-500.0
-500.0
-500.0
-500.0
-500.0
-500.0
-500.0
-500.0
-500.0
-500.0
-500.0
-500.0
-500.0
-500.0
-500.0
-500.0
-500.0
-500.0
-500.0
-500.0
-500.0
-500.0
-500.0
-500.0
-500.0
-500.0
-500.0
-500.0
-500.0
-500.0
-500.0
-500.0
-500.0
-500.0
-500.0
-500.0
-127.49999999999999
-185.0
-183.0
-121.0
-347.0
-127.5
-107.0
-88.99999999999997
-138.5
-115.5
-100.5
-102.5
-90.99999999999997
-100.0
-140.0
-94.5
-91.5
-97.99999999999997
-81.49999999999999
-151.0
-122.0
-70.99999999999997
-101.49999999999997
-111.49999999999997
-81.49999999999997
-81.99999999999997
-78.99999999999999
-82.49999999999999
-77.49999999999997
-86.99999999999997
-266.0
-83.5
-83.99999999999999
-92.99999999999997
-64.99999999999997
-83.49999999999999
-98.49999999999999
-70.99999999999997
-86.99999999999997
-85.99999999999999
-331.5
-83.49999999999997
-90.49999999999997
-89.49999999999997
-79.49999999999999
-70.49999999999997
-92.99999999999999
-89.99999999999997
-74.49999999999999
-82.99999999999997
-72.49999999999997
-90.0
-77.49999999999997
-73.99999999999999
-86.99999999999999
-68.99999999999997
-102.99999999999999
-80.99999999999997
-77.49999999999997
-84.49999999999997
-67.5
-77.99999999999997
-89.5
-84.0
-64.99999999999999
-83.49999999999999
-122.49999999999997
-75.99999999999999
-76.49999999999997
-80.49999999999999
-104.99999999999997
-78.99999999999997
-74.99999999999999
-113.99999999999997
-87.5
-79.99999999999997
-78.49999999999999
-78.99999999999999
-97.5
-67.5
-86.49999999999997
-67.5
-80.99999999999997
-95.5
-74.99999999999997
-80.99999999999999
-128.5
-78.99999999999999
-93.49999999999999
-100.99999999999997
-93.0
-74.49999999999999
-123.99999999999997
-73.99999999999999
-76.99999999999999
-157.5
-108.0
-83.49999999999997
-99.99999999999997
-98.0
-76.49999999999997
-83.49999999999997
-83.49999999999999
-77.49999999999997
-76.49999999999999
-71.49999999999999
-75.49999999999999
-74.99999999999997
-81.49999999999999
-72.5
-85.99999999999997
-76.49999999999997
-91.5
-81.49999999999999
-80.99999999999999
-78.0
-87.49999999999997
-71.5
-72.5
-73.0
-82.49999999999999
-79.5
-80.49999999999997
-77.99999999999997
-82.49999999999999
-67.0
-83.5
-73.99999999999999
-79.99999999999997
-69.49999999999997
-81.49999999999997
-69.99999999999997
-87.49999999999997
-78.99999999999999
-78.49999999999999
-78.49999999999999
-65.99999999999999
-78.99999999999997
-77.49999999999997
-81.49999999999999
-102.99999999999997
-80.99999999999997
-107.99999999999999
-76.99999999999997
-76.5
-92.5
-89.0
-81.0
-78.5
-68.99999999999997
-71.0
-123.99999999999997
-75.49999999999999
-77.0
-89.49999999999999
-96.5
-85.0
-81.99999999999999
-105.49999999999997
-72.5
-70.49999999999997
-85.0
-78.49999999999997
-500.0
-500.0
-500.0
-500.0
-500.0
-500.0
-500.0
-500.0
-500.0
-500.0
-500.0
-500.0
-500.0
-500.0
-500.0
-500.0
-500.0
-500.0
-500.0
-500.0
-500.0
-500.0
-500.0
-500.0
-500.0
-500.0
-500.0
-500.0
-500.0
-500.0
-500.0
-500.0
-500.0
-500.0
-500.0
-500.0
-500.0
-500.0
-500.0
-500.0
-500.0
-500.0
-500.0
-500.0
-500.0
-500.0
-500.0
-500.0
-500.0
-500.0
-500.0
-500.0
-500.0
-500.0
-500.0
-500.0
-500.0
-500.0
-500.0
-500.0
-500.0
-500.0
-500.0
-500.0
-500.0
-500.0
-500.0
-500.0
-500.0
-500.0
-500.0
-500.0
-500.0
-500.0
-500.0
-500.0
-500.0
-500.0
-500.0
-500.0
-500.0
-500.0
-500.0
-500.0
-500.0
-500.0
-500.0
-500.0
-500.0
-500.0
-500.0
-500.0
-500.0
-500.0
-500.0
-500.0
-500.0
-500.0
-500.0
-500.0
-500.0
-500.0
-500.0
-500.0
-500.0
-500.0
-500.0
-500.0
-500.0
-500.0
-500.0
-500.0
-500.0
-500.0
-500.0
-500.0
-500.0
-500.0
-500.0
-500.0
-500.0
-500.0
-500.0
-500.0
-500.0
-500.0
-500.0
-500.0
-500.0
-500.0
-500.0
-500.0
-500.0
-500.0
-500.0
-500.0
-500.0
-500.0
-500.0
-500.0
-500.0
-500.0
-500.0
-500.0
-500.0
-500.0
-500.0
-500.0
-500.0
-500.0
-500.0
-500.0
-500.0
-500.0
-500.0
-500.0
-500.0
-500.0
-500.0
-500.0
-500.0
-500.0
-500.0
-500.0
-500.0
-500.0
-500.0
-500.0
-500.0
-500.0
-500.0
-500.0
-500.0
-500.0
-500.0
-500.0
-500.0
-500.0
-500.0
-500.0
-500.0
-500.0
-500.0
-500.0
-500.0
-500.0
-500.0
-500.0
-500.0
-500.0
-500.0
-500.0
-500.0
-500.0
-500.0
-500.0
-500.0
-500.0
-500.0
-500.0
-292.5
-79.5
-85.49999999999997
-93.49999999999999
-84.99999999999997
-85.99999999999999
-82.49999999999999
-109.49999999999997
-104.0
-76.0
-84.49999999999999
-76.49999999999997
-80.49999999999997
-70.49999999999997
-74.99999999999997
-81.49999999999997
-76.49999999999997
-83.0
-81.99999999999999
-78.49999999999997
-83.0
-68.99999999999997
-80.5
-79.49999999999999
-78.49999999999997
-81.49999999999997
-85.0
-76.49999999999997
-75.99999999999997
-105.99999999999999
-76.99999999999999
-79.49999999999997
-81.49999999999997
-76.49999999999999
-89.99999999999999
-82.99999999999997
-91.49999999999999
-69.49999999999997
-72.99999999999999
-73.49999999999997
-84.49999999999997
-71.99999999999999
-80.49999999999997
-85.99999999999997
-75.49999999999997
-81.49999999999999
-77.5
-83.99999999999997
-75.99999999999997
-82.0
-84.5
-90.99999999999997
-86.49999999999999
-79.0
-78.0
-79.99999999999997
-80.49999999999997
-76.99999999999997
-78.49999999999999
-75.99999999999997
-78.49999999999997
-80.0
-79.0
-72.49999999999997
-97.5
-78.99999999999999
-116.0
-76.99999999999997
-91.49999999999999
-83.0
-94.5
-80.99999999999997
-73.49999999999997
-80.99999999999999
-73.49999999999999
-77.5
-79.49999999999999
-85.99999999999997
-116.49999999999997
-254.0
-102.0
-174.0
-76.49999999999999
-78.49999999999997
-75.49999999999997
-84.49999999999997
-134.49999999999997
-72.5
-83.99999999999999
-70.49999999999997
-110.49999999999999
-68.99999999999999
-74.99999999999999
-77.99999999999997
-84.5
-69.99999999999999
-74.99999999999997
-86.49999999999999
-76.99999999999997
-76.49999999999997
-69.99999999999997
-78.49999999999999
-83.0
-68.0
-74.99999999999999
-85.49999999999997
-67.99999999999997
-86.49999999999999
-76.99999999999997
-87.99999999999999
-76.49999999999997
-82.0
-78.49999999999999
-286.0
-80.99999999999997
-82.0
-72.49999999999997
-80.99999999999997
-78.49999999999997
-78.5
-73.49999999999999
-92.49999999999997
-85.0
-82.49999999999997
-81.99999999999999
-96.99999999999999
-73.99999999999997
-82.99999999999999
-81.49999999999997
-108.49999999999999
-82.0
-66.49999999999997
-81.49999999999997
-74.49999999999997
-85.99999999999997
-83.99999999999999
-74.49999999999999
-86.99999999999999
-82.99999999999997
-75.99999999999997
-77.99999999999997
-80.0
-86.49999999999999
-81.49999999999997
-73.49999999999999
-80.99999999999997
-78.0
-77.99999999999999
-102.5
-89.49999999999999
-81.0
-87.49999999999999
-72.49999999999997
-82.49999999999997
-77.49999999999997
-87.49999999999997
-78.49999999999997
-81.49999999999999
-76.49999999999997
-114.99999999999997
-93.49999999999997
-77.5
-68.99999999999999
-77.99999999999997
-79.99999999999999
-86.99999999999997
-87.49999999999997
-77.49999999999997
-73.99999999999997
-92.5
-145.5
-76.0
-68.49999999999997
-82.5
-91.49999999999999
-74.99999999999999
-74.49999999999999
-81.49999999999999
-78.99999999999997
-75.49999999999999
-77.49999999999997
-73.49999999999999
-74.99999999999999
-80.49999999999997
-80.99999999999997
-73.0
-76.49999999999999
-73.49999999999997
-70.49999999999999
-71.99999999999997
-76.5
-72.0
-73.99999999999999
-88.99999999999997
-82.99999999999997
-73.49999999999997
-92.99999999999999
-66.49999999999997
-84.49999999999997
-75.49999999999999
-500.0
-500.0
-500.0
-500.0
-500.0
-500.0
-500.0
-500.0
-500.0
-500.0
-500.0
-500.0
-500.0
-500.0
-500.0
-500.0
-500.0
-500.0
-500.0
-500.0
-500.0
-500.0
-500.0
-500.0
-500.0
-500.0
-500.0
-500.0
-500.0
-500.0
-500.0
-500.0
-500.0
-500.0
-500.0
-500.0
-500.0
-500.0
-500.0
-500.0
-500.0
-500.0
-500.0
-500.0
-500.0
-500.0
-500.0
-500.0
-500.0
-500.0
-500.0
-500.0
-500.0
-500.0
-500.0
-500.0
-500.0
-500.0
-500.0
-500.0
-500.0
-500.0
-500.0
-500.0
-500.0
-500.0
-500.0
-500.0
-500.0
-500.0
-500.0
-500.0
-500.0
-500.0
-500.0
-500.0
-500.0
-500.0
-500.0
-500.0
-500.0
-500.0
-500.0
-500.0
-500.0
-500.0
-500.0
-500.0
-500.0
-500.0
-500.0
-500.0
-500.0
-500.0
-500.0
-500.0
-500.0
-500.0
-500.0
-500.0
-500.0
-500.0
-500.0
-500.0
-500.0
-500.0
-500.0
-500.0
-500.0
-500.0
-500.0
-500.0
-500.0
-500.0
-500.0
-500.0
-500.0
-500.0
-500.0
-500.0
-500.0
-500.0
-500.0
-500.0
-500.0
-500.0
-500.0
-500.0
-500.0
-500.0
-500.0
-500.0
-500.0
-500.0
-500.0
-500.0
-500.0
-500.0
-500.0
-500.0
-500.0
-500.0
-500.0
-500.0
-500.0
-500.0
-500.0
-500.0
-500.0
-500.0
-500.0
-500.0
-500.0
-500.0
-500.0
-500.0
-500.0
-500.0
-500.0
-500.0
-500.0
-500.0
-500.0
-500.0
-500.0
-500.0
-500.0
-500.0
-500.0
-500.0
-500.0
-500.0
-500.0
-500.0
-500.0
-500.0
-500.0
-500.0
-500.0
-500.0
-500.0
-500.0
-500.0
-500.0
-500.0
-500.0
-500.0
-500.0
-500.0
-500.0
-500.0
-500.0
-500.0
-500.0
-500.0
-500.0
-500.0
-500.0
-500.0
-500.0
-500.0
-84.99999999999999
-81.49999999999999
-76.99999999999997
-82.99999999999997
-104.49999999999997
-73.99999999999999
-85.5
-70.99999999999999
-81.99999999999999
-64.99999999999999
-83.49999999999997
-64.99999999999999
-94.49999999999999
-81.49999999999999
-83.99999999999997
-81.99999999999999
-73.99999999999999
-96.0
-68.99999999999999
-113.0
-77.5
-85.5
-68.5
-80.49999999999999
-81.99999999999999
-72.5
-72.5
-88.5
-64.99999999999999
-88.49999999999999
-75.99999999999997
-190.99999999999997
-71.49999999999997
-82.99999999999999
-122.99999999999999
-71.49999999999997
-70.49999999999999
-80.0
-81.99999999999997
-79.49999999999999
-74.49999999999999
-77.49999999999999
-89.49999999999997
-72.99999999999999
-69.49999999999999
-81.49999999999999
-73.49999999999999
-97.99999999999999
-87.99999999999999
-75.49999999999997
-79.49999999999999
-64.49999999999999
-76.49999999999999
-69.49999999999999
-77.5
-71.5
-95.99999999999999
-122.0
-65.99999999999999
-69.99999999999999
-93.99999999999999
-68.5
-85.0
-76.99999999999999
-81.0
-82.99999999999997
-69.99999999999999
-91.99999999999997
-80.49999999999997
-75.99999999999999
-286.5
-86.0
-94.0
-88.49999999999997
-71.49999999999997
-77.5
-68.0
-67.99999999999997
-105.99999999999997
-151.0
-135.0
-70.99999999999999
-82.5
-79.49999999999997
-83.99999999999999
-86.99999999999999
-89.99999999999999
-73.99999999999999
-74.99999999999997
-100.0
-72.0
-64.99999999999999
-74.99999999999997
-85.5
-75.49999999999997
-76.5
-100.0
-88.99999999999999
-73.49999999999999
-72.99999999999999
-82.99999999999997
-74.99999999999999
-83.0
-129.0
-73.99999999999999
-85.5
-76.5
-73.49999999999999
-85.0
-90.99999999999997
-119.99999999999997
-82.99999999999997
-83.99999999999999
-81.49999999999999
-151.5
-81.49999999999999
-79.49999999999997
-87.99999999999997
-75.49999999999997
-294.5
-110.99999999999997
-73.99999999999997
-90.49999999999997
-105.5
-69.99999999999999
-72.0
-72.99999999999999
-109.0
-78.49999999999999
-68.5
-63.99999999999999
-86.49999999999999
-136.49999999999997
-73.99999999999999
-68.0
-84.0
-85.0
-93.0
-118.0
-82.99999999999999
-79.49999999999999
-142.0
-80.49999999999997
-82.0
-81.49999999999999
-78.99999999999999
-68.0
-82.5
-79.49999999999999
-81.99999999999997
-83.49999999999997
-77.0
-74.49999999999999
-69.99999999999999
-86.49999999999999
-74.49999999999999
-72.5
-70.49999999999999
-68.99999999999999
-69.99999999999999
-81.0
-80.5
-138.99999999999997
-103.49999999999999
-80.0
-77.49999999999999
-83.49999999999997
-81.49999999999999
-88.99999999999997
-88.99999999999997
-77.5
-96.49999999999997
-73.49999999999999
-80.5
-76.99999999999997
-70.49999999999999
-81.99999999999997
-76.99999999999999
-75.99999999999999
-83.49999999999997
-77.0
-77.49999999999997
-74.49999999999999
-82.49999999999997
-77.5
-81.0
-72.49999999999997
-78.49999999999997
-83.49999999999999
-83.49999999999999
-87.0
-86.99999999999999
-77.99999999999999
-88.99999999999999
-80.99999999999999
-77.5
-108.99999999999999
-86.99999999999997
-86.99999999999997
-84.99999999999997
-71.5
-79.49999999999997
-95.5
-80.99999999999997
-64.49999999999999
-66.49999999999999
-98.0
-84.99999999999997
-82.49999999999997
-105.49999999999999
-77.0
-77.49999999999997
-88.49999999999999
-83.99999999999999
-73.99999999999999
-74.99999999999999
-94.99999999999997
-71.5
-80.49999999999997
-75.99999999999997
-86.0
-83.5
-74.99999999999999
-84.49999999999999
-92.0
-87.99999999999997
-68.99999999999999
-90.5
-89.49999999999999
-78.49999999999999
-90.99999999999997
-83.99999999999999
-90.99999999999997
-91.99999999999999
-81.99999999999999
-137.0
-88.99999999999999
-67.5
-80.49999999999997
-95.0
-82.49999999999999
-80.99999999999999
-92.0
-86.99999999999999
-106.49999999999999
-103.99999999999999
-87.49999999999997
-96.5
-85.49999999999997
-81.5
-78.99999999999997
-71.99999999999999
-84.49999999999999
-70.99999999999997
-94.99999999999997
-89.99999999999997
-76.0
-80.0
-81.49999999999997
-77.99999999999997
-75.0
-77.5
-85.99999999999999
-72.0
-80.49999999999997
-89.49999999999999
-81.49999999999999
-70.49999999999999
-84.99999999999997
-81.99999999999999
-88.5
-116.99999999999999
-93.5
-75.49999999999997
-73.99999999999999
-73.49999999999997
-73.5
-88.0
-80.0
-131.5
-84.99999999999997
-95.0
-72.99999999999997
-80.49999999999997
-92.49999999999997
-76.49999999999999
-78.49999999999997
-86.49999999999999
-107.0
-81.49999999999999
-71.49999999999999
-78.0
-118.49999999999999
-74.49999999999997
-83.49999999999999
-96.0
-87.99999999999999
-101.5
-90.0
-77.49999999999997
-92.5
-73.0
-104.99999999999999
-87.5
-81.99999999999999
-88.99999999999997
-73.49999999999999
-75.99999999999997
-69.99999999999997
-84.5
-81.49999999999997
-81.99999999999999
-73.49999999999997
-75.99999999999997
-105.99999999999997
-83.49999999999997
-81.99999999999999
-71.99999999999997
-120.5
-85.0
-75.99999999999999
-89.99999999999997
-75.49999999999999
-136.5
-84.0
-82.49999999999999
-126.99999999999996
-73.99999999999997
-85.5
-85.49999999999997
-82.99999999999997
-76.99999999999997
-178.99999999999997
-95.0
-69.49999999999997
-73.49999999999997
-88.99999999999997
-83.5
-109.99999999999997
-86.99999999999999
-88.49999999999997
-109.49999999999999
-80.49999999999997
-82.49999999999997
-83.49999999999997
-81.49999999999997
-79.99999999999997
-90.99999999999999
-74.99999999999999
-101.5
-79.49999999999999
-73.99999999999999
-93.49999999999997
-76.0
-133.99999999999997
-78.49999999999997
-77.99999999999997
-106.0
-83.99999999999997
-74.49999999999997
-69.5
-88.99999999999997
-81.99999999999999
-85.0
-87.99999999999999
-78.49999999999997
-86.49999999999999
-85.49999999999997
-72.99999999999997
-79.49999999999997
-75.49999999999999
-73.49999999999997
-77.49999999999999
-131.0
-82.49999999999997
-82.49999999999997
-84.0
-77.99999999999999
-80.49999999999997
-86.0
-78.49999999999999
-76.99999999999997
-90.5
-75.0
-78.49999999999997
-96.0
-94.0
-80.99999999999997
-84.99999999999999
-81.99999999999999
-78.0
-76.49999999999997
-114.99999999999999
-80.49999999999997
-74.99999999999997
-75.5
-81.0
-89.49999999999999
-75.5
