18.500000000000004
27.000000000000007
22.500000000000004
20.500000000000007
24.000000000000007
22.000000000000004
29.5
18.500000000000004
17.0
19.000000000000004
58.499999999999986
48.999999999999986
15.000000000000002
14.5
15.500000000000004
18.0
20.000000000000004
26.000000000000007
14.0
16.000000000000004
15.000000000000002
11.0
16.500000000000004
18.500000000000007
16.0
20.000000000000007
29.999999999999993
30.000000000000004
14.000000000000004
53.5
23.500000000000007
25.000000000000007
46.5
19.000000000000004
37.5
44.5
71.49999999999999
70.00000000000001
54.499999999999986
62.999999999999986
53.99999999999998
66.49999999999999
53.0
39.5
30.500000000000004
60.99999999999998
76.49999999999997
61.99999999999997
82.99999999999999
96.99999999999997
75.49999999999999
70.99999999999999
115.49999999999997
160.5
88.0
96.5
55.999999999999986
60.49999999999998
114.0
20.5
16.000000000000004
22.500000000000007
37.499999999999986
45.5
44.999999999999986
23.5
60.5
67.49999999999997
107.0
149.0
246.99999999999994
38.0
22.500000000000004
44.999999999999986
21.500000000000007
25.0
18.500000000000004
28.49999999999999
58.0
74.5
49.99999999999999
33.50000000000001
96.0
55.999999999999986
82.49999999999997
118.5
123.0
131.0
109.49999999999997
176.5
115.49999999999997
141.99999999999994
254.0
214.5
172.0
195.49999999999997
194.49999999999997
407.0
398.5
330.5
323.49999999999994
410.0
500.0
488.00000000000006
500.0
361.5
500.0
500.0
393.5
500.0
500.0
500.0
500.0
500.0
500.0
500.0
500.0
500.0
500.0
500.0
500.0
500.0
500.0
500.0
500.0
500.0
500.0
500.0
500.0
500.0
500.0
500.0
500.0
500.0
500.0
500.0
500.0
500.0
500.0
500.0
500.0
500.0
500.0
500.0
500.0
500.0
500.0
500.0
500.0
311.0
500.0
500.0
500.0
500.0
124.0
500.0
500.0
500.0
500.0
500.0
500.0
500.0
500.0
500.0
500.0
500.0
500.0
500.0
500.0
500.0
500.0
500.0
500.0
500.0
500.0
500.0
500.0
500.0
500.0
500.0
500.0
500.0
500.0
500.0
500.0
500.0
500.0
500.0
500.0
500.0
500.0
500.0
500.0
500.0
500.0
500.0
500.0
500.0
500.0
500.0
10.0
9.5
9.5
10.0
10.0
10.0
8.5
8.5
9.5
11.0
41.5
36.50000000000001
43.499999999999986
52.499999999999986
28.000000000000007
14.5
57.5
12.000000000000002
19.000000000000004
16.500000000000004
23.000000000000007
15.500000000000002
33.00000000000001
30.000000000000007
12.500000000000002
22.500000000000004
26.5
21.500000000000007
31.000000000000007
16.000000000000004
15.000000000000004
24.000000000000004
14.000000000000002
18.500000000000004
35.0
25.500000000000004
19.000000000000004
20.500000000000007
21.500000000000007
13.500000000000004
11.500000000000002
25.000000000000007
33.49999999999999
30.000000000000007
40.49999999999999
40.0
49.49999999999999
109.99999999999999
65.49999999999997
17.500000000000004
41.99999999999999
18.500000000000007
40.999999999999986
16.500000000000004
27.500000000000007
15.000000000000002
26.000000000000007
34.5
20.500000000000007
12.500000000000004
48.5
23.000000000000007
26.500000000000007
13.000000000000004
30.000000000000004
21.500000000000007
15.500000000000004
28.000000000000007
40.999999999999986
92.99999999999997
116.49999999999997
268.0
260.0
185.99999999999994
133.49999999999997
202.49999999999997
293.5
298.5
276.5
334.5
340.5
336.49999999999994
199.49999999999997
291.0
191.5
362.5
288.49999999999994
146.99999999999997
166.0
188.5
224.5
204.99999999999997
229.5
449.0
319.49999999999994
263.5
430.5
367.0
416.0
500.0
500.0
358.5
356.0
232.50000000000006
454.5
398.5
500.0
485.0
500.0
500.0
500.0
494.5
472.5
500.0
500.0
500.0
500.0
500.0
459.5
330.99999999999994
345.4999999999999
390.99999999999994
500.0
500.0
500.0
500.0
482.0
473.0
500.0
500.0
500.0
500.0
500.0
500.0
355.99999999999994
409.0
500.0
403.0
500.0
500.0
500.0
500.0
496.5
500.0
500.0
500.0
500.0
500.0
500.0
500.0
500.0
500.0
500.0
500.0
500.0
500.0
449.49999999999994
385.0
500.0
500.0
500.0
500.0
500.0
500.0
418.5
500.0
500.0
500.0
500.0
500.0
500.0
500.0
500.0
500.0
500.0
500.0
500.0
500.0
500.0
472.0
500.0
500.0
500.0
500.0
500.0
500.0
500.0
500.0
444.49999999999994
500.0
497.5
480.50000000000006
500.0
500.0
500.0
500.0
500.0
500.0
500.0
500.0
9.0
8.5
9.5
9.5
10.0
10.5
10.0
8.5
10.0
9.5
9.0
10.5
8.5
8.5
9.0
9.0
10.5
11.500000000000002
10.500000000000002
11.0
12.000000000000002
12.500000000000002
11.500000000000002
16.500000000000004
15.000000000000002
14.000000000000004
11.500000000000002
28.999999999999996
19.500000000000004
26.500000000000004
17.5
24.500000000000007
15.000000000000002
20.000000000000004
26.499999999999996
11.0
18.0
22.500000000000007
23.500000000000004
55.499999999999986
23.500000000000007
13.0
33.5
15.000000000000002
23.000000000000007
43.49999999999999
36.99999999999999
48.99999999999998
26.0
26.500000000000007
16.000000000000004
38.5
44.99999999999999
39.5
18.500000000000004
18.5
17.000000000000004
15.500000000000002
16.0
41.999999999999986
33.49999999999999
26.0
45.499999999999986
20.5
41.0
13.000000000000004
33.5
23.500000000000007
29.000000000000007
25.000000000000007
48.0
34.0
21.000000000000007
19.000000000000004
48.499999999999986
28.000000000000007
28.000000000000007
37.0
45.0
54.49999999999997
35.99999999999999
25.000000000000004
22.500000000000004
18.500000000000004
23.000000000000004
31.999999999999993
23.500000000000007
25.0
24.500000000000007
34.49999999999999
21.000000000000007
33.5
43.5
51.999999999999986
62.999999999999986
42.0
49.99999999999999
26.500000000000007
43.5
32.0
60.0
36.99999999999999
46.0
40.5
52.0
32.00000000000001
21.500000000000004
34.5
25.000000000000007
45.5
46.499999999999986
43.999999999999986
48.499999999999986
47.499999999999986
59.499999999999986
29.5
30.500000000000004
36.5
37.49999999999999
37.49999999999999
55.0
58.0
43.99999999999999
30.500000000000007
29.500000000000007
33.5
21.000000000000007
29.500000000000007
46.49999999999999
34.49999999999999
33.50000000000001
43.0
35.5
53.0
38.0
37.99999999999999
51.499999999999986
32.50000000000001
55.5
51.499999999999986
34.0
41.499999999999986
29.500000000000007
58.499999999999986
60.0
43.99999999999999
70.49999999999999
41.49999999999999
43.5
56.0
45.99999999999999
45.499999999999986
50.0
40.0
60.999999999999986
42.999999999999986
28.5
42.999999999999986
27.000000000000007
37.50000000000001
37.0
62.49999999999999
35.0
46.999999999999986
23.500000000000007
45.49999999999999
45.0
47.5
75.49999999999999
43.499999999999986
46.5
29.000000000000007
52.99999999999998
72.49999999999997
47.999999999999986
50.499999999999986
53.0
26.0
73.99999999999999
49.99999999999998
36.999999999999986
29.500000000000007
21.500000000000007
48.999999999999986
29.000000000000007
24.000000000000007
26.000000000000007
26.5
41.0
47.0
39.99999999999999
52.499999999999986
58.499999999999986
33.5
46.999999999999986
42.49999999999999
37.0
43.0
28.500000000000007
26.000000000000007
54.5
55.0
56.99999999999998
32.00000000000001
27.000000000000007
36.5
32.00000000000001
29.500000000000007
43.0
86.49999999999999
51.999999999999986
23.0
51.999999999999986
54.999999999999986
50.5
45.49999999999999
43.999999999999986
51.999999999999986
74.99999999999999
31.000000000000004
38.0
36.5
79.99999999999997
48.499999999999986
30.000000000000007
38.49999999999999
40.5
40.0
44.99999999999998
55.999999999999986
41.99999999999999
57.999999999999986
59.499999999999986
53.99999999999998
61.499999999999986
40.99999999999999
44.5
79.0
71.99999999999999
59.999999999999986
69.0
46.999999999999986
69.5
74.0
49.49999999999999
65.49999999999999
68.5
58.999999999999986
56.499999999999986
59.499999999999986
61.499999999999986
72.49999999999997
48.499999999999986
54.49999999999999
75.99999999999997
53.49999999999998
51.499999999999986
83.99999999999997
94.99999999999999
63.99999999999998
44.999999999999986
44.499999999999986
65.49999999999999
58.499999999999986
45.99999999999998
83.99999999999997
109.49999999999997
64.99999999999997
52.999999999999986
65.99999999999999
69.49999999999999
55.499999999999986
71.00000000000001
69.49999999999997
97.99999999999997
40.999999999999986
94.49999999999997
86.99999999999999
67.49999999999999
73.49999999999999
60.99999999999998
56.99999999999998
77.49999999999999
114.99999999999997
70.99999999999999
70.99999999999999
66.99999999999999
65.49999999999999
78.5
81.5
78.0
76.5
100.0
79.49999999999999
63.99999999999998
48.0
82.99999999999999
78.99999999999999
65.49999999999999
58.499999999999986
55.0
84.0
73.49999999999997
122.49999999999997
74.99999999999997
49.99999999999999
95.0
65.99999999999997
51.999999999999986
145.50000000000003
87.99999999999999
90.99999999999999
57.999999999999986
108.99999999999999
85.99999999999997
62.499999999999986
115.49999999999997
50.999999999999986
74.99999999999999
90.5
88.99999999999997
70.99999999999999
56.49999999999998
49.49999999999998
104.99999999999999
69.49999999999997
81.5
71.49999999999997
76.99999999999997
50.499999999999986
70.49999999999999
84.49999999999999
69.5
61.499999999999986
78.5
78.99999999999999
74.49999999999997
99.49999999999999
86.49999999999997
72.49999999999997
115.49999999999999
83.99999999999997
74.5
114.99999999999999
188.5
89.99999999999997
83.99999999999999
87.49999999999997
87.49999999999997
104.5
102.0
118.0
158.5
78.99999999999999
110.99999999999997
52.499999999999986
133.0
86.99999999999997
94.5
73.99999999999999
115.49999999999997
136.0
71.99999999999997
70.5
53.49999999999998
82.49999999999997
98.49999999999999
135.0
66.49999999999999
102.49999999999997
81.0
88.49999999999997
77.0
59.499999999999986
85.0
61.999999999999986
67.99999999999997
77.99999999999997
99.99999999999997
145.5
87.49999999999997
96.5
43.499999999999986
36.50000000000001
87.99999999999999
80.49999999999997
107.0
138.5
66.99999999999999
87.49999999999999
70.49999999999999
95.5
88.99999999999999
95.99999999999999
199.5
93.49999999999997
74.49999999999999
86.5
71.99999999999997
83.49999999999999
10.0
10.0
8.5
10.0
11.500000000000002
9.5
9.5
10.5
9.5
9.0
9.5
10.5
12.000000000000002
12.000000000000002
11.500000000000002
11.0
9.0
10.0
10.0
10.0
10.5
10.5
12.000000000000002
10.5
12.000000000000002
14.000000000000004
10.0
11.500000000000002
10.0
10.0
12.500000000000002
15.000000000000002
13.000000000000002
18.000000000000007
17.500000000000007
18.000000000000007
17.500000000000007
18.0
17.5
14.000000000000004
22.000000000000007
15.000000000000004
20.000000000000007
32.50000000000001
20.0
30.5
39.5
41.49999999999999
34.0
30.000000000000007
33.5
44.499999999999986
50.499999999999986
59.999999999999986
59.499999999999986
101.99999999999997
69.99999999999997
41.499999999999986
51.499999999999986
46.499999999999986
42.5
47.499999999999986
32.50000000000001
30.000000000000004
20.500000000000007
18.000000000000007
25.5
26.000000000000007
26.000000000000007
23.500000000000007
20.000000000000004
18.0
21.500000000000004
24.500000000000007
27.000000000000007
23.000000000000007
21.000000000000007
29.500000000000007
28.000000000000007
21.000000000000007
28.5
24.500000000000004
24.500000000000007
25.000000000000007
23.500000000000007
27.500000000000007
29.000000000000007
36.00000000000001
23.500000000000007
22.500000000000007
21.000000000000007
21.500000000000007
24.500000000000004
24.000000000000007
30.000000000000004
31.000000000000004
25.000000000000007
27.500000000000004
23.000000000000007
21.500000000000007
25.000000000000007
26.500000000000007
21.000000000000007
28.5
30.000000000000007
21.500000000000004
21.0
23.000000000000007
30.000000000000007
30.000000000000004
30.000000000000007
29.000000000000007
28.000000000000007
30.000000000000007
29.500000000000004
24.000000000000007
27.000000000000007
40.0
38.5
28.500000000000007
35.5
44.0
44.499999999999986
41.0
46.0
49.99999999999999
42.49999999999999
40.0
38.0
47.999999999999986
70.49999999999999
53.99999999999999
61.999999999999986
62.499999999999986
61.49999999999997
53.49999999999999
47.499999999999986
62.999999999999986
44.0
46.999999999999986
52.5
67.99999999999997
56.0
65.99999999999997
106.49999999999997
76.49999999999997
72.99999999999997
79.99999999999997
66.99999999999997
59.499999999999986
51.999999999999986
45.999999999999986
72.49999999999999
106.5
76.5
73.5
70.99999999999999
81.99999999999997
88.99999999999999
74.49999999999997
67.49999999999997
54.499999999999986
80.49999999999997
71.99999999999999
64.99999999999999
57.99999999999997
41.0
67.49999999999999
51.999999999999986
57.49999999999999
138.5
99.99999999999997
96.5
134.5
101.49999999999999
85.5
84.49999999999997
103.49999999999997
119.99999999999997
121.5
120.99999999999999
55.499999999999986
59.99999999999998
91.99999999999999
124.0
91.99999999999999
140.0
119.49999999999997
114.49999999999997
62.49999999999997
126.49999999999999
79.99999999999997
36.5
38.499999999999986
64.49999999999999
74.49999999999997
74.49999999999997
126.99999999999999
80.49999999999999
92.99999999999999
9.0
14.0
13.500000000000004
33.50000000000001
42.99999999999999
11.0
19.000000000000004
16.500000000000004
18.000000000000007
28.99999999999999
17.000000000000004
12.500000000000002
11.000000000000002
17.5
29.999999999999996
23.0
23.500000000000007
17.500000000000004
22.500000000000004
14.000000000000004
12.000000000000002
28.0
23.500000000000004
14.000000000000004
17.500000000000007
17.0
31.500000000000004
17.500000000000004
18.500000000000004
40.5
13.5
17.500000000000004
19.500000000000007
42.499999999999986
15.000000000000002
21.500000000000004
15.500000000000002
19.500000000000004
39.5
17.000000000000004
32.499999999999986
21.000000000000004
22.5
13.000000000000002
29.999999999999993
25.000000000000007
17.500000000000007
44.99999999999999
43.5
34.99999999999999
28.000000000000007
25.999999999999993
19.500000000000004
34.0
22.500000000000004
68.00000000000001
66.5
89.99999999999997
15.000000000000002
15.000000000000004
18.500000000000004
11.500000000000002
9.5
19.500000000000004
20.000000000000007
25.000000000000007
22.000000000000007
20.000000000000007
13.000000000000004
16.000000000000004
20.5
21.500000000000007
15.500000000000004
21.500000000000007
23.500000000000004
39.5
39.0
23.000000000000004
19.500000000000004
23.500000000000007
17.500000000000004
26.000000000000007
16.000000000000004
24.500000000000007
21.500000000000004
19.000000000000004
16.500000000000004
22.0
17.000000000000004
44.499999999999986
29.000000000000007
39.49999999999999
35.0
23.500000000000007
14.0
38.5
31.000000000000004
42.999999999999986
46.99999999999999
16.500000000000004
34.5
19.500000000000004
17.500000000000007
19.000000000000004
28.000000000000007
27.000000000000004
66.5
34.99999999999999
44.49999999999999
36.999999999999986
31.49999999999999
28.000000000000004
31.000000000000007
31.49999999999999
44.0
65.5
37.49999999999999
45.999999999999986
62.499999999999986
72.49999999999997
39.5
35.5
51.5
58.999999999999986
36.0
15.500000000000002
80.49999999999999
37.99999999999999
15.500000000000004
52.499999999999986
144.99999999999997
49.0
37.49999999999999
63.5
137.49999999999997
204.0
205.99999999999997
139.0
121.49999999999997
160.49999999999997
139.99999999999997
146.49999999999997
118.5
160.0
165.99999999999997
202.49999999999997
251.99999999999997
299.5
169.49999999999994
247.49999999999994
190.0
162.99999999999997
119.0
170.5
215.0
229.50000000000003
300.5
271.0
188.0
332.0
339.5
147.0
313.49999999999994
252.0
215.0
205.49999999999997
223.5
175.99999999999994
331.0
229.0
220.5
177.0
155.49999999999997
247.5
376.5
210.0
375.0
429.0
305.99999999999994
400.0
39.5
73.49999999999999
62.499999999999986
73.49999999999997
66.99999999999997
72.49999999999997
53.49999999999998
79.49999999999997
56.49999999999999
106.0
100.49999999999999
118.99999999999999
123.49999999999997
273.0
273.0
173.49999999999994
291.0
289.5
377.5
220.5
10.0
12.500000000000002
12.500000000000004
13.500000000000004
12.500000000000004
11.5
11.5
13.000000000000002
11.500000000000002
13.500000000000004
11.0
11.5
12.000000000000002
11.000000000000002
11.5
12.000000000000002
12.500000000000004
10.0
12.500000000000002
10.5
9.5
10.5
11.0
10.5
12.500000000000002
11.5
14.0
12.000000000000002
12.500000000000004
13.500000000000004
11.000000000000002
12.500000000000004
15.500000000000002
14.0
11.0
15.000000000000002
14.000000000000004
18.0
14.500000000000004
17.500000000000007
14.500000000000004
13.500000000000004
16.0
14.000000000000004
12.000000000000002
18.0
14.500000000000004
20.5
15.000000000000002
24.000000000000007
22.000000000000007
20.5
19.000000000000004
18.000000000000007
23.500000000000007
21.500000000000004
22.000000000000004
25.000000000000007
25.000000000000007
22.500000000000007
24.500000000000007
31.000000000000007
34.0
36.0
53.49999999999999
65.99999999999997
55.999999999999986
64.99999999999997
155.49999999999997
161.99999999999997
213.0
200.5
70.99999999999999
43.50000000000001
48.999999999999986
65.49999999999999
75.99999999999997
134.0
157.0
124.49999999999999
101.99999999999999
157.99999999999994
178.5
129.5
41.49999999999999
31.000000000000004
39.5
33.00000000000001
61.999999999999986
106.0
65.49999999999997
104.99999999999997
162.5
99.5
197.0
204.0
195.49999999999997
170.0
225.0
208.0
210.5
127.0
157.5
157.5
179.5
138.0
130.49999999999997
128.49999999999997
212.49999999999997
117.49999999999997
207.0
235.99999999999994
111.5
164.49999999999997
77.99999999999999
53.49999999999999
132.5
156.49999999999997
110.99999999999997
37.00000000000001
32.50000000000001
78.0
91.0
49.999999999999986
55.999999999999986
20.000000000000007
33.0
40.5
26.500000000000007
23.500000000000007
35.5
54.0
58.49999999999999
164.00000000000003
115.49999999999997
92.49999999999999
147.99999999999997
265.0
187.99999999999997
206.5
238.5
243.5
230.50000000000003
241.99999999999994
312.5
208.5
310.0
149.99999999999997
265.5
148.49999999999994
140.5
226.49999999999997
348.5
209.5
232.5
175.49999999999997
137.0
102.5
164.0
162.5
155.49999999999997
308.5
275.0
273.0
246.0
289.5
279.0
255.99999999999994
242.00000000000003
253.5
210.5
223.99999999999997
286.5
374.0
268.0
234.99999999999994
251.49999999999994
238.99999999999994
305.0
324.5
283.0
285.0
333.0
421.5
334.0
242.5
326.5
348.5
317.0
286.5
355.5
369.0
181.0
239.49999999999994
190.0
211.5
136.0
221.49999999999994
224.0
249.99999999999997
24.000000000000007
27.000000000000007
23.500000000000007
19.000000000000004
22.5
19.500000000000004
17.5
43.5
14.0
29.999999999999996
20.5
35.5
34.5
27.0
41.999999999999986
15.000000000000002
12.500000000000004
20.000000000000004
19.500000000000004
14.500000000000002
13.500000000000004
20.000000000000004
28.500000000000004
25.000000000000004
13.000000000000004
17.000000000000004
42.49999999999999
18.000000000000004
18.500000000000004
22.500000000000004
15.500000000000004
22.0
24.500000000000007
14.000000000000002
19.000000000000004
27.000000000000007
13.000000000000004
17.500000000000004
13.000000000000004
19.500000000000004
14.500000000000002
17.500000000000007
49.499999999999986
18.0
30.0
19.500000000000004
41.499999999999986
17.5
27.499999999999993
27.000000000000007
31.500000000000004
26.000000000000007
16.500000000000004
19.000000000000004
15.500000000000004
19.500000000000004
13.000000000000002
16.000000000000004
17.500000000000004
14.5
11.500000000000002
14.500000000000002
19.500000000000004
36.49999999999999
32.499999999999986
12.500000000000002
31.500000000000007
30.0
17.500000000000007
13.000000000000004
20.500000000000004
36.0
53.99999999999999
17.0
22.5
19.500000000000004
23.5
12.500000000000004
26.000000000000007
22.500000000000004
15.500000000000002
13.0
15.000000000000004
18.5
15.000000000000002
18.500000000000007
18.000000000000007
31.499999999999993
26.000000000000004
12.500000000000002
21.0
15.500000000000004
21.000000000000007
29.499999999999993
16.500000000000004
20.000000000000007
25.000000000000007
23.5
18.500000000000004
26.500000000000007
18.500000000000004
18.0
28.5
18.000000000000007
25.500000000000007
31.499999999999993
17.000000000000004
21.500000000000004
16.500000000000004
18.000000000000004
18.500000000000007
18.000000000000004
27.499999999999993
21.500000000000004
40.5
23.000000000000004
16.500000000000004
23.000000000000004
22.000000000000007
24.000000000000007
16.000000000000004
19.500000000000004
40.999999999999986
17.500000000000007
14.000000000000004
37.49999999999999
20.000000000000004
17.000000000000004
24.500000000000007
19.500000000000007
31.500000000000007
23.0
16.500000000000004
35.5
18.000000000000007
15.000000000000002
19.500000000000004
15.000000000000002
14.500000000000002
14.500000000000002
24.500000000000004
28.000000000000007
34.49999999999999
17.5
21.500000000000004
20.500000000000007
32.49999999999999
33.99999999999999
16.500000000000004
15.000000000000002
31.500000000000007
19.500000000000007
52.499999999999986
21.000000000000007
31.000000000000004
39.499999999999986
16.5
12.500000000000004
18.500000000000004
15.000000000000004
21.5
10.5
19.500000000000004
16.500000000000004
16.0
15.500000000000004
15.000000000000002
22.500000000000004
16.500000000000004
26.5
21.500000000000007
10.0
17.500000000000007
10.0
15.500000000000002
14.000000000000004
23.500000000000004
12.000000000000002
39.99999999999999
31.000000000000007
13.500000000000004
15.500000000000002
10.5
18.000000000000007
17.500000000000007
33.99999999999999
33.5
18.500000000000004
33.49999999999999
27.500000000000007
31.999999999999993
23.000000000000004
15.500000000000004
26.500000000000007
21.000000000000007
24.000000000000007
31.500000000000004
22.000000000000004
31.500000000000007
20.500000000000007
24.5
14.500000000000002
34.5
13.000000000000002
26.500000000000007
19.500000000000007
15.500000000000002
21.000000000000007
20.000000000000004
16.000000000000004
41.99999999999999
12.000000000000002
24.000000000000007
14.0
26.0
19.000000000000004
16.500000000000004
20.5
31.000000000000004
14.500000000000002
36.0
12.000000000000002
18.500000000000004
42.999999999999986
15.500000000000002
20.5
22.0
30.500000000000004
35.49999999999999
28.0
18.000000000000007
17.500000000000004
43.499999999999986
17.000000000000004
28.000000000000007
13.0
14.000000000000004
18.000000000000004
15.500000000000002
12.000000000000002
47.999999999999986
22.500000000000007
38.499999999999986
14.500000000000002
12.000000000000002
30.500000000000004
12.500000000000002
20.000000000000004
29.999999999999993
22.5
24.500000000000007
25.500000000000007
34.5
21.500000000000004
29.000000000000004
30.0
23.000000000000007
12.500000000000002
19.500000000000004
41.49999999999999
18.5
29.500000000000007
13.000000000000002
13.5
43.0
30.999999999999993
20.000000000000007
17.000000000000004
31.0
35.49999999999999
33.5
21.5
24.500000000000007
23.000000000000004
43.49999999999999
24.000000000000007
11.5
24.500000000000004
24.500000000000004
18.500000000000004
12.500000000000002
25.000000000000007
20.000000000000004
16.500000000000004
29.000000000000007
22.000000000000004
26.500000000000007
21.0
19.000000000000007
27.000000000000004
21.000000000000007
14.000000000000004
16.0
29.500000000000007
13.500000000000004
12.500000000000002
32.00000000000001
17.5
30.99999999999999
13.5
19.500000000000004
29.5
27.000000000000004
13.000000000000002
18.000000000000004
36.0
30.5
27.000000000000007
21.500000000000004
31.5
27.0
17.000000000000004
18.000000000000007
13.000000000000002
19.000000000000007
21.000000000000007
26.999999999999993
14.000000000000004
29.499999999999993
41.0
53.499999999999986
32.49999999999999
15.500000000000002
25.0
24.500000000000004
22.500000000000004
26.000000000000007
52.499999999999986
43.5
35.0
36.00000000000001
44.5
67.0
38.999999999999986
51.499999999999986
73.49999999999999
32.0
15.500000000000004
38.99999999999999
61.0
63.49999999999999
71.99999999999999
31.500000000000004
37.499999999999986
48.0
49.499999999999986
26.5
16.000000000000004
16.500000000000004
41.5
24.0
40.5
18.500000000000004
46.99999999999999
53.5
44.999999999999986
70.0
57.49999999999998
36.0
31.000000000000004
56.499999999999986
39.5
63.99999999999998
95.99999999999997
119.0
175.0
181.5
137.5
97.5
149.5
288.5
146.5
206.0
182.0
255.99999999999997
199.5
134.99999999999997
137.5
156.5
102.99999999999997
116.5
151.5
232.5
189.49999999999997
269.5
351.0
255.5
248.49999999999997
233.49999999999994
272.99999999999994
303.9999999999999
142.99999999999997
207.5
228.49999999999994
188.5
164.99999999999994
153.99999999999994
154.49999999999997
190.5
113.0
41.0
17.000000000000007
35.0
18.000000000000007
21.000000000000007
63.499999999999986
18.500000000000007
45.499999999999986
23.000000000000007
15.500000000000004
21.500000000000004
17.500000000000004
12.000000000000002
37.5
18.0
21.000000000000007
14.500000000000004
16.500000000000004
17.000000000000004
29.5
32.5
25.0
20.5
18.0
15.000000000000002
43.5
21.000000000000004
19.500000000000004
20.000000000000004
26.000000000000007
16.5
36.5
25.999999999999996
12.5
28.5
13.000000000000002
22.000000000000007
16.000000000000004
19.500000000000004
31.5
26.500000000000007
14.5
12.000000000000002
22.500000000000004
18.000000000000007
25.500000000000004
27.000000000000007
32.0
20.500000000000007
18.500000000000004
14.000000000000002
20.000000000000007
44.99999999999999
20.500000000000007
22.000000000000007
19.000000000000004
17.500000000000004
19.000000000000004
14.500000000000002
20.500000000000007
19.000000000000004
27.000000000000004
17.5
19.000000000000004
21.0
15.500000000000002
13.000000000000002
24.500000000000007
18.500000000000004
27.500000000000004
10.0
16.000000000000004
19.000000000000004
12.000000000000002
42.0
26.500000000000004
21.000000000000004
27.0
24.500000000000007
20.500000000000007
23.000000000000007
15.000000000000004
48.99999999999999
13.500000000000004
28.5
16.000000000000004
31.499999999999993
17.000000000000004
24.0
28.99999999999999
14.5
18.0
37.49999999999999
13.000000000000002
16.500000000000004
31.0
17.500000000000007
46.5
22.000000000000007
32.0
29.500000000000007
19.500000000000007
16.500000000000004
17.0
24.000000000000007
14.500000000000002
23.000000000000007
15.000000000000002
13.500000000000004
37.0
25.0
23.500000000000007
42.49999999999999
22.000000000000007
37.999999999999986
29.500000000000007
27.000000000000004
38.0
47.0
45.5
15.000000000000002
19.000000000000007
33.99999999999999
20.000000000000004
20.000000000000007
22.500000000000007
19.500000000000004
51.5
38.999999999999986
42.49999999999999
25.000000000000007
25.000000000000007
31.0
17.5
28.500000000000007
22.500000000000007
20.500000000000007
27.000000000000004
42.49999999999999
30.499999999999993
17.0
22.000000000000007
13.500000000000004
16.500000000000004
14.000000000000004
33.5
13.0
25.000000000000007
16.500000000000004
28.000000000000007
31.999999999999993
28.499999999999993
21.500000000000007
19.500000000000004
23.0
15.500000000000002
21.500000000000004
33.0
39.49999999999999
22.500000000000007
29.0
18.0
20.000000000000004
55.499999999999986
21.500000000000007
14.500000000000002
43.999999999999986
18.0
14.000000000000004
45.99999999999999
20.500000000000007
30.500000000000007
12.500000000000004
16.000000000000004
19.000000000000004
20.500000000000007
13.000000000000004
29.5
24.0
35.499999999999986
37.0
18.5
25.000000000000007
42.49999999999999
21.500000000000004
22.000000000000004
23.000000000000004
27.500000000000004
34.00000000000001
63.999999999999986
27.500000000000004
18.500000000000004
25.5
35.5
23.000000000000007
36.49999999999999
36.99999999999999
26.500000000000007
41.99999999999999
86.49999999999999
