-500.0
-500.0
-500.0
-431.50000000000006
-191.99999999999997
-296.5
-235.0
-209.5
-150.49999999999997
-151.49999999999997
-145.0
-114.0
-87.49999999999997
-99.5
-105.0
-84.5
-90.49999999999999
-77.0
-106.0
-89.49999999999997
-102.5
-81.49999999999997
-88.99999999999997
-91.99999999999997
-88.99999999999999
-90.99999999999999
-80.5
-79.99999999999999
-84.0
-79.99999999999997
-80.49999999999997
-79.49999999999997
-80.99999999999999
-85.99999999999999
-84.99999999999997
-80.49999999999997
-76.99999999999999
-84.5
-82.0
-83.99999999999999
-76.99999999999999
-114.5
-93.49999999999999
-91.0
-112.0
-81.49999999999999
-83.49999999999997
-67.5
-81.0
-73.99999999999999
-111.0
-69.49999999999997
-79.0
-135.99999999999994
-78.5
-86.49999999999999
-113.0
-102.5
-75.99999999999999
-85.5
-112.99999999999999
-71.5
-85.99999999999997
-69.49999999999997
-73.99999999999997
-104.0
-86.49999999999999
-75.49999999999997
-82.5
-83.49999999999997
-112.99999999999997
-93.99999999999999
-115.99999999999997
-86.49999999999999
-87.99999999999999
-85.49999999999997
-86.99999999999999
-80.0
-76.0
-99.5
-78.0
-82.49999999999999
-70.49999999999999
-77.0
-77.99999999999997
-65.49999999999997
-87.49999999999999
-85.49999999999997
-81.99999999999999
-97.49999999999999
-90.99999999999997
-87.99999999999999
-153.5
-119.99999999999997
-71.49999999999997
-77.5
-83.99999999999997
-81.49999999999997
-83.99999999999999
-81.49999999999997
-78.49999999999999
-85.0
-76.99999999999997
-139.5
-81.49999999999999
-90.0
-91.0
-78.5
-70.99999999999999
-83.49999999999997
-86.49999999999999
-83.0
-78.99999999999999
-187.49999999999997
-150.99999999999997
-85.99999999999999
-83.99999999999997
-69.49999999999999
-81.99999999999999
-78.49999999999999
-83.5
-78.99999999999999
-78.99999999999997
-89.0
-66.49999999999999
-89.99999999999997
-85.99999999999999
-80.49999999999997
-90.49999999999999
-77.49999999999997
-89.49999999999997
-85.99999999999999
-97.49999999999999
-72.99999999999997
-82.99999999999997
-70.99999999999999
-80.0
-92.49999999999997
-77.99999999999997
-80.0
-77.49999999999997
-126.49999999999997
-75.49999999999997
-76.99999999999997
-83.99999999999999
-78.99999999999999
-78.99999999999999
-75.99999999999997
-77.99999999999997
-80.99999999999999
-77.99999999999997
-85.5
-73.99999999999999
-86.49999999999999
-81.0
-78.99999999999997
-85.99999999999997
-82.99999999999997
-80.5
-78.0
-70.99999999999999
-77.99999999999999
-96.5
-83.49999999999997
-89.99999999999997
-88.5
-86.49999999999999
-75.5
-81.99999999999997
-76.49999999999999
-78.0
-92.49999999999997
-79.5
-76.99999999999997
-76.99999999999997
-85.99999999999999
-75.5
-90.49999999999997
-82.99999999999997
-81.99999999999999
-85.5
-75.49999999999997
-75.99999999999997
-82.49999999999997
-83.99999999999997
-79.5
-84.0
-83.49999999999997
-77.49999999999997
-116.49999999999997
-86.49999999999999
-75.99999999999997
-87.49999999999999
-82.49999999999997
-95.5
-80.49999999999997
-78.49999999999999
-87.49999999999997
-89.49999999999999
-96.0
-91.49999999999999
-129.5
-120.5
-87.99999999999997
-78.99999999999999
-78.99999999999999
-71.49999999999999
-85.0
-87.49999999999999
-88.49999999999999
-90.49999999999997
-74.99999999999999
-152.0
-80.49999999999997
-73.0
-96.5
-93.99999999999999
-91.0
-82.49999999999999
-79.49999999999999
-86.49999999999999
-130.5
-106.5
-92.5
-121.49999999999997
-130.49999999999997
-106.0
-69.49999999999997
-76.99999999999999
-88.0
-99.49999999999999
-76.0
-80.5
-81.49999999999999
-82.0
-84.99999999999997
-76.99999999999997
-173.0
-70.49999999999999
-97.99999999999997
-91.49999999999999
-76.49999999999997
-81.0
-84.49999999999997
-109.49999999999999
-91.49999999999999
-81.49999999999999
-124.99999999999999
-122.99999999999997
-82.0
-88.49999999999997
-77.49999999999997
-76.49999999999999
-69.99999999999997
-134.5
-105.5
-83.99999999999999
-87.99999999999997
-78.49999999999999
-85.0
-82.99999999999997
-73.99999999999999
-91.49999999999999
-74.49999999999997
-73.49999999999999
-75.99999999999999
-80.49999999999997
-91.99999999999999
-92.5
-81.0
-152.5
-74.49999999999997
-84.5
-80.0
-73.99999999999997
-91.5
-85.99999999999999
-106.99999999999997
-63.499999999999986
-84.0
-77.99999999999997
-72.5
-88.5
-81.0
-81.99999999999997
-88.49999999999997
-90.49999999999997
-66.99999999999999
-83.99999999999999
-75.49999999999999
-73.99999999999999
-122.99999999999997
-82.99999999999997
-79.99999999999999
-147.5
-86.49999999999999
-79.99999999999997
-77.5
-81.49999999999997
-82.99999999999997
-82.49999999999999
-77.49999999999997
-130.5
-72.99999999999997
-84.49999999999997
-74.49999999999999
-80.99999999999997
-99.5
-77.99999999999997
-79.99999999999999
-91.0
-78.49999999999997
-75.99999999999999
-77.0
-84.5
-72.49999999999997
-89.49999999999997
-90.0
-86.99999999999999
-82.49999999999999
-77.49999999999999
-72.0
-85.49999999999997
-81.49999999999999
-108.99999999999997
-127.99999999999999
-82.99999999999997
-74.49999999999997
-91.49999999999999
-98.0
-79.49999999999999
-101.0
-93.99999999999997
-93.5
-79.99999999999999
-72.0
-78.99999999999997
-171.49999999999994
-118.49999999999999
-95.5
-75.5
-88.0
-95.5
-74.49999999999997
-88.49999999999997
-73.49999999999999
-105.99999999999999
-77.99999999999997
-75.99999999999999
-91.49999999999999
-94.0
-80.99999999999997
-76.99999999999997
-74.99999999999999
-93.0
-77.49999999999997
-113.5
-83.99999999999997
-97.0
-142.0
-80.99999999999997
-114.49999999999999
-81.49999999999997
-77.0
-89.0
-81.99999999999997
-77.99999999999999
-81.99999999999999
-100.49999999999999
-83.0
-73.49999999999997
-84.99999999999999
-77.49999999999997
-78.99999999999999
-76.49999999999997
-76.5
-75.99999999999997
-86.49999999999999
-90.49999999999997
-92.99999999999997
-81.99999999999997
-72.49999999999997
-74.99999999999999
-94.49999999999997
-73.0
-73.99999999999999
-84.49999999999999
-66.49999999999997
-77.99999999999999
-85.99999999999999
-67.5
-76.49999999999997
-70.99999999999999
-92.99999999999997
-81.99999999999999
-81.49999999999997
-79.99999999999999
-82.99999999999997
-97.99999999999999
-116.49999999999997
-500.0
-500.0
-500.0
-500.0
-500.0
-500.0
-500.0
-500.0
-500.0
-500.0
-500.0
-500.0
-500.0
-500.0
-500.0
-500.0
-500.0
-500.0
-500.0
-500.0
-500.0
-500.0
-500.0
-500.0
-500.0
-500.0
-500.0
-500.0
-500.0
-500.0
-500.0
-500.0
-500.0
-500.0
-500.0
-500.0
-500.0
-500.0
-500.0
-500.0
-500.0
-500.0
-500.0
-500.0
-500.0
-500.0
-500.0
-500.0
-500.0
-500.0
-500.0
-500.0
-500.0
-500.0
-500.0
-500.0
-500.0
-173.0
-108.49999999999997
-108.99999999999997
-128.49999999999997
-88.49999999999999
-80.0
-87.99999999999997
-102.5
-118.49999999999997
-90.99999999999997
-104.5
-90.99999999999999
-111.0
-95.99999999999997
-162.0
-84.99999999999997
-127.5
-100.0
-95.99999999999997
-97.99999999999999
-78.99999999999997
-103.49999999999999
-99.49999999999999
-92.99999999999997
-186.49999999999997
-84.99999999999997
-99.0
-111.0
-80.0
-94.0
-86.99999999999997
-73.99999999999999
-95.49999999999999
-143.99999999999997
-120.99999999999999
-84.99999999999997
-113.5
-103.5
-93.99999999999997
-110.99999999999997
-84.49999999999999
-84.5
-126.49999999999999
-93.99999999999997
-95.99999999999999
-102.0
-111.99999999999997
-115.99999999999999
-296.5
-93.49999999999997
-105.0
-90.49999999999997
-298.5
-84.99999999999997
-96.99999999999999
-106.5
-106.0
-79.99999999999999
-79.49999999999997
-83.99999999999997
-86.49999999999999
-81.99999999999999
-90.49999999999997
-76.99999999999997
-78.99999999999999
-93.0
-81.99999999999997
-77.49999999999997
-76.49999999999997
-77.0
-99.5
-76.49999999999997
-73.99999999999999
-82.99999999999997
-102.0
-70.49999999999997
-74.49999999999997
-90.49999999999997
-87.49999999999999
-98.99999999999999
-113.0
-76.5
-83.0
-84.99999999999997
-79.0
-84.5
-73.99999999999999
-98.0
-87.49999999999999
-83.49999999999997
-82.49999999999999
-81.49999999999999
-160.00000000000003
-86.99999999999999
-86.49999999999999
-86.0
-87.5
-99.0
-81.5
-106.5
-76.49999999999997
-141.5
-90.0
-105.49999999999997
-105.5
-166.5
-82.49999999999999
-92.49999999999997
-87.5
-102.99999999999999
-92.49999999999997
-87.99999999999997
-100.0
-116.5
-74.49999999999999
-87.99999999999999
-81.49999999999997
-87.49999999999997
-76.99999999999999
-95.99999999999999
-87.49999999999999
-87.0
-98.0
-80.5
-87.99999999999997
-82.99999999999997
-84.49999999999997
-74.49999999999999
-77.99999999999997
-78.99999999999999
-67.49999999999997
-86.49999999999999
-71.5
-116.49999999999997
-74.99999999999997
-82.99999999999997
-68.49999999999999
-80.99999999999997
-88.49999999999997
-75.5
-77.49999999999999
-75.5
-72.5
-80.5
-81.49999999999997
-81.99999999999999
-80.99999999999999
-97.49999999999999
-96.49999999999997
-81.49999999999997
-63.499999999999986
-79.99999999999999
-87.99999999999997
-82.99999999999997
-105.0
-72.99999999999999
-88.5
-101.0
-72.5
-138.99999999999997
-81.5
-96.99999999999997
-86.99999999999997
-105.0
-80.5
-76.99999999999999
-77.99999999999997
-81.49999999999997
-81.0
-157.5
-88.49999999999997
-93.99999999999997
-70.99999999999999
-110.5
-80.0
-94.49999999999999
-95.99999999999999
-82.99999999999997
-87.99999999999999
-89.49999999999997
-123.99999999999997
-79.99999999999997
-93.5
-118.49999999999999
-82.99999999999999
-74.49999999999997
-93.49999999999999
-82.49999999999999
-122.0
-86.0
-76.99999999999997
-70.49999999999999
-79.99999999999997
-85.5
-73.49999999999999
-73.0
-80.5
-75.99999999999997
-92.0
-85.5
-84.99999999999997
-82.99999999999999
-135.0
-83.49999999999997
-90.99999999999999
-85.0
-78.99999999999997
-109.99999999999999
-95.5
-89.49999999999997
-116.99999999999997
-69.5
-99.99999999999999
-95.0
-69.49999999999997
-113.49999999999997
-70.49999999999999
-98.5
-72.0
-102.5
-89.49999999999997
-94.49999999999999
-86.99999999999999
-87.49999999999999
-77.99999999999997
-139.0
-82.49999999999999
-75.5
-94.99999999999997
-74.99999999999999
-95.49999999999997
-79.49999999999997
-83.5
-85.49999999999997
-71.49999999999997
-82.99999999999999
-80.0
-80.5
-95.5
-137.0
-73.49999999999997
-88.99999999999997
-81.49999999999999
-78.5
-90.49999999999999
-86.0
-76.99999999999997
-92.99999999999997
-79.99999999999999
-89.99999999999997
-70.49999999999999
-75.99999999999999
-143.0
-88.49999999999997
-92.99999999999997
-75.49999999999997
-97.5
-89.99999999999999
-104.49999999999997
-84.99999999999997
-80.99999999999999
-95.49999999999997
-114.99999999999997
-73.0
-81.99999999999997
-119.49999999999997
-84.49999999999997
-119.49999999999999
-74.99999999999999
-100.99999999999997
-73.49999999999999
-78.0
-77.5
-85.49999999999997
-89.49999999999997
-70.49999999999999
-85.5
-69.49999999999999
-95.99999999999999
-91.5
-87.49999999999999
-81.0
-75.99999999999999
-111.5
-69.99999999999997
-86.49999999999999
-78.0
-67.5
-72.0
-87.49999999999999
-74.99999999999997
-66.49999999999999
-82.49999999999999
-69.99999999999999
-78.99999999999997
-144.5
-109.49999999999999
-82.99999999999997
-121.49999999999999
-214.0
-77.99999999999997
-95.49999999999999
-101.0
-87.5
-132.5
-88.5
-78.99999999999999
-85.49999999999997
-82.99999999999999
-89.49999999999997
-85.49999999999999
-81.99999999999999
-68.49999999999999
-90.0
-73.49999999999997
-77.0
-78.5
-84.5
-81.99999999999997
-79.5
-86.0
-81.0
-87.49999999999997
-88.0
-79.49999999999999
-76.0
-78.0
-77.0
-84.0
-71.99999999999997
-74.99999999999999
-85.49999999999997
-68.99999999999999
-121.99999999999997
-109.5
-87.5
-96.5
-100.5
-80.49999999999997
-99.0
-122.49999999999999
-82.99999999999997
-90.99999999999999
-500.0
-500.0
-500.0
-500.0
-500.0
-500.0
-500.0
-500.0
-500.0
-500.0
-500.0
-500.0
-500.0
-500.0
-500.0
-500.0
-500.0
-500.0
-500.0
-500.0
-500.0
-500.0
-500.0
-500.0
-500.0
-500.0
-500.0
-500.0
-500.0
-500.0
-500.0
-500.0
-500.0
-500.0
-500.0
-500.0
-500.0
-500.0
-500.0
-500.0
-500.0
-500.0
-500.0
-500.0
-500.0
-500.0
-500.0
-500.0
-500.0
-500.0
-500.0
-500.0
-500.0
-500.0
-500.0
-500.0
-500.0
-500.0
-500.0
-500.0
-500.0
-500.0
-500.0
-114.99999999999999
-291.0
-133.99999999999997
-135.5
-162.0
-176.0
-109.49999999999997
-97.5
-121.49999999999999
-107.49999999999999
-97.5
-83.0
-96.0
-106.5
-155.5
-97.49999999999999
-77.49999999999997
-82.0
-78.49999999999997
-89.49999999999997
-70.49999999999999
-112.99999999999997
-83.5
-77.5
-82.49999999999997
-77.49999999999997
-77.99999999999997
-73.99999999999999
-90.99999999999997
-117.99999999999997
-82.5
-106.99999999999997
-115.49999999999997
-73.99999999999997
-75.99999999999999
-91.99999999999997
-80.99999999999997
-80.49999999999997
-90.49999999999997
-89.0
-83.49999999999999
-86.99999999999999
-160.0
-88.49999999999997
-80.5
-68.99999999999999
-186.5
-87.99999999999999
-84.49999999999997
-75.49999999999997
-77.99999999999997
-86.99999999999999
-77.49999999999997
-89.0
-73.49999999999997
-84.49999999999997
-78.49999999999997
-69.99999999999999
-81.49999999999997
-105.49999999999999
-81.99999999999999
-79.99999999999997
-76.49999999999997
-73.5
-95.99999999999997
-94.49999999999999
-70.99999999999999
-89.99999999999999
-68.5
-70.49999999999999
-81.99999999999999
-103.0
-82.0
-72.99999999999999
-109.0
-96.5
-81.49999999999999
-154.5
-84.99999999999997
-80.0
-72.5
-73.99999999999997
-160.5
-70.99999999999997
-87.99999999999997
-148.5
-83.99999999999999
-96.49999999999997
-84.49999999999997
-87.49999999999999
-73.49999999999999
-125.5
-88.99999999999997
-75.99999999999999
-81.49999999999999
-76.99999999999997
-91.50000000000001
-77.99999999999997
-92.99999999999997
-82.0
-88.49999999999997
-140.0
-79.99999999999997
-98.0
-92.49999999999997
-84.49999999999997
-78.99999999999997
-128.0
-88.49999999999999
-75.5
-86.0
-81.49999999999997
-85.49999999999999
-82.99999999999997
-73.49999999999999
-135.49999999999997
-78.49999999999999
-81.49999999999997
-82.99999999999997
-77.49999999999997
-78.49999999999997
-75.49999999999997
-89.0
-110.0
-85.5
-77.49999999999997
-82.5
-80.49999999999997
-73.99999999999997
-81.99999999999999
-83.49999999999997
-77.49999999999997
-72.5
-122.99999999999997
-77.5
-83.99999999999999
-80.0
-500.0
-500.0
-500.0
-500.0
-500.0
-500.0
-500.0
-500.0
-500.0
-500.0
-500.0
-500.0
-500.0
-500.0
-500.0
-500.0
-500.0
-500.0
-500.0
-500.0
-500.0
-500.0
-500.0
-500.0
-500.0
-500.0
-500.0
-500.0
-500.0
-500.0
-500.0
-500.0
-500.0
-500.0
-500.0
-500.0
-500.0
-500.0
-500.0
-500.0
-500.0
-500.0
-500.0
-500.0
-500.0
-500.0
-500.0
-500.0
-500.0
-500.0
-500.0
-500.0
-500.0
-500.0
-500.0
-500.0
-500.0
-500.0
-500.0
-500.0
-500.0
-500.0
-500.0
-500.0
-500.0
-500.0
-500.0
-500.0
-500.0
-500.0
-500.0
-500.0
-500.0
-500.0
-500.0
-500.0
-500.0
-500.0
-500.0
-500.0
-500.0
-500.0
-500.0
-500.0
-500.0
-500.0
-500.0
-500.0
-500.0
-500.0
-500.0
-500.0
-500.0
-500.0
-500.0
-500.0
-500.0
-500.0
-500.0
-500.0
-500.0
-500.0
-500.0
-500.0
-500.0
-500.0
-500.0
-500.0
-500.0
-500.0
-500.0
-500.0
-500.0
-500.0
-500.0
-500.0
-500.0
-500.0
-500.0
-500.0
-500.0
-500.0
-500.0
-500.0
-500.0
-500.0
-500.0
-500.0
-500.0
-500.0
-500.0
-500.0
-500.0
-500.0
-500.0
-500.0
-500.0
-500.0
-500.0
-500.0
-500.0
-500.0
-500.0
-500.0
-500.0
-500.0
-500.0
-500.0
-500.0
-500.0
-500.0
-500.0
-500.0
-500.0
-500.0
-500.0
-500.0
-500.0
-500.0
-500.0
-500.0
-500.0
-500.0
-500.0
-500.0
-500.0
-500.0
-500.0
-500.0
-500.0
-500.0
-500.0
-500.0
-500.0
-500.0
-500.0
-500.0
-500.0
-500.0
-500.0
-500.0
-500.0
-500.0
-500.0
-500.0
-500.0
-500.0
-500.0
-500.0
-500.0
-500.0
-500.0
-500.0
-500.0
-500.0
-500.0
-500.0
-500.0
-500.0
-500.0
-500.0
-500.0
-500.0
-500.0
-500.0
-500.0
-500.0
-500.0
-500.0
-500.0
-500.0
-500.0
-500.0
-500.0
-500.0
-500.0
-500.0
-500.0
-500.0
-500.0
-500.0
-500.0
-500.0
-500.0
-500.0
-500.0
-500.0
-500.0
-500.0
-500.0
-500.0
-500.0
-500.0
-500.0
-500.0
-500.0
-500.0
-500.0
-500.0
-500.0
-500.0
-500.0
-500.0
-500.0
-500.0
-500.0
-500.0
-500.0
-500.0
-500.0
-500.0
-500.0
-500.0
-500.0
-500.0
-500.0
-500.0
-500.0
-500.0
-500.0
-500.0
-500.0
-500.0
-500.0
-500.0
-500.0
-500.0
-500.0
-500.0
-500.0
-500.0
-500.0
-500.0
-500.0
-500.0
-500.0
-500.0
-500.0
-500.0
-500.0
-500.0
-500.0
-500.0
-500.0
-500.0
-500.0
-500.0
-500.0
-500.0
-500.0
-500.0
-500.0
-500.0
-500.0
-500.0
-500.0
-500.0
-500.0
-500.0
-500.0
-500.0
-500.0
-500.0
-500.0
-500.0
-500.0
-500.0
-500.0
-500.0
-500.0
-500.0
-500.0
-500.0
-500.0
-500.0
-500.0
-500.0
-500.0
-500.0
-500.0
-500.0
-500.0
-500.0
-500.0
-500.0
-500.0
-500.0
-500.0
-500.0
-500.0
-500.0
-500.0
-500.0
-500.0
-500.0
-500.0
-500.0
-500.0
-500.0
-500.0
-500.0
-500.0
-500.0
-500.0
-500.0
-500.0
-500.0
-500.0
-500.0
-500.0
-500.0
-500.0
-500.0
-500.0
-500.0
-500.0
-500.0
-500.0
-500.0
-500.0
-500.0
-500.0
-500.0
-500.0
-500.0
-500.0
-500.0
-500.0
-500.0
-500.0
-500.0
-500.0
-500.0
-500.0
-500.0
-500.0
-500.0
-500.0
-500.0
-500.0
-500.0
-500.0
-500.0
-500.0
-500.0
-500.0
-500.0
-500.0
-500.0
-500.0
-500.0
-500.0
-500.0
-500.0
-500.0
-500.0
-500.0
-500.0
-500.0
-500.0
-500.0
-500.0
-500.0
-444.5
-408.5
-361.5
-418.0
-238.0
-354.49999999999994
-180.49999999999997
-206.5
-181.5
-199.0
-216.49999999999997
-204.5
-132.5
-130.0
-313.0
-119.49999999999999
-193.49999999999997
-119.0
-106.5
-132.49999999999997
-100.49999999999997
-108.49999999999999
-118.0
-107.0
-95.0
-113.49999999999999
-90.0
-94.49999999999999
-96.0
-92.99999999999997
-105.0
-120.00000000000003
-154.5
-111.49999999999997
-148.0
-103.99999999999999
-155.49999999999997
-89.99999999999997
-106.5
-93.0
-90.99999999999999
-106.0
-78.99999999999997
-75.49999999999999
-99.0
-87.5
-86.49999999999999
-82.99999999999997
-96.49999999999997
-176.5
-106.49999999999999
-91.49999999999999
-108.99999999999999
-96.49999999999997
-95.99999999999999
-109.0
-221.49999999999997
-80.99999999999999
-156.0
-85.49999999999997
-105.49999999999997
-85.0
-93.49999999999999
-86.49999999999999
-79.49999999999997
-88.0
-100.99999999999997
-84.5
-95.49999999999997
-153.5
-92.99999999999999
-91.49999999999999
-73.0
-86.99999999999997
-88.99999999999999
-91.99999999999999
-79.99999999999997
-86.49999999999999
-78.49999999999997
-78.99999999999999
-90.99999999999999
-75.5
-96.49999999999997
-89.0
-89.49999999999997
-91.49999999999999
-102.99999999999997
-82.49999999999997
-78.99999999999997
-92.5
-78.99999999999999
-120.5
-89.99999999999997
-95.0
-93.99999999999999
-84.5
-81.5
-67.99999999999999
-80.5
-89.0
-115.49999999999997
-143.49999999999997
-85.49999999999999
-105.0
-77.49999999999999
-84.49999999999997
-100.5
-74.99999999999999
-77.49999999999999
-80.49999999999997
-77.5
-82.49999999999997
-78.99999999999997
-83.99999999999997
-79.49999999999999
-78.49999999999997
-76.99999999999997
-97.99999999999997
-88.99999999999997
-78.49999999999999
-73.99999999999999
-91.49999999999999
-90.49999999999999
-81.0
-73.99999999999999
-85.0
-71.49999999999999
-84.99999999999997
-73.49999999999999
-72.0
-80.49999999999997
-90.49999999999997
-96.0
-80.49999999999999
-84.49999999999997
-86.49999999999999
-79.99999999999997
-100.5
-91.0
-81.49999999999999
-87.5
-90.5
-100.99999999999997
-87.49999999999997
-177.5
-91.99999999999997
-101.0
-85.0
-88.99999999999999
-91.99999999999997
-86.49999999999999
-69.0
-81.49999999999999
-97.0
-94.99999999999999
-83.5
-74.49999999999999
-166.0
-147.5
-84.49999999999999
-128.0
-91.49999999999997
-89.5
-92.5
-91.5
-90.0
-76.5
-77.5
-95.0
-92.5
-76.49999999999999
-72.49999999999999
-77.0
-80.99999999999999
-78.99999999999999
-80.99999999999999
-93.0
-76.99999999999999
-77.5
-81.49999999999999
-76.99999999999999
-76.0
-83.49999999999997
-92.99999999999997
-70.99999999999999
-94.49999999999999
-136.99999999999997
-79.5
-88.5
-73.49999999999999
-79.49999999999997
-85.99999999999999
-74.0
-77.5
-90.49999999999999
-85.99999999999999
-81.99999999999997
-350.0
-500.0
-500.0
-500.0
-500.0
-500.0
-500.0
-483.00000000000006
-500.0
-478.00000000000006
-253.5
-454.5
-234.5
-139.5
-135.0
-97.5
-93.0
-108.0
-85.5
-99.49999999999999
-190.99999999999994
-122.0
-114.0
-87.49999999999997
-113.99999999999997
-98.49999999999999
-112.99999999999997
-93.99999999999999
-95.99999999999997
-89.5
-94.99999999999999
-107.0
-85.5
-81.99999999999997
-92.0
-98.0
-89.49999999999997
-96.99999999999997
-89.5
-105.99999999999997
-83.99999999999999
-92.49999999999999
-89.0
-90.99999999999999
-73.99999999999999
-85.99999999999999
-85.49999999999999
-69.49999999999997
-76.99999999999999
-86.49999999999999
-88.99999999999999
-81.49999999999999
-92.0
-122.0
-84.5
-124.99999999999997
-98.99999999999999
-116.5
-86.99999999999997
-88.99999999999999
-81.49999999999999
-84.99999999999997
-81.99999999999999
-84.99999999999997
-92.99999999999997
-84.5
-94.49999999999999
-146.49999999999997
-77.99999999999997
-85.99999999999997
-72.0
-73.5
-96.0
-89.99999999999999
-92.5
-94.99999999999999
-74.0
-94.49999999999999
-73.99999999999999
-80.49999999999999
-73.49999999999999
-104.0
-73.99999999999999
-81.49999999999999
-74.99999999999999
-131.0
-76.5
-82.99999999999999
-102.0
-101.49999999999997
-77.99999999999999
-81.0
-85.99999999999999
-73.99999999999999
-85.5
-93.0
-81.49999999999999
-86.49999999999999
-85.0
-98.0
-77.5
-81.0
-73.99999999999999
-90.49999999999997
-75.5
-78.49999999999999
-84.49999999999997
-83.99999999999997
-72.0
-73.49999999999999
-77.49999999999997
-92.5
-95.00000000000001
-74.49999999999997
-96.99999999999999
-78.0
-82.49999999999997
-86.99999999999997
-76.99999999999997
-74.99999999999999
-128.5
-78.99999999999999
-128.5
-81.99999999999999
-74.99999999999997
-93.0
-136.49999999999997
-68.99999999999999
-86.49999999999999
-92.0
-77.49999999999999
-78.49999999999997
-103.49999999999997
-92.49999999999999
-118.0
-69.99999999999999
-81.99999999999999
-83.99999999999997
-83.49999999999999
-83.99999999999999
-74.99999999999999
-84.49999999999999
-99.49999999999999
-101.5
-76.49999999999997
-141.5
-82.49999999999997
-87.49999999999997
-92.49999999999999
-84.0
-73.99999999999999
-93.49999999999999
-81.99999999999999
-78.99999999999997
-79.0
-83.49999999999997
-73.49999999999999
-84.0
-83.49999999999999
-88.49999999999997
-93.99999999999997
-78.99999999999999
-68.0
-81.49999999999999
-101.5
-87.49999999999999
-134.49999999999997
-87.5
-98.5
-163.5
-83.99999999999997
-99.5
-93.0
-95.99999999999997
-76.49999999999999
-90.49999999999999
-115.5
-132.5
-127.0
-98.49999999999999
-94.49999999999999
-102.0
-103.0
-99.0
-97.49999999999999
-89.49999999999999
-86.99999999999999
-115.49999999999997
-73.99999999999997
-85.49999999999997
-82.49999999999997
-69.49999999999997
-91.49999999999999
-80.49999999999997
-75.49999999999997
-71.0
-78.0
-94.5
-97.5
-77.49999999999997
-378.0
-171.0
-160.0
-88.99999999999999
-77.5
-93.0
-95.49999999999997
-96.49999999999997
-107.49999999999999
-79.49999999999997
-82.49999999999999
-70.49999999999997
-92.0
-87.99999999999999
-124.49999999999997
-77.5
-81.49999999999999
-77.5
-84.49999999999999
-82.49999999999999
-87.99999999999997
-79.99999999999997
-85.0
-78.0
-92.0
-79.99999999999997
-88.0
-86.99999999999999
-81.99999999999999
-76.49999999999997
-71.49999999999999
-80.99999999999997
-299.5
-88.49999999999997
-81.99999999999997
-89.99999999999999
-75.49999999999999
-108.00000000000001
-71.49999999999997
-86.0
-94.49999999999999
-118.5
-89.99999999999997
-66.49999999999997
-86.49999999999999
-79.99999999999997
-95.0
-70.49999999999999
-80.0
-77.49999999999997
-90.49999999999999
-83.99999999999997
-81.49999999999997
-72.5
-167.0
-82.99999999999999
-69.99999999999999
-84.99999999999997
-85.5
-75.5
-100.5
-95.49999999999997
-85.49999999999997
-84.49999999999997
-86.99999999999999
-77.49999999999997
-73.0
-85.49999999999999
-73.0
-88.0
-78.49999999999997
-76.49999999999999
-81.99999999999999
-79.0
-78.99999999999997
-121.49999999999997
-74.99999999999997
-64.99999999999997
-90.5
-83.49999999999997
-77.49999999999997
-97.5
-79.49999999999997
-86.99999999999999
-78.0
-82.49999999999997
-184.5
-83.99999999999999
-91.49999999999999
-75.0
-71.49999999999997
-100.5
-77.49999999999997
-87.49999999999999
-82.49999999999999
-82.99999999999997
-77.5
-80.99999999999999
-74.0
-83.99999999999999
-75.49999999999997
-121.5
-73.49999999999999
-88.49999999999997
-108.49999999999997
-77.0
-155.0
-91.49999999999999
-78.99999999999999
-81.0
-75.99999999999999
-87.49999999999999
-152.5
-73.99999999999999
-81.49999999999999
-89.99999999999997
-75.0
-87.99999999999999
-98.49999999999999
-95.0
-74.49999999999997
-81.49999999999999
-85.49999999999999
-154.0
-73.0
-79.49999999999999
-87.99999999999997
-77.49999999999997
-80.0
-69.49999999999997
-80.49999999999999
-84.49999999999997
-74.49999999999999
-94.5
-68.49999999999999
-79.99999999999999
-70.49999999999999
-72.5
-85.99999999999999
-82.49999999999997
-89.49999999999999
-74.99999999999999
-87.99999999999999
-72.0
-75.49999999999999
-68.49999999999997
-80.5
-91.0
-80.0
-75.49999999999997
-170.0
-84.99999999999997
-94.49999999999997
-75.5
-84.0
-77.99999999999997
-92.5
-80.49999999999997
-108.5
-74.49999999999999
-109.5
-72.5
-75.99999999999997
-71.99999999999997
-85.49999999999997
-79.99999999999999
-90.99999999999999
-72.5
-83.5
-107.5
-87.99999999999997
-79.0
-69.49999999999997
-86.49999999999999
-76.99999999999997
-69.99999999999997
-72.49999999999997
-75.5
-73.49999999999997
-84.49999999999999
-74.49999999999999
-81.99999999999999
-84.99999999999997
-77.49999999999997
-93.0
-85.49999999999999
-98.5
-74.49999999999999
-88.5
-79.99999999999997
-213.49999999999994
-69.99999999999999
-84.49999999999997
-80.99999999999997
-72.99999999999997
-145.0
-87.99999999999997
-70.99999999999999
-82.99999999999997
-78.5
