-500.0
-500.0
-369.0
-482.0
-341.0
-265.0
-169.99999999999994
-168.0
-144.0
-157.0
-103.99999999999999
-158.0
-118.99999999999999
-107.5
-112.99999999999999
-100.99999999999999
-105.49999999999999
-103.5
-111.0
-165.0
-179.0
-90.49999999999999
-138.5
-109.99999999999997
-101.49999999999997
-201.5
-171.0
-126.0
-112.0
-103.5
-111.5
-122.0
-119.49999999999997
-142.49999999999997
-85.49999999999999
-144.49999999999997
-113.49999999999999
-111.0
-108.99999999999999
-127.5
-88.49999999999997
-101.5
-98.49999999999999
-106.0
-85.5
-121.99999999999999
-104.5
-136.5
-77.49999999999997
-238.99999999999994
-112.5
-271.5
-112.5
-127.99999999999997
-141.0
-144.0
-112.99999999999997
-119.0
-100.49999999999997
-85.5
-82.49999999999999
-96.99999999999999
-107.0
-99.0
-114.49999999999999
-128.5
-293.0
-98.0
-157.99999999999997
-156.5
-166.0
-239.0
-116.0
-92.0
-300.0
-215.49999999999997
-98.49999999999999
-122.0
-164.49999999999997
-122.50000000000001
-202.0
-132.0
-153.5
-319.5
-106.0
-113.5
-130.0
-154.0
-143.0
-107.49999999999999
-124.49999999999997
-108.5
-112.0
-116.0
-142.99999999999997
-164.5
-176.5
-136.49999999999997
-138.5
-99.99999999999997
-134.0
-97.49999999999999
-120.49999999999997
-114.99999999999999
-121.0
-187.0
-196.5
-228.49999999999997
-121.5
-138.0
-147.5
-132.0
-131.5
-133.0
-156.99999999999997
-430.5
-392.5
-205.99999999999997
-500.0
-500.0
-321.5
-456.5
-500.0
-500.0
-500.0
-500.0
-500.0
-500.0
-500.0
-500.0
-500.0
-500.0
-500.0
-500.0
-500.0
-500.0
-500.0
-500.0
-500.0
-500.0
-500.0
-500.0
-500.0
-500.0
-500.0
-392.5
-404.49999999999994
-346.5
-234.0
-303.0
-252.49999999999994
-189.99999999999994
-184.5
-140.99999999999997
-183.0
-126.0
-180.49999999999997
-160.5
-96.49999999999997
-227.99999999999994
-125.0
-124.5
-108.49999999999997
-104.5
-128.5
-97.0
-123.0
-116.0
-157.49999999999997
-156.99999999999997
-323.5
-122.49999999999999
-194.0
-187.5
-127.5
-181.0
-142.49999999999997
-128.5
-142.0
-149.5
-122.0
-236.00000000000006
-119.50000000000003
-252.0
-229.0
-211.0
-150.5
-196.0
-147.5
-135.5
-121.0
-260.5
-167.0
-181.0
-98.99999999999999
-173.0
-123.49999999999999
-208.0
-239.99999999999994
-187.0
-191.5
-154.99999999999994
-434.0
-301.0
-172.5
-156.5
-118.99999999999997
-103.5
-104.49999999999999
-101.0
-117.5
-123.0
-110.0
-104.5
-101.5
-91.5
-93.99999999999999
-86.99999999999999
-106.0
-123.99999999999997
-99.49999999999999
-81.99999999999999
-500.0
-500.0
-139.99999999999994
-108.99999999999999
-181.5
-137.99999999999997
-106.0
-117.5
-102.5
-113.0
-98.99999999999999
-500.0
-92.99999999999997
-142.5
-254.5
-124.49999999999997
-134.5
-112.49999999999997
-93.5
-291.5
-286.5
-88.99999999999997
-90.49999999999999
-88.49999999999999
-90.99999999999999
-89.49999999999997
-91.49999999999999
-82.99999999999997
-80.0
-122.49999999999997
-87.99999999999997
-94.5
-76.99999999999999
-80.99999999999999
-72.0
-75.49999999999999
-81.99999999999999
-78.99999999999997
-81.49999999999997
-103.49999999999997
-167.5
-82.99999999999997
-79.99999999999997
-76.49999999999997
-90.49999999999997
-98.0
-96.5
-103.49999999999999
-94.99999999999997
-90.5
-78.0
-93.99999999999999
-90.99999999999999
-77.49999999999997
-80.99999999999997
-75.0
-75.99999999999997
-107.99999999999999
-84.49999999999997
-97.49999999999997
-130.5
-72.99999999999999
-97.99999999999999
-83.0
-102.49999999999997
-75.49999999999999
-80.99999999999999
-67.0
-83.99999999999997
-142.5
-77.5
-96.99999999999999
-66.49999999999997
-133.99999999999997
-85.99999999999999
-77.99999999999997
-120.99999999999997
-293.0
-89.0
-80.99999999999997
-111.49999999999997
-89.49999999999997
-87.99999999999997
-82.0
-77.49999999999999
-81.49999999999997
-85.99999999999999
-65.99999999999997
-174.5
-85.5
-89.49999999999997
-76.49999999999997
-285.0
-67.49999999999997
-79.49999999999997
-86.49999999999999
-98.99999999999999
-70.99999999999999
-107.0
-101.49999999999999
-89.0
-84.99999999999997
-86.99999999999999
-84.5
-67.99999999999997
-80.49999999999997
-78.49999999999999
-96.0
-107.5
-84.5
-85.0
-78.99999999999999
-65.99999999999999
-80.49999999999997
-92.49999999999997
-91.99999999999997
-82.49999999999999
-75.99999999999999
-78.0
-92.99999999999999
-73.0
-81.99999999999997
-131.49999999999997
-88.49999999999997
-67.99999999999999
-95.5
-74.49999999999999
-119.99999999999999
-79.49999999999997
-75.0
-88.5
-78.0
-78.5
-106.49999999999997
-77.49999999999997
-84.5
-86.99999999999999
-81.49999999999999
-108.49999999999999
-85.99999999999999
-89.49999999999999
-81.99999999999999
-107.49999999999997
-87.49999999999997
-104.0
-106.99999999999997
-102.5
-99.49999999999999
-122.49999999999999
-90.0
-123.99999999999999
-106.0
-92.99999999999997
-123.49999999999999
-180.5
-104.0
-100.0
-293.0
-104.5
-102.5
-86.49999999999999
-70.99999999999997
-92.0
-95.0
-78.99999999999999
-87.99999999999997
-119.49999999999997
-92.5
-86.0
-74.99999999999999
-191.0
-88.0
-78.49999999999997
-103.5
-83.49999999999997
-77.49999999999997
-83.49999999999997
-84.49999999999997
-500.0
-500.0
-500.0
-500.0
-500.0
-500.0
-500.0
-500.0
-500.0
-86.99999999999999
-104.5
-89.99999999999997
-117.49999999999997
-99.5
-306.0
-90.99999999999997
-95.5
-176.50000000000003
-113.5
-105.5
-145.0
-110.0
-97.5
-87.99999999999997
-84.5
-78.99999999999999
-112.49999999999997
-123.49999999999999
-136.5
-92.0
-100.0
-120.49999999999997
-83.49999999999999
-110.5
-81.0
-107.49999999999999
-92.0
-100.0
-97.99999999999999
-111.00000000000001
-150.5
-71.5
-73.99999999999999
-78.0
-113.0
-72.5
-89.0
-92.0
-72.99999999999999
-80.99999999999997
-93.99999999999999
-73.0
-95.0
-77.5
-100.49999999999997
-119.49999999999997
-89.0
-68.49999999999997
-72.99999999999997
-83.49999999999997
-90.5
-123.99999999999999
-88.49999999999997
-152.49999999999997
-78.99999999999999
-99.0
-81.99999999999997
-106.0
-79.99999999999997
-97.5
-165.0
-93.0
-90.99999999999997
-101.5
-93.49999999999997
-82.99999999999999
-90.0
-77.0
-84.5
-100.0
-76.5
-203.0
-73.99999999999997
-84.99999999999997
-153.5
-83.5
-93.0
-119.49999999999997
-103.5
-89.49999999999999
-85.0
-109.0
-95.5
-87.99999999999999
-96.5
-91.0
-90.5
-73.99999999999999
-78.99999999999997
-72.5
-81.49999999999997
-73.49999999999997
-91.99999999999999
-96.5
-108.49999999999997
-85.49999999999997
-102.5
-83.49999999999997
-91.0
-94.0
-86.99999999999999
-100.0
-82.49999999999999
-141.0
-67.49999999999999
-500.0
-85.0
-79.99999999999997
-117.49999999999999
-84.5
-93.49999999999999
-97.99999999999999
-94.5
-91.99999999999999
-91.0
-87.5
-81.49999999999999
-80.99999999999997
-117.49999999999997
-287.0
-91.0
-81.49999999999999
-107.49999999999999
-112.0
-66.99999999999999
-83.99999999999997
-286.0
-74.49999999999999
-77.99999999999997
-96.5
-88.49999999999997
-85.99999999999999
-143.49999999999997
-79.49999999999999
-94.0
-97.99999999999997
-77.49999999999997
-93.49999999999999
-145.0
-79.99999999999997
-89.49999999999999
-87.99999999999997
-76.99999999999997
-122.49999999999999
-84.49999999999999
-95.5
-100.49999999999999
-80.0
-117.99999999999999
-103.5
-84.99999999999999
-78.99999999999999
-87.99999999999997
-131.5
-73.49999999999999
-91.0
-84.99999999999997
-94.5
-102.0
-99.0
-93.49999999999999
-94.49999999999999
-93.99999999999999
-122.49999999999997
-116.0
-106.0
-92.49999999999997
-104.49999999999997
-75.99999999999999
-92.99999999999999
-85.5
-95.99999999999997
-293.5
-287.0
-69.5
-85.99999999999997
-86.99999999999999
-103.5
-93.5
-81.0
-298.5
-105.0
-102.0
-78.0
-105.0
-112.5
-73.49999999999999
-83.5
-103.0
-100.0
-500.0
-500.0
-500.0
-500.0
-500.0
-500.0
-500.0
-500.0
-228.5
-238.0
-196.0
-157.0
-158.5
-185.0
-205.99999999999994
-150.99999999999997
-118.5
-137.99999999999997
-113.5
-127.99999999999997
-146.99999999999997
-117.0
-86.99999999999999
-104.49999999999999
-101.5
-297.0
-86.49999999999999
-110.5
-114.0
-125.49999999999997
-144.5
-92.99999999999997
-87.99999999999997
-126.99999999999997
-100.49999999999999
-103.99999999999999
-89.5
-92.49999999999997
-87.49999999999997
-75.99999999999999
-88.99999999999997
-86.99999999999999
-87.49999999999997
-73.49999999999999
-78.0
-83.0
-83.99999999999999
-103.99999999999999
-85.49999999999997
-99.99999999999997
-85.0
-76.99999999999997
-86.99999999999997
-100.0
-91.49999999999997
-100.5
-104.99999999999999
-89.5
-131.5
-85.99999999999997
-89.5
-91.49999999999999
-87.5
-88.99999999999999
-81.99999999999997
-80.5
-91.49999999999999
-107.5
-121.99999999999997
-78.0
-101.5
-76.99999999999997
-89.0
-90.49999999999997
-73.49999999999999
-87.99999999999997
-87.5
-73.0
-73.49999999999999
-129.5
-67.5
-106.5
-103.99999999999999
-95.49999999999997
-79.99999999999999
-99.49999999999997
-90.99999999999999
-95.99999999999999
-102.0
-96.0
-80.49999999999999
-80.49999999999997
-77.49999999999999
-118.99999999999997
-90.99999999999997
-113.49999999999997
-110.0
-85.5
-89.49999999999999
-95.49999999999997
-72.5
-108.49999999999999
-98.5
-94.49999999999999
-130.0
-89.99999999999999
-85.5
-93.5
-88.49999999999997
-81.49999999999999
-92.49999999999997
-81.49999999999997
-87.99999999999997
-173.5
-96.49999999999999
-145.0
-83.99999999999999
-74.49999999999997
-93.49999999999999
-77.99999999999997
-134.5
-83.5
-78.49999999999999
-79.99999999999997
-81.99999999999997
-90.0
-78.0
-91.99999999999997
-92.5
-66.49999999999997
-131.0
-85.5
-79.99999999999997
-70.99999999999997
-85.99999999999999
-85.99999999999999
-83.99999999999999
-73.49999999999997
-97.49999999999999
-94.49999999999999
-296.0
-80.49999999999997
-83.99999999999997
-79.99999999999999
-75.99999999999997
-139.5
-92.99999999999997
-78.5
-85.49999999999999
-69.99999999999999
-76.0
-78.99999999999999
-113.99999999999999
-130.0
-76.5
-133.5
-131.99999999999997
-173.5
-115.49999999999999
-89.49999999999997
-97.99999999999999
-77.49999999999997
-77.99999999999997
-77.5
-129.49999999999997
-89.99999999999999
-74.49999999999997
-91.5
-85.0
-126.99999999999997
-87.99999999999999
-94.99999999999997
-95.5
-106.5
-97.5
-138.5
-115.50000000000003
-84.49999999999997
-92.49999999999997
-85.99999999999999
-84.0
-85.0
-89.99999999999997
-100.49999999999999
-97.99999999999999
-84.49999999999997
-86.99999999999999
-214.49999999999997
-96.99999999999999
-107.99999999999997
-80.49999999999997
-88.5
-76.49999999999997
-85.99999999999997
-102.5
-69.5
-76.0
-87.0
-83.5
-89.49999999999997
-500.0
-500.0
-500.0
-500.0
-500.0
-188.5
-195.49999999999997
-224.5
-192.99999999999997
-186.5
-175.0
-199.5
-146.49999999999997
-125.5
-145.49999999999997
-175.5
-124.99999999999997
-120.49999999999999
-183.0
-134.5
-218.5
-146.5
-145.99999999999997
-139.0
-106.5
-141.5
-127.0
-145.5
-112.0
-105.49999999999997
-123.49999999999999
-98.99999999999999
-121.0
-140.49999999999997
-134.5
-109.99999999999999
-139.49999999999997
-106.0
-110.0
-150.49999999999997
-124.0
-96.0
-139.5
-131.0
-102.5
-121.0
-97.49999999999999
-134.5
-95.5
-107.5
-124.99999999999999
-117.99999999999999
-119.0
-108.5
-108.99999999999999
-109.5
-114.0
-106.0
-110.5
-90.99999999999999
-100.5
-120.49999999999999
-106.5
-88.99999999999999
-103.5
-96.49999999999999
-104.49999999999999
-95.5
-107.0
-91.49999999999997
-177.0
-117.99999999999999
-85.0
-98.49999999999999
-118.49999999999999
-88.5
-105.0
-152.5
-98.49999999999999
-112.00000000000001
-97.49999999999997
-127.49999999999999
-118.0
-110.99999999999997
-162.0
-89.49999999999997
-69.99999999999997
-89.5
-135.99999999999997
-128.49999999999997
-135.99999999999997
-81.99999999999999
-84.99999999999997
-78.49999999999999
-91.99999999999997
-87.99999999999997
-82.99999999999997
-96.99999999999997
-101.5
-84.49999999999997
-93.0
-121.0
-121.0
-88.49999999999997
-137.0
-75.99999999999999
-120.99999999999997
-116.50000000000001
-103.5
-92.5
-272.5
-117.99999999999999
-155.49999999999997
-194.99999999999997
-108.49999999999999
-121.0
-120.5
-103.99999999999999
-131.0
-124.00000000000003
-118.5
-94.49999999999999
-241.0
-107.5
-113.99999999999999
-138.0
-119.0
-131.49999999999997
-89.49999999999997
-81.49999999999999
-186.5
-87.5
-107.0
-98.5
-130.49999999999997
-85.5
-97.0
-119.99999999999997
-119.0
-136.5
-115.99999999999997
-131.99999999999997
-293.5
-95.0
-107.5
-107.5
-93.99999999999999
-149.5
-72.99999999999997
-105.0
-86.99999999999997
-87.49999999999999
-76.5
-95.99999999999997
-104.5
-86.0
-100.0
-91.49999999999997
-81.99999999999997
-73.5
-127.49999999999997
-81.0
-137.99999999999997
-107.49999999999999
-98.0
-134.99999999999997
-114.49999999999999
-103.49999999999999
-84.0
-134.0
-95.49999999999997
-82.5
-77.0
-129.99999999999997
-101.49999999999999
-196.5
-118.49999999999999
-87.49999999999999
-120.49999999999999
-83.49999999999997
-134.49999999999997
-105.0
-137.49999999999997
-95.5
-472.5
-84.49999999999999
-87.99999999999997
-98.99999999999999
-103.99999999999999
-122.99999999999997
-97.5
-92.49999999999997
-81.99999999999997
-91.0
-100.0
-80.5
-82.49999999999999
-119.0
-77.49999999999997
-71.5
-500.0
-500.0
-500.0
-500.0
-500.0
-500.0
-500.0
-500.0
-500.0
-500.0
-500.0
-500.0
-500.0
-500.0
-500.0
-500.0
-500.0
-500.0
-500.0
-500.0
-500.0
-500.0
-500.0
-500.0
-500.0
-500.0
-500.0
-500.0
-500.0
-500.0
-500.0
-500.0
-500.0
-500.0
-500.0
-500.0
-500.0
-500.0
-500.0
-500.0
-500.0
-500.0
-500.0
-500.0
-500.0
-500.0
-500.0
-500.0
-500.0
-500.0
-500.0
-500.0
-500.0
-500.0
-500.0
-500.0
-500.0
-500.0
-500.0
-500.0
-500.0
-500.0
-500.0
-500.0
-500.0
-500.0
-500.0
-500.0
-500.0
-500.0
-500.0
-500.0
-500.0
-500.0
-500.0
-500.0
-500.0
-500.0
-500.0
-500.0
-500.0
-500.0
-500.0
-500.0
-500.0
-500.0
-500.0
-500.0
-500.0
-500.0
-500.0
-500.0
-500.0
-500.0
-500.0
-500.0
-500.0
-500.0
-500.0
-500.0
-500.0
-500.0
-500.0
-500.0
-500.0
-500.0
-500.0
-500.0
-500.0
-500.0
-500.0
-500.0
-500.0
-500.0
-500.0
-500.0
-500.0
-500.0
-500.0
-500.0
-500.0
-500.0
-500.0
-500.0
-500.0
-500.0
-500.0
-500.0
-500.0
-500.0
-500.0
-500.0
-500.0
-500.0
-500.0
-500.0
-500.0
-500.0
-500.0
-500.0
-500.0
-500.0
-500.0
-500.0
-500.0
-180.50000000000003
-149.0
-161.5
-137.49999999999997
-138.99999999999994
-100.49999999999997
-125.0
-317.0
-147.49999999999997
-105.0
-103.5
-92.5
-133.5
-83.49999999999997
-106.0
-111.49999999999997
-117.0
-157.0
-129.5
-109.0
-90.5
-203.99999999999997
-122.99999999999997
-103.49999999999999
-118.99999999999999
-147.49999999999997
-138.5
-102.49999999999999
-83.5
-95.99999999999997
-96.49999999999997
-103.5
-94.0
-103.0
-117.0
-78.0
-104.49999999999999
-145.0
-102.5
-73.99999999999999
-107.5
-81.49999999999997
-100.5
-86.49999999999999
-85.49999999999999
-137.5
-154.0
-75.0
-134.49999999999997
-84.5
-138.0
-87.49999999999999
-104.0
-103.49999999999999
-88.99999999999999
-500.0
-500.0
-500.0
-500.0
-500.0
-500.0
-500.0
-500.0
-500.0
-500.0
-500.0
-500.0
-500.0
-500.0
-500.0
-500.0
-500.0
-500.0
-500.0
-314.99999999999994
-381.0
-407.5
-163.5
-125.5
-159.5
-150.49999999999997
-146.0
-184.5
-152.0
-112.0
-129.5
-133.0
-139.0
-149.0
-120.49999999999997
-115.49999999999997
-107.5
-92.5
-92.49999999999997
-117.99999999999997
-107.99999999999997
-124.99999999999999
-84.5
-83.99999999999997
-107.5
-85.49999999999997
-91.0
-82.49999999999999
-89.0
-93.0
-99.99999999999999
-89.99999999999997
-87.5
-101.99999999999997
-73.99999999999999
-110.5
-67.0
-74.49999999999999
-91.0
-88.0
-89.49999999999997
-87.49999999999997
-81.99999999999999
-78.99999999999999
-78.0
-91.49999999999999
-71.5
-104.99999999999999
-97.5
-88.0
-92.5
-91.0
-147.0
-82.49999999999997
-89.49999999999997
-87.5
-85.0
-84.0
-76.99999999999997
-76.49999999999999
-78.49999999999999
-110.5
-106.5
-85.0
-85.0
-79.49999999999999
-89.5
-77.5
-93.49999999999999
-78.99999999999999
-78.49999999999997
-70.49999999999999
-108.49999999999999
-78.49999999999997
-80.99999999999997
-85.99999999999999
-93.5
-297.0
-89.5
-85.5
-77.99999999999997
-93.49999999999997
-137.5
-84.5
-75.99999999999997
-80.49999999999997
-220.0
-81.49999999999999
-75.49999999999997
-78.99999999999999
-91.99999999999999
-80.99999999999999
-89.49999999999997
-88.99999999999997
-68.99999999999999
-78.99999999999999
-85.49999999999997
-75.49999999999997
-101.49999999999997
-77.99999999999999
-75.49999999999997
-78.49999999999999
-94.49999999999999
-71.99999999999999
-70.99999999999999
-76.49999999999999
-73.49999999999997
-83.99999999999997
-94.0
-98.0
-96.99999999999997
-114.0
-95.99999999999997
-70.49999999999999
-75.99999999999997
-80.49999999999997
-80.99999999999997
-109.5
-111.99999999999997
-106.0
-78.99999999999999
-85.99999999999999
-75.5
-112.49999999999999
-90.99999999999999
-81.99999999999999
-84.49999999999997
-92.0
-76.99999999999999
-104.0
-106.5
-89.99999999999997
-91.99999999999997
-84.99999999999999
-76.99999999999997
-81.99999999999999
-78.99999999999997
-92.49999999999999
-76.99999999999999
-78.49999999999997
-86.49999999999999
-107.0
-102.99999999999997
-98.49999999999999
-100.5
-104.5
-80.99999999999999
-130.49999999999997
-93.5
-88.99999999999997
-78.99999999999999
-79.49999999999999
-117.5
-89.0
-82.49999999999999
-67.99999999999999
-70.99999999999999
-84.49999999999997
-83.99999999999999
-75.99999999999997
-88.49999999999999
-72.49999999999997
-117.99999999999999
-96.99999999999997
-81.49999999999997
-218.49999999999997
-103.5
-191.49999999999997
-95.49999999999997
-80.5
-83.99999999999997
-95.99999999999999
-79.99999999999997
-105.49999999999997
-99.5
-89.99999999999997
-101.5
-94.0
-87.49999999999999
-94.0
-500.0
-500.0
-500.0
-500.0
-500.0
-500.0
-500.0
-500.0
-500.0
-500.0
-500.0
-500.0
-500.0
-500.0
-500.0
-460.5
-453.5
-500.0
-372.0
-442.0
-368.0
-466.5
-254.0
-295.5
-294.5
-295.0
-228.0
-376.0
-267.49999999999994
-187.0
-329.5
-223.0
-214.0
-253.49999999999997
-244.00000000000003
-239.99999999999997
-202.99999999999997
-178.5
-261.0
-345.0
-162.0
-170.99999999999994
-216.5
-222.5
-173.5
-219.0
-180.0
-174.49999999999997
-327.5
-211.49999999999994
-162.99999999999997
-249.00000000000003
-242.0
-191.0
-216.5
-180.99999999999994
-184.49999999999994
-204.5
-224.0
-218.99999999999997
-195.5
-158.49999999999997
-151.5
-234.99999999999994
-222.0
-202.5
-173.49999999999997
-190.5
-169.99999999999994
-153.49999999999997
-172.99999999999994
-194.5
-154.0
-162.0
-138.0
-135.5
-143.5
-148.49999999999997
-132.0
-220.0
-156.0
-139.99999999999997
-117.99999999999997
-126.49999999999997
-124.0
-224.49999999999994
-122.5
-113.5
-114.0
-113.5
-133.99999999999997
-108.5
-101.99999999999997
-124.49999999999999
-122.0
-114.5
-109.49999999999999
-120.0
-128.99999999999997
-113.5
-120.5
-108.99999999999999
-127.5
-108.5
-112.0
-131.5
-117.99999999999999
-109.99999999999997
-95.99999999999997
-98.49999999999999
-89.99999999999997
-91.49999999999999
-118.49999999999997
-97.99999999999999
-97.0
-118.5
-109.99999999999997
-257.0
-121.5
-111.5
-86.99999999999999
-89.99999999999997
-88.99999999999997
-89.99999999999999
-80.99999999999997
-95.49999999999999
-68.49999999999999
-126.49999999999999
-101.0
-109.49999999999997
-121.49999999999999
-103.49999999999999
-83.49999999999999
-114.99999999999997
-114.99999999999997
-88.99999999999997
-88.99999999999997
-84.99999999999997
-100.49999999999999
-119.49999999999999
-69.99999999999999
-121.00000000000001
-92.49999999999997
-90.0
-85.5
-81.0
-83.99999999999999
-168.5
-141.49999999999997
-68.0
-92.99999999999997
-76.99999999999999
-84.49999999999999
-73.99999999999999
-88.99999999999997
-93.0
-90.0
-79.99999999999997
-82.99999999999997
-80.49999999999997
-75.49999999999997
-90.5
-102.49999999999999
-141.99999999999997
-74.49999999999997
-75.49999999999997
-86.0
-85.49999999999997
-75.49999999999997
-90.0
-66.49999999999999
-78.49999999999997
-86.99999999999997
-81.49999999999999
-87.5
-69.49999999999999
-88.5
-91.99999999999997
-70.49999999999997
-75.49999999999997
-82.99999999999997
-85.5
-78.0
-79.99999999999997
-99.0
-100.99999999999999
-82.99999999999997
-72.5
-76.99999999999999
-89.99999999999997
-72.5
-101.5
-83.99999999999997
-74.5
-87.49999999999997
-87.49999999999999
-79.49999999999997
-134.99999999999997
-73.49999999999997
-100.5
-155.5
-188.5
-178.5
-169.5
-138.5
-156.49999999999997
-127.49999999999999
-142.0
-122.5
-124.99999999999997
-124.00000000000003
-117.5
-98.99999999999999
-119.5
-135.5
-127.0
-121.0
-151.5
-123.5
-197.0
-184.99999999999997
-102.5
-145.49999999999997
-187.5
-130.5
-140.0
-134.5
-115.00000000000003
-160.0
-193.99999999999997
-127.49999999999999
-124.5
-136.0
-101.49999999999997
-132.99999999999997
-102.49999999999999
-123.49999999999999
-112.99999999999999
-118.0
-126.99999999999999
-128.5
-107.5
-99.0
-104.0
-126.49999999999997
-97.99999999999997
-88.49999999999997
-113.99999999999997
-108.49999999999999
-127.5
-110.5
-156.5
-115.99999999999997
-103.0
-80.99999999999999
-81.49999999999999
-99.49999999999997
-93.0
-92.49999999999997
-102.5
-120.5
-105.0
-78.49999999999997
-129.49999999999997
-91.99999999999999
-98.99999999999999
-83.99999999999999
-114.5
-86.49999999999999
-108.99999999999999
-111.0
-85.0
-105.49999999999999
-101.5
-103.0
-97.0
-96.99999999999997
-80.49999999999997
-90.5
-94.0
-102.5
-86.49999999999999
-87.99999999999997
-103.0
-96.0
-100.49999999999999
-100.49999999999997
-127.0
-109.0
-89.99999999999997
-100.49999999999997
-110.99999999999997
-96.0
-76.49999999999997
-97.49999999999999
-101.5
-85.0
-120.0
-98.99999999999999
-138.49999999999997
-97.5
-99.99999999999999
-80.99999999999999
-104.5
-95.5
-91.49999999999999
-96.0
-86.49999999999999
-93.0
-99.0
-95.0
-87.49999999999997
-101.99999999999997
-81.99999999999999
-96.49999999999997
-83.99999999999997
-92.5
-94.49999999999999
-78.49999999999999
-91.49999999999999
-91.5
-96.5
-96.99999999999997
-101.49999999999997
-79.99999999999999
-85.5
-109.5
-109.5
-99.0
-73.99999999999997
-83.5
-82.99999999999999
-149.5
-84.99999999999997
-96.49999999999999
-78.99999999999999
-114.99999999999999
-101.5
-87.0
-112.99999999999997
-102.99999999999999
-72.99999999999999
-75.49999999999997
-77.5
-88.49999999999997
-77.49999999999997
-98.99999999999999
-77.99999999999997
-71.99999999999997
-83.49999999999997
-101.0
-79.49999999999999
-81.5
-75.99999999999997
-73.99999999999999
-116.49999999999997
-85.49999999999999
-93.5
-98.0
-71.49999999999999
-71.5
-77.99999999999997
-69.99999999999997
-81.99999999999997
-81.49999999999999
-67.0
-95.00000000000001
-74.49999999999999
-88.99999999999999
-135.5
-133.0
-87.99999999999999
-84.49999999999999
-81.49999999999999
-88.49999999999997
-112.0
-88.5
-95.0
-92.49999999999997
-97.5
-108.5
-97.0
-89.49999999999997
-94.49999999999999
-93.49999999999997
-82.99999999999999
-100.5
-90.49999999999999
-98.0
-93.49999999999999
-83.99999999999999
-81.99999999999999
-93.99999999999999
-98.99999999999999
-71.49999999999997
-133.49999999999994
-95.99999999999997
-111.50000000000001
-87.5
-86.49999999999999
-121.5
-84.49999999999997
-80.49999999999997
-88.0
-91.5
-77.49999999999997
-87.5
-93.0
-96.99999999999999
-76.99999999999997
-137.0
-75.99999999999999
-75.49999999999999
-93.0
-93.49999999999999
-79.49999999999999
-74.99999999999997
-80.5
-88.49999999999997
-83.49999999999999
-88.0
-81.99999999999997
-95.5
-140.0
-78.99999999999999
-84.99999999999999
-80.5
-75.49999999999997
-89.0
-73.49999999999997
-91.49999999999999
-84.99999999999997
-81.0
-78.99999999999999
-88.0
-76.99999999999997
-93.0
-90.0
-76.99999999999997
-86.49999999999999
-90.49999999999997
-86.99999999999999
-79.99999999999997
-73.5
-82.49999999999999
-68.99999999999997
-104.49999999999999
-115.99999999999997
-78.99999999999999
-80.99999999999999
-82.0
-87.49999999999999
-81.5
-111.49999999999997
-84.99999999999997
-93.49999999999999
-79.99999999999999
-89.5
-81.99999999999999
-90.5
-103.0
-84.49999999999997
-81.99999999999997
-83.99999999999999
-93.49999999999999
-77.99999999999997
-108.5
-101.0
-91.5
-118.0
-86.99999999999999
-97.99999999999999
-87.49999999999997
-77.99999999999997
-211.49999999999997
-78.49999999999999
-103.49999999999999
-149.0
-104.0
-83.49999999999999
-100.5
-104.49999999999999
-95.0
-93.0
-94.0
-100.49999999999997
-89.5
-75.99999999999999
-80.99999999999997
-104.0
-116.99999999999997
-93.99999999999999
-98.0
-97.0
-91.49999999999999
-98.5
-88.49999999999999
-102.99999999999999
-77.49999999999997
-73.49999999999997
-79.49999999999997
-76.49999999999999
-127.49999999999997
-74.49999999999997
-110.49999999999997
-80.99999999999997
-106.5
-95.99999999999997
-99.5
-98.5
-96.99999999999997
-87.49999999999999
-81.99999999999999
-101.5
-92.99999999999997
-79.99999999999997
-122.99999999999997
-106.99999999999999
-101.0
-86.99999999999999
-81.99999999999999
-83.99999999999997
-88.49999999999997
-185.0
-80.49999999999999
-133.99999999999997
-91.49999999999999
-83.49999999999999
-105.5
-85.0
-91.49999999999997
-88.5
-94.0
-94.49999999999997
-101.0
-103.99999999999999
-75.5
-74.49999999999999
-92.49999999999997
-92.99999999999997
-80.99999999999997
-134.0
-90.49999999999999
-107.5
-95.49999999999997
-84.49999999999997
-101.0
-125.49999999999997
-110.99999999999997
-98.0
-105.49999999999997
-93.5
-132.0
-89.49999999999999
-105.5
-92.99999999999997
-122.0
-84.99999999999997
-114.0
-103.0
-119.99999999999997
-125.50000000000001
-110.5
-110.5
-94.99999999999997
-109.5
-95.99999999999997
-108.5
-97.99999999999999
-162.0
-103.5
-120.0
-106.99999999999999
-94.49999999999999
-196.49999999999994
-89.99999999999997
-82.99999999999999
-106.0
-103.49999999999999
-92.5
-110.0
-186.5
-83.99999999999999
-115.99999999999997
-89.49999999999999
-111.0
-108.0
-84.99999999999997
-100.0
-97.0
-79.99999999999997
-97.0
-116.0
-89.5
-94.49999999999999
-147.0
-130.0
-106.5
-103.0
-139.49999999999997
