-200.0
-200.0
-200.0
-200.0
-200.0
-200.0
-200.0
-200.0
-200.0
-200.0
-200.0
-200.0
-200.0
-200.0
-200.0
-200.0
-200.0
-200.0
-200.0
-200.0
-200.0
-200.0
-200.0
-200.0
-200.0
-200.0
-200.0
-200.0
-200.0
-200.0
-200.0
-200.0
-200.0
-200.0
-200.0
-200.0
-200.0
-200.0
-200.0
-200.0
-200.0
-200.0
-200.0
-200.0
-200.0
-200.0
-200.0
-200.0
-200.0
-200.0
-200.0
-200.0
-200.0
-200.0
-200.0
-200.0
-200.0
-200.0
-200.0
-200.0
-200.0
-200.0
-200.0
-200.0
-200.0
-200.0
-200.0
-200.0
-200.0
-200.0
-200.0
-200.0
-200.0
-200.0
-200.0
-200.0
-200.0
-200.0
-200.0
-200.0
-200.0
-200.0
-200.0
-200.0
-200.0
-200.0
-200.0
-200.0
-200.0
-200.0
-200.0
-200.0
-200.0
-200.0
-200.0
-200.0
-200.0
-200.0
-200.0
-200.0
-200.0
-200.0
-200.0
-200.0
-200.0
-200.0
-200.0
-200.0
-197.5
-200.0
-193.0
-200.0
-200.0
-200.0
-200.0
-200.0
-200.0
-200.0
-197.5
-200.0
-200.0
-200.0
-175.5
-200.0
-200.0
-200.0
-190.99999999999997
-198.0
-197.5
-200.0
-200.0
-169.5
-190.0
-175.49999999999997
-168.49999999999994
-163.99999999999997
-133.99999999999997
-128.49999999999997
-200.0
-189.0
-154.99999999999997
-200.0
-174.49999999999994
-178.0
-176.49999999999997
-177.0
-200.0
-200.0
-160.49999999999997
-163.49999999999994
-162.99999999999997
-177.0
-160.49999999999997
-159.5
-138.5
-150.99999999999997
-174.99999999999994
-165.5
-121.5
-127.99999999999999
-120.0
-142.99999999999997
-120.00000000000001
-200.0
-167.0
-200.0
-200.0
-164.0
-158.0
-170.5
-140.5
-119.5
-155.49999999999997
-158.5
-117.0
-115.0
-188.99999999999997
-194.5
-200.0
-196.0
-200.0
-166.5
-186.5
-200.0
-200.0
-177.5
-181.0
-165.99999999999994
-176.5
-165.0
-155.0
-154.5
-154.5
-149.5
-151.99999999999997
-160.0
-156.99999999999997
-162.5
-147.99999999999997
-200.0
-173.0
-170.0
-141.5
-192.5
-170.99999999999997
-143.49999999999994
-176.5
-200.0
-175.0
-152.99999999999997
-147.5
-156.49999999999997
-148.99999999999997
-173.5
-170.99999999999997
-165.49999999999994
-150.5
-177.5
-179.5
-200.0
-175.5
-200.0
-142.99999999999997
-195.0
-169.49999999999994
-141.0
-164.49999999999997
-152.0
-127.99999999999997
-150.5
-200.0
-179.0
-180.49999999999997
-174.99999999999994
-164.99999999999997
-169.99999999999997
-184.5
-148.99999999999997
-145.99999999999997
-166.99999999999997
-173.49999999999994
-150.99999999999997
-156.5
-200.0
-148.99999999999997
-157.49999999999997
-200.0
-200.0
-200.0
-191.5
-200.0
-168.5
-200.0
-200.0
-200.0
-191.5
-200.0
-194.5
-177.0
-173.5
-187.5
-160.0
-178.0
-181.5
-200.0
-200.0
-200.0
-200.0
-200.0
-200.0
-200.0
-200.0
-192.0
-200.0
-182.0
-178.5
-177.0
-170.49999999999994
-173.5
-152.0
-187.5
-162.99999999999997
-198.49999999999997
-180.0
-151.5
-121.5
-139.49999999999997
-147.99999999999997
-174.5
-168.49999999999997
-142.49999999999994
-174.5
-151.99999999999997
-173.0
-151.5
-149.99999999999997
-148.49999999999997
-146.99999999999997
-126.5
-147.49999999999997
-145.49999999999997
-200.0
-99.99999999999997
-142.0
-152.49999999999997
-150.5
-200.0
-194.0
-200.0
-200.0
-200.0
-171.0
-183.0
-165.99999999999994
-127.00000000000001
-128.5
-157.5
-138.5
-180.5
-185.5
-176.0
-171.99999999999997
-154.99999999999997
-160.99999999999997
-185.5
-183.0
-186.5
-181.5
-185.99999999999997
-164.0
-159.49999999999997
-156.5
-154.99999999999997
-179.0
-135.5
-141.5
-153.49999999999997
-158.0
-148.0
-122.5
-189.0
-186.99999999999994
-159.5
-178.99999999999994
-200.0
-200.0
-200.0
-200.0
-200.0
-200.0
-169.99999999999997
-200.0
-169.5
-183.49999999999997
-143.5
-184.0
-172.99999999999997
-151.49999999999994
-178.5
-178.5
-158.0
-176.0
-200.0
-200.0
-167.0
-200.0
-200.0
-200.0
-200.0
-200.0
-200.0
-185.0
-180.99999999999994
-192.5
-159.5
-162.99999999999997
-186.5
-161.99999999999997
-200.0
-200.0
-181.5
-155.99999999999997
-184.0
-190.99999999999997
-200.0
-187.5
-162.49999999999997
-161.99999999999997
-152.0
-121.99999999999999
-155.99999999999997
-134.49999999999997
-117.5
-169.99999999999997
-114.5
-113.99999999999999
-115.0
-134.0
-173.0
-132.5
-195.49999999999997
-190.49999999999997
-156.5
-175.5
-190.0
-167.5
-120.0
-200.0
-200.0
-200.0
-200.0
-200.0
-147.0
-177.5
-180.0
-200.0
-200.0
-200.0
-200.0
-200.0
-200.0
-200.0
-164.5
-168.0
-117.5
-117.0
-160.0
-200.0
-159.5
-123.49999999999999
-156.5
-134.0
-200.0
-157.49999999999994
-198.0
-197.5
-200.0
-196.0
-160.5
-132.0
-147.49999999999997
-151.5
-200.0
-193.0
-160.0
-120.0
-160.5
-132.5
-129.49999999999997
-117.5
-141.5
-113.0
-119.0
-141.0
-107.5
-107.49999999999999
-109.99999999999999
-155.99999999999997
-167.99999999999997
-176.5
-173.5
-165.49999999999997
-159.99999999999997
-128.5
-179.5
-200.0
-126.5
-169.5
-168.0
-200.0
-200.0
-164.0
-200.0
-179.5
-197.0
-200.0
-200.0
-200.0
-200.0
-200.0
-200.0
-200.0
-182.5
-171.49999999999994
-181.5
-167.5
-126.0
-143.5
-149.0
-168.5
-167.0
-147.0
-200.0
-183.5
-200.0
-200.0
-200.0
-167.5
-190.0
-125.0
-200.0
-200.0
-200.0
-168.0
-200.0
-122.0
-122.5
-119.5
-120.0
-200.0
-145.49999999999997
-200.0
-159.5
-171.5
-140.0
-200.0
-200.0
-200.0
-200.0
-200.0
-162.5
-119.0
-158.0
-115.0
-164.0
-122.99999999999999
-200.0
-200.0
-200.0
-200.0
-160.5
-145.99999999999997
-166.5
-118.5
-156.5
-140.0
-137.0
-141.5
-169.5
-115.5
-140.5
-105.0
-100.99999999999999
-177.99999999999997
-161.0
-189.0
-166.0
-153.99999999999997
-148.5
-124.0
-150.0
-159.0
-107.0
-192.5
-195.0
-200.0
-149.99999999999997
-180.5
-189.0
-182.5
-162.99999999999997
-136.0
-182.49999999999994
-125.49999999999997
-143.0
-180.5
-162.5
-139.0
-171.49999999999997
-138.49999999999997
-163.5
-148.99999999999997
-189.5
-200.0
-138.0
-157.99999999999997
-200.0
-200.0
-192.99999999999997
-192.5
-182.99999999999997
-194.0
-193.49999999999997
-189.5
-179.49999999999994
-145.49999999999997
-138.0
-157.0
-149.5
-119.0
-162.99999999999997
-157.99999999999997
-200.0
-200.0
-200.0
-198.49999999999997
-200.0
-184.5
-194.0
-186.99999999999997
-180.0
-185.99999999999997
-183.0
-181.0
-151.0
-159.5
-198.5
-115.5
-200.0
-192.0
-200.0
-188.99999999999997
-194.5
-161.99999999999997
-174.5
-161.49999999999994
-186.5
-167.49999999999997
-145.99999999999997
-146.5
-166.49999999999997
-166.0
-140.49999999999997
-144.49999999999997
-141.0
-152.99999999999997
-180.0
-179.0
-161.5
-152.49999999999997
-153.0
-162.99999999999997
-176.5
-176.0
-141.5
-161.49999999999994
-175.5
-148.49999999999997
-179.5
-198.49999999999997
-168.49999999999994
-144.5
-182.99999999999997
-190.49999999999997
-150.5
-193.0
-109.99999999999997
-188.0
-189.99999999999997
-200.0
-153.49999999999997
-150.5
-177.5
-138.5
-193.0
-159.0
-160.5
-161.0
-151.5
-136.5
-155.0
-118.5
-200.0
-140.5
-172.49999999999997
-119.5
-146.0
-182.0
-144.0
-146.0
-149.5
-129.5
-113.5
-149.5
-172.0
-150.5
-127.99999999999999
-180.0
-176.5
-155.5
-174.5
-196.5
-157.49999999999997
-182.0
-180.5
-173.5
-180.0
-183.49999999999994
-200.0
-182.0
-180.5
-188.0
-185.0
-162.99999999999997
-164.49999999999997
-180.0
-153.49999999999997
-156.49999999999997
-176.5
-200.0
-179.0
-193.49999999999997
-200.0
-200.0
-200.0
-200.0
-200.0
-200.0
-167.5
-178.99999999999994
-146.49999999999997
-142.49999999999994
-197.0
-127.5
-198.49999999999997
-200.0
-200.0
-167.0
-200.0
-178.5
-144.99999999999997
-164.99999999999997
-180.49999999999997
-183.99999999999994
-136.0
-124.5
-116.0
-200.0
-180.0
-154.0
-178.5
-180.0
-178.5
-155.99999999999997
-155.5
-180.5
-175.49999999999997
-161.0
-159.49999999999997
-154.5
-162.5
-151.5
-128.5
-179.0
-200.0
-195.0
-200.0
-180.5
-154.0
-151.0
-153.99999999999997
-139.5
-157.5
-200.0
-200.0
-200.0
-165.99999999999994
-179.0
-176.5
-133.99999999999997
-151.5
-146.5
-134.5
-132.99999999999997
-133.0
-119.5
-138.5
-161.0
-167.99999999999997
-127.49999999999999
-199.5
-181.5
-199.0
-200.0
-200.0
-200.0
-200.0
-149.99999999999997
-162.0
-143.5
-122.5
-119.5
-136.0
-190.99999999999997
-148.49999999999997
-160.5
-116.5
-171.49999999999997
-147.0
-150.0
-152.5
-194.0
-135.5
-200.0
-200.0
-200.0
-200.0
-200.0
-192.5
-200.0
-183.49999999999997
-171.49999999999997
-155.5
-154.49999999999997
-169.49999999999997
-132.49999999999997
-166.0
-162.0
-168.0
-132.0
-197.0
-199.0
-184.5
-153.0
-148.0
-156.99999999999994
-120.0
-195.0
-194.5
-174.99999999999994
-161.49999999999994
-146.99999999999997
-134.99999999999997
-149.99999999999997
-160.5
-172.0
-136.0
-162.0
-134.0
-145.49999999999997
-195.0
-194.0
-200.0
-192.0
-200.0
-174.5
-145.99999999999997
-182.0
-134.5
-173.5
-134.0
-118.0
-148.0
-129.5
-152.5
-160.0
-117.0
-200.0
-200.0
-197.0
-163.0
-167.0
-200.0
-200.0
-169.0
-126.50000000000001
-200.0
-194.5
-200.0
-200.0
-200.0
-200.0
-200.0
-200.0
-200.0
-200.0
-200.0
-200.0
-200.0
-200.0
-196.5
-200.0
-183.49999999999997
-163.5
-200.0
-180.5
-166.49999999999994
-200.0
-169.0
-181.0
-133.5
-200.0
-200.0
-173.99999999999994
-200.0
-151.49999999999994
-145.49999999999997
-200.0
-175.5
-200.0
-200.0
-200.0
-200.0
-200.0
-200.0
-200.0
-200.0
-200.0
-177.0
-197.0
-200.0
-200.0
-200.0
-178.0
-122.0
-200.0
-199.0
-200.0
-200.0
-200.0
-200.0
-200.0
-200.0
-200.0
-200.0
-200.0
-200.0
-200.0
-200.0
-200.0
-199.5
-200.0
-200.0
-200.0
-200.0
-190.5
-200.0
-174.0
-153.99999999999997
-165.99999999999997
-154.49999999999997
-155.5
-179.0
-149.0
-154.99999999999997
-143.0
-144.49999999999994
-137.5
-153.49999999999997
-173.0
-133.0
-140.0
-127.99999999999999
-145.49999999999997
-200.0
-160.5
-184.0
-140.49999999999997
-176.5
-171.99999999999994
-175.5
-133.0
-175.0
-161.99999999999997
-134.5
-144.49999999999997
-149.5
-136.5
-141.0
-199.0
-126.5
-200.0
-192.0
-200.0
-200.0
-200.0
-200.0
-197.5
-196.0
-194.5
-190.49999999999997
-198.49999999999997
-200.0
-200.0
-200.0
-200.0
-200.0
-200.0
-200.0
-200.0
-200.0
-200.0
-190.0
-172.5
-177.0
-143.99999999999997
-189.0
-200.0
-200.0
-149.5
-200.0
-200.0
-200.0
-200.0
-200.0
-200.0
-200.0
-200.0
-157.0
-184.5
