-500.0
-500.0
-464.5
-500.0
-234.0
-202.99999999999997
-298.5
-303.0
-204.49999999999997
-180.99999999999994
-163.0
-184.5
-161.99999999999997
-136.99999999999997
-99.99999999999999
-165.49999999999997
-102.99999999999999
-121.00000000000001
-167.5
-120.0
-131.5
-97.5
-97.5
-105.5
-122.49999999999999
-88.49999999999997
-96.99999999999999
-112.5
-83.49999999999999
-102.5
-93.99999999999999
-87.99999999999997
-76.49999999999997
-81.5
-93.5
-103.49999999999999
-86.99999999999999
-99.99999999999999
-108.99999999999999
-82.49999999999997
-78.49999999999997
-77.99999999999999
-97.49999999999999
-89.0
-100.99999999999997
-88.0
-93.99999999999999
-115.99999999999997
-76.49999999999997
-117.99999999999997
-87.0
-89.49999999999999
-83.0
-83.49999999999997
-92.99999999999997
-76.99999999999999
-67.99999999999997
-91.49999999999999
-77.0
-84.0
-91.99999999999999
-151.5
-82.99999999999997
-82.99999999999997
-81.49999999999999
-74.49999999999997
-92.0
-76.49999999999999
-75.99999999999999
-94.99999999999999
-84.49999999999999
-87.0
-73.0
-78.49999999999997
-84.99999999999997
-76.49999999999997
-77.49999999999997
-81.99999999999997
-85.99999999999999
-74.49999999999999
-79.49999999999997
-78.99999999999999
-91.49999999999997
-76.49999999999997
-87.49999999999997
-77.0
-82.49999999999997
-76.99999999999999
-76.49999999999997
-91.49999999999997
-72.99999999999997
-136.49999999999997
-84.0
-75.99999999999997
-199.5
-92.5
-75.0
-107.49999999999999
-90.49999999999997
-77.0
-86.49999999999999
-79.49999999999997
-79.49999999999997
-85.5
-73.49999999999999
-79.99999999999997
-92.99999999999997
-99.99999999999999
-76.99999999999999
-89.0
-101.0
-113.49999999999999
-80.49999999999997
-190.5
-122.49999999999997
-83.49999999999997
-76.49999999999999
-87.49999999999997
-77.49999999999997
-88.49999999999999
-85.49999999999997
-70.0
-82.99999999999997
-88.99999999999997
-85.49999999999997
-80.49999999999997
-76.49999999999997
-73.99999999999999
-114.49999999999997
-75.99999999999999
-92.49999999999997
-85.49999999999997
-76.49999999999997
-84.49999999999997
-70.49999999999999
-81.99999999999999
-78.99999999999999
-77.99999999999997
-72.99999999999999
-78.0
-85.49999999999997
-81.99999999999999
-79.5
-296.0
-100.5
-101.5
-127.0
-70.99999999999999
-69.99999999999999
-116.49999999999996
-85.0
-69.99999999999997
-101.5
-76.0
-80.49999999999997
-80.99999999999997
-77.5
-76.49999999999997
-81.99999999999997
-75.5
-81.99999999999999
-73.49999999999999
-90.5
-81.49999999999999
-85.5
-87.99999999999997
-81.99999999999999
-80.99999999999997
-81.49999999999997
-70.99999999999999
-83.0
-78.99999999999999
-79.49999999999999
-77.49999999999997
-74.49999999999997
-81.49999999999999
-87.49999999999997
-77.5
-79.49999999999997
-86.0
-81.0
-74.49999999999997
-81.99999999999999
-73.99999999999997
-94.99999999999997
-76.5
-81.49999999999997
-86.49999999999997
-71.49999999999997
-94.5
-87.0
-77.99999999999997
-109.49999999999997
-77.99999999999997
-81.49999999999997
-75.5
-80.99999999999997
-70.49999999999999
-82.49999999999997
-81.49999999999999
-500.0
-392.0
-500.0
-405.5
-500.0
-335.0
-393.0
-500.0
-86.99999999999997
-86.99999999999999
-87.5
-101.0
-87.99999999999997
-75.0
-87.99999999999997
-76.49999999999997
-81.99999999999999
-84.5
-70.49999999999999
-73.0
-82.49999999999999
-75.5
-106.49999999999997
-90.0
-81.99999999999999
-87.5
-76.49999999999997
-89.49999999999997
-82.49999999999997
-91.49999999999997
-85.49999999999997
-68.0
-96.99999999999997
-78.0
-85.49999999999997
-86.49999999999999
-116.99999999999997
-82.49999999999997
-82.49999999999999
-73.5
-70.0
-83.99999999999999
-84.99999999999997
-119.99999999999997
-73.49999999999999
-80.0
-95.99999999999999
-86.49999999999999
-89.99999999999999
-78.0
-106.5
-85.49999999999997
-74.99999999999999
-92.49999999999997
-133.49999999999994
-92.99999999999997
-85.49999999999997
-84.5
-86.49999999999999
-76.49999999999997
-77.0
-77.49999999999997
-86.99999999999997
-83.99999999999999
-81.49999999999999
-78.49999999999999
-79.49999999999997
-110.99999999999999
-72.0
-80.49999999999997
-80.99999999999999
-72.0
-79.49999999999999
-130.99999999999997
-74.49999999999999
-85.0
-88.5
-69.99999999999999
-67.49999999999997
-153.0
-78.49999999999999
-96.49999999999999
-83.49999999999997
-115.99999999999997
-73.99999999999999
-76.5
-75.99999999999997
-96.5
-84.0
-83.99999999999999
-71.49999999999997
-79.49999999999999
-90.49999999999999
-80.0
-83.5
-78.49999999999997
-83.49999999999999
-73.99999999999999
-101.0
-124.0
-127.0
-77.99999999999997
-73.0
-86.99999999999999
-78.99999999999999
-86.49999999999999
-83.49999999999997
-81.99999999999999
-80.49999999999997
-73.49999999999999
-84.0
-90.5
-95.99999999999999
-78.99999999999999
-79.99999999999999
-92.0
-74.49999999999999
-78.5
-91.49999999999997
-81.49999999999997
-83.5
-70.99999999999999
-83.0
-80.49999999999997
-84.49999999999997
-87.0
-93.99999999999999
-76.99999999999997
-94.49999999999999
-84.5
-78.0
-81.0
-69.49999999999997
-72.5
-94.5
-75.99999999999999
-85.99999999999997
-74.49999999999999
-73.49999999999999
-72.5
-93.0
-106.5
-76.49999999999999
-76.5
-80.0
-75.0
-78.99999999999999
-105.0
-114.99999999999997
-81.99999999999997
-81.99999999999997
-128.5
-70.49999999999999
-76.99999999999997
-80.49999999999997
-80.99999999999997
-82.5
-100.0
-90.5
-79.49999999999999
-94.5
-76.49999999999999
-82.49999999999997
-93.5
-75.5
-95.49999999999997
-81.99999999999997
-83.99999999999999
-84.49999999999999
-88.5
-84.49999999999997
-85.0
-142.5
-78.99999999999999
-91.5
-72.5
-81.99999999999997
-75.99999999999999
-101.0
-80.99999999999997
-79.49999999999997
-72.49999999999997
-77.5
-73.99999999999999
-105.0
-83.99999999999997
-81.49999999999999
-78.49999999999997
-74.99999999999999
-86.99999999999997
-74.49999999999999
-79.49999999999997
-81.99999999999999
-78.49999999999997
-78.99999999999997
-91.49999999999997
-84.0
-75.99999999999997
-90.49999999999997
-83.49999999999997
-500.0
-500.0
-500.0
-500.0
-500.0
-500.0
-500.0
-500.0
-500.0
-500.0
-500.0
-500.0
-500.0
-500.0
-500.0
-500.0
-500.0
-500.0
-500.0
-500.0
-500.0
-500.0
-500.0
-500.0
-500.0
-500.0
-500.0
-500.0
-500.0
-500.0
-500.0
-500.0
-500.0
-500.0
-500.0
-500.0
-500.0
-500.0
-500.0
-500.0
-500.0
-500.0
-500.0
-500.0
-500.0
-500.0
-500.0
-500.0
-500.0
-500.0
-500.0
-500.0
-500.0
-500.0
-500.0
-500.0
-500.0
-500.0
-500.0
-500.0
-500.0
-500.0
-500.0
-500.0
-500.0
-500.0
-500.0
-500.0
-500.0
-500.0
-500.0
-500.0
-500.0
-500.0
-500.0
-500.0
-500.0
-500.0
-500.0
-500.0
-500.0
-500.0
-500.0
-500.0
-500.0
-500.0
-500.0
-500.0
-500.0
-80.5
-439.0
-310.0
-253.49999999999997
-184.5
-229.5
-100.99999999999997
-111.0
-121.5
-102.49999999999997
-85.49999999999997
-82.49999999999999
-77.5
-131.0
-83.5
-122.49999999999999
-98.5
-133.49999999999997
-105.99999999999997
-76.99999999999997
-115.49999999999997
-87.49999999999999
-81.99999999999999
-86.99999999999997
-130.0
-90.5
-100.99999999999997
-85.0
-87.0
-77.5
-89.5
-83.49999999999999
-96.49999999999997
-87.49999999999999
-74.99999999999997
-69.49999999999999
-87.49999999999999
-73.99999999999999
-95.0
-135.5
-78.5
-78.99999999999997
-77.5
-97.0
-78.0
-100.99999999999997
-80.5
-76.99999999999997
-121.0
-73.99999999999999
-81.49999999999997
-87.5
-122.49999999999999
-93.0
-80.49999999999997
-79.49999999999997
-81.0
-131.49999999999997
-79.5
-65.49999999999999
-98.99999999999999
-86.49999999999999
-104.0
-82.99999999999997
-82.49999999999999
-82.49999999999997
-100.99999999999999
-148.0
-88.49999999999997
-171.5
-103.99999999999999
-86.99999999999997
-79.99999999999997
-135.0
-84.49999999999997
-133.99999999999997
-85.0
-192.99999999999997
-117.99999999999997
-98.49999999999999
-85.5
-81.99999999999999
-82.49999999999997
-82.99999999999997
-82.99999999999997
-84.0
-73.99999999999999
-68.99999999999999
-76.99999999999997
-153.5
-96.0
-84.0
-97.99999999999999
-75.49999999999997
-79.49999999999997
-86.49999999999999
-72.0
-102.0
-69.99999999999997
-78.99999999999999
-85.99999999999999
-78.99999999999999
-77.99999999999999
-93.0
-78.49999999999999
-74.99999999999999
-73.99999999999999
-82.49999999999999
-67.99999999999999
-77.49999999999999
-73.49999999999999
-500.0
-500.0
-500.0
-500.0
-500.0
-500.0
-500.0
-500.0
-500.0
-500.0
-500.0
-500.0
-500.0
-500.0
-500.0
-500.0
-500.0
-500.0
-500.0
-500.0
-500.0
-500.0
-500.0
-500.0
-500.0
-500.0
-500.0
-500.0
-500.0
-500.0
-500.0
-500.0
-500.0
-500.0
-500.0
-500.0
-500.0
-500.0
-500.0
-500.0
-500.0
-500.0
-500.0
-500.0
-500.0
-500.0
-500.0
-500.0
-500.0
-500.0
-500.0
-500.0
-500.0
-500.0
-500.0
-500.0
-500.0
-500.0
-500.0
-500.0
-500.0
-500.0
-500.0
-500.0
-500.0
-500.0
-500.0
-500.0
-500.0
-500.0
-500.0
-500.0
-500.0
-500.0
-500.0
-500.0
-500.0
-500.0
-500.0
-500.0
-500.0
-500.0
-500.0
-500.0
-500.0
-500.0
-500.0
-500.0
-500.0
-500.0
-500.0
-500.0
-500.0
-500.0
-500.0
-500.0
-500.0
-500.0
-500.0
-500.0
-500.0
-500.0
-500.0
-500.0
-500.0
-500.0
-500.0
-500.0
-500.0
-500.0
-500.0
-500.0
-500.0
-500.0
-500.0
-500.0
-500.0
-500.0
-500.0
-500.0
-500.0
-500.0
-500.0
-500.0
-500.0
-500.0
-500.0
-500.0
-500.0
-500.0
-500.0
-500.0
-500.0
-500.0
-500.0
-500.0
-500.0
-500.0
-500.0
-500.0
-500.0
-500.0
-500.0
-500.0
-500.0
-500.0
-500.0
-500.0
-500.0
-500.0
-500.0
-500.0
-500.0
-500.0
-500.0
-500.0
-500.0
-500.0
-500.0
-500.0
-500.0
-500.0
-500.0
-500.0
-500.0
-500.0
-500.0
-500.0
-500.0
-500.0
-500.0
-500.0
-500.0
-500.0
-500.0
-500.0
-500.0
-500.0
-500.0
-500.0
-500.0
-500.0
-500.0
-500.0
-500.0
-500.0
-500.0
-500.0
-500.0
-500.0
-500.0
-500.0
-500.0
-500.0
-500.0
-500.0
-500.0
-500.0
-500.0
-500.0
-500.0
-500.0
-500.0
-500.0
-500.0
-500.0
-500.0
-500.0
-500.0
-82.99999999999999
-114.5
-78.99999999999999
-83.99999999999997
-151.00000000000003
-82.99999999999997
-83.49999999999997
-99.49999999999999
-92.49999999999997
-77.5
-101.5
-146.0
-97.0
-90.5
-87.99999999999999
-76.49999999999999
-73.99999999999999
-84.49999999999999
-81.99999999999997
-82.49999999999999
-71.5
-72.99999999999997
-77.99999999999997
-73.99999999999999
-76.99999999999999
-71.49999999999997
-75.49999999999997
-90.99999999999997
-73.49999999999999
-101.5
-136.0
-85.99999999999999
-81.99999999999997
-88.49999999999997
-73.99999999999999
-80.49999999999999
-75.5
-81.49999999999997
-77.49999999999997
-79.99999999999997
-117.99999999999999
-123.49999999999999
-92.5
-92.49999999999997
-91.49999999999999
-92.0
-80.0
-80.49999999999997
-135.0
-72.5
-102.0
-79.99999999999997
-105.5
-71.99999999999999
-96.0
-69.99999999999997
-82.99999999999997
-86.99999999999999
-76.0
-105.99999999999996
-81.99999999999997
-77.49999999999997
-78.99999999999999
-70.99999999999999
-81.49999999999999
-118.99999999999997
-80.49999999999997
-72.99999999999997
-112.49999999999997
-80.49999999999997
-72.5
-72.99999999999999
-91.49999999999999
-86.5
-73.49999999999999
-80.0
-92.0
-73.49999999999997
-80.49999999999997
-83.0
-83.49999999999997
-83.0
-76.49999999999997
-77.99999999999997
-88.99999999999997
-131.5
-85.49999999999997
-99.5
-102.99999999999997
-82.49999999999997
-78.5
-76.49999999999997
-81.99999999999999
-230.49999999999997
-80.99999999999997
-79.99999999999997
-120.99999999999999
-92.99999999999997
-84.5
-73.49999999999999
-87.99999999999997
-137.0
-83.0
-89.99999999999997
-129.0
-109.0
-94.99999999999999
-146.0
-75.5
-84.99999999999999
-77.49999999999997
-77.5
-83.49999999999999
-77.0
-92.0
-91.5
-80.99999999999997
-82.49999999999997
-191.99999999999997
-81.49999999999999
-76.0
-306.0
-84.49999999999997
-86.99999999999999
-99.49999999999999
-78.0
-85.0
-119.99999999999999
-74.99999999999997
-86.0
-97.5
-72.99999999999997
-92.5
-77.99999999999999
-79.99999999999999
-78.49999999999997
-83.0
-96.99999999999997
-110.99999999999999
-87.0
-158.5
-76.49999999999997
-122.99999999999999
-83.0
-83.0
-75.99999999999997
-84.99999999999997
-91.5
-141.0
-81.49999999999999
-76.49999999999997
-75.99999999999997
-80.5
-83.49999999999997
-93.5
-74.99999999999997
-80.99999999999997
-116.49999999999999
-80.99999999999997
-85.99999999999999
-100.49999999999997
-71.99999999999997
-91.49999999999999
-81.99999999999999
-80.99999999999997
-290.5
-88.99999999999997
-80.49999999999997
-74.99999999999999
-84.49999999999997
-82.49999999999999
-74.5
-103.0
-72.0
-139.99999999999997
-77.99999999999997
-70.99999999999999
-90.5
-74.49999999999997
-121.5
-85.49999999999999
-125.5
-73.5
-73.49999999999999
-75.99999999999999
-65.99999999999997
-85.5
-81.0
-108.49999999999997
-76.49999999999997
-83.49999999999997
-462.0
-500.0
-500.0
-500.0
-500.0
-500.0
-500.0
-500.0
-500.0
-500.0
-500.0
-500.0
-500.0
-500.0
-500.0
-500.0
-500.0
-500.0
-500.0
-500.0
-500.0
-500.0
-500.0
-500.0
-500.0
-500.0
-500.0
-500.0
-500.0
-500.0
-500.0
-500.0
-500.0
-500.0
-500.0
-500.0
-500.0
-500.0
-500.0
-500.0
-500.0
-500.0
-500.0
-500.0
-500.0
-500.0
-500.0
-500.0
-500.0
-500.0
-500.0
-500.0
-500.0
-500.0
-500.0
-500.0
-500.0
-500.0
-500.0
-500.0
-500.0
-500.0
-500.0
-500.0
-500.0
-500.0
-500.0
-500.0
-500.0
-500.0
-500.0
-500.0
-500.0
-500.0
-500.0
-500.0
-500.0
-500.0
-500.0
-500.0
-500.0
-500.0
-500.0
-500.0
-500.0
-500.0
-500.0
-500.0
-500.0
-500.0
-500.0
-500.0
-500.0
-500.0
-500.0
-500.0
-500.0
-500.0
-500.0
-500.0
-500.0
-500.0
-500.0
-500.0
-500.0
-500.0
-500.0
-500.0
-500.0
-500.0
-500.0
-500.0
-500.0
-500.0
-500.0
-500.0
-500.0
-500.0
-500.0
-500.0
-500.0
-500.0
-500.0
-500.0
-500.0
-500.0
-500.0
-500.0
-500.0
-500.0
-500.0
-500.0
-500.0
-500.0
-500.0
-500.0
-500.0
-500.0
-500.0
-500.0
-500.0
-500.0
-500.0
-500.0
-500.0
-500.0
-500.0
-500.0
-500.0
-500.0
-500.0
-500.0
-500.0
-500.0
-500.0
-500.0
-500.0
-500.0
-500.0
-500.0
-500.0
-500.0
-500.0
-500.0
-500.0
-500.0
-500.0
-500.0
-500.0
-500.0
-500.0
-500.0
-500.0
-500.0
-500.0
-500.0
-500.0
-500.0
-500.0
-500.0
-500.0
-500.0
-500.0
-500.0
-500.0
-500.0
-500.0
-500.0
-500.0
-500.0
-500.0
-500.0
-500.0
-500.0
-500.0
-500.0
-500.0
-500.0
-500.0
-500.0
-76.99999999999997
-85.99999999999999
-88.49999999999997
-96.99999999999997
-144.5
-146.99999999999997
-99.49999999999999
-91.5
-108.0
-91.99999999999997
-95.99999999999997
-83.5
-107.00000000000001
-83.49999999999997
-98.99999999999999
-77.5
-87.0
-95.49999999999999
-86.49999999999999
-79.49999999999999
-79.49999999999997
-99.49999999999999
-79.49999999999999
-80.0
-84.49999999999997
-100.49999999999997
-126.99999999999996
-85.99999999999999
-68.49999999999999
-85.99999999999999
-91.99999999999999
-78.0
-94.5
-75.99999999999997
-97.99999999999997
-89.0
-90.99999999999999
-77.5
-89.49999999999997
-94.0
-91.49999999999999
-91.5
-82.49999999999999
-90.49999999999997
-72.5
-81.99999999999999
-78.99999999999999
-71.49999999999999
-118.99999999999997
-87.99999999999997
-83.49999999999997
-79.99999999999997
-83.99999999999997
-82.99999999999999
-82.49999999999999
-65.99999999999997
-71.99999999999997
-93.5
-86.99999999999999
-72.49999999999999
-82.49999999999999
-82.99999999999997
-75.49999999999997
-89.99999999999999
-113.49999999999997
-103.99999999999997
-71.99999999999997
-98.49999999999999
-70.49999999999999
-85.49999999999997
-86.99999999999999
-87.99999999999997
-86.99999999999997
-173.0
-80.49999999999997
-90.49999999999997
-129.99999999999997
-87.49999999999999
-91.0
-80.49999999999997
-78.49999999999997
-76.99999999999997
-79.49999999999999
-85.99999999999997
-86.49999999999997
-101.5
-123.5
-92.0
-82.99999999999997
-73.99999999999999
-67.5
-73.99999999999997
-71.5
-89.99999999999997
-88.49999999999997
-86.99999999999999
-75.99999999999997
-71.49999999999997
-79.5
-83.99999999999997
-79.49999999999999
-81.0
-86.49999999999999
-84.99999999999997
-108.99999999999999
-121.49999999999997
-91.99999999999997
-82.99999999999997
-85.49999999999997
-79.5
-82.49999999999999
-73.99999999999997
-68.0
-89.99999999999997
-83.0
-85.49999999999997
-78.0
-126.49999999999997
-71.99999999999997
-68.5
-68.99999999999999
-90.49999999999997
-74.49999999999999
-75.49999999999997
-73.0
-76.5
-73.49999999999999
-73.99999999999999
-79.99999999999997
-66.49999999999999
-84.5
-77.99999999999999
-83.49999999999999
-62.49999999999998
-92.99999999999999
-80.99999999999997
-76.49999999999997
-79.49999999999999
-87.99999999999997
-72.49999999999997
-72.99999999999997
-120.49999999999997
-73.49999999999999
-82.99999999999997
-82.49999999999999
-100.5
-146.0
-79.49999999999999
-119.49999999999999
-78.99999999999997
-77.5
-94.0
-82.0
-81.5
-89.99999999999999
-75.99999999999997
-78.49999999999999
-72.0
-91.0
-87.5
-85.49999999999997
-77.0
-71.99999999999999
-69.99999999999997
-83.99999999999997
-74.99999999999997
-79.0
-81.49999999999999
-79.49999999999997
-77.49999999999997
-77.5
-81.49999999999999
-75.99999999999999
-79.99999999999997
-111.99999999999997
-79.99999999999997
-96.49999999999999
-81.49999999999997
-92.0
-96.99999999999997
-85.99999999999997
-83.49999999999997
-79.99999999999999
-85.99999999999997
-77.99999999999999
-73.49999999999997
-83.99999999999997
-76.49999999999997
-76.49999999999997
-83.0
-82.49999999999999
-82.49999999999999
-72.49999999999997
-81.99999999999999
-76.49999999999997
-82.99999999999997
-84.49999999999999
-83.99999999999999
-78.5
-70.99999999999999
-500.0
-500.0
-500.0
-500.0
-500.0
-500.0
-500.0
-500.0
-500.0
-500.0
-500.0
-500.0
-500.0
-500.0
-500.0
-500.0
-500.0
-500.0
-500.0
-500.0
-500.0
-500.0
-500.0
-500.0
-500.0
-500.0
-500.0
-500.0
-500.0
-500.0
-500.0
-500.0
-500.0
-500.0
-500.0
-500.0
-500.0
-500.0
-500.0
-500.0
-500.0
-500.0
-500.0
-500.0
-500.0
-500.0
-500.0
-500.0
-500.0
-500.0
-500.0
-500.0
-500.0
-500.0
-500.0
-500.0
-500.0
-500.0
-500.0
-500.0
-500.0
-500.0
-500.0
-500.0
-500.0
-500.0
-500.0
-500.0
-500.0
-500.0
-500.0
-500.0
-500.0
-500.0
-500.0
-500.0
-500.0
-500.0
-500.0
-500.0
-500.0
-500.0
-500.0
-500.0
-500.0
-500.0
-500.0
-500.0
-500.0
-500.0
-500.0
-500.0
-500.0
-500.0
-500.0
-500.0
-500.0
-500.0
-500.0
-500.0
-500.0
-500.0
-500.0
-500.0
-500.0
-500.0
-500.0
-500.0
-500.0
-500.0
-500.0
-500.0
-500.0
-500.0
-500.0
-500.0
-500.0
-500.0
-500.0
-500.0
-500.0
-500.0
-500.0
-500.0
-500.0
-500.0
-500.0
-500.0
-500.0
-500.0
-500.0
-500.0
-500.0
-500.0
-500.0
-500.0
-500.0
-500.0
-500.0
-500.0
-500.0
-500.0
-500.0
-500.0
-500.0
-500.0
-500.0
-500.0
-500.0
-500.0
-500.0
-500.0
-500.0
-500.0
-500.0
-500.0
-500.0
-500.0
-500.0
-500.0
-500.0
-500.0
-500.0
-500.0
-500.0
-500.0
-500.0
-500.0
-500.0
-500.0
-500.0
-500.0
-500.0
-500.0
-500.0
-500.0
-500.0
-500.0
-500.0
-500.0
-500.0
-500.0
-500.0
-500.0
-500.0
-500.0
-500.0
-500.0
-500.0
-500.0
-500.0
-500.0
-500.0
-500.0
-500.0
-500.0
-500.0
-500.0
-500.0
-500.0
-500.0
-500.0
-500.0
-500.0
-500.0
-500.0
-500.0
-500.0
-500.0
-500.0
-500.0
-500.0
-500.0
-500.0
-500.0
-500.0
-500.0
-500.0
-500.0
-500.0
-500.0
-500.0
-500.0
-500.0
-500.0
-500.0
-134.5
-126.5
-135.0
-103.49999999999999
-127.49999999999997
-96.49999999999997
-95.49999999999997
-125.5
-130.99999999999997
-100.5
-92.5
-103.49999999999999
-112.5
-89.0
-117.49999999999997
-89.99999999999999
-102.49999999999999
-85.49999999999999
-86.0
-84.49999999999999
-101.0
-82.99999999999997
-98.5
-106.5
-74.99999999999999
-167.5
-92.5
-95.5
-101.5
-96.5
-97.99999999999999
-80.99999999999997
-96.99999999999999
-87.99999999999997
-295.5
-73.99999999999999
-95.5
-103.99999999999999
-122.5
-89.5
-101.99999999999999
-102.49999999999999
-121.0
-135.49999999999997
-85.99999999999999
-163.00000000000003
-88.99999999999997
-100.5
-165.5
-84.49999999999997
-102.0
-80.99999999999999
-87.99999999999997
-95.49999999999997
-85.0
-96.5
-76.49999999999999
-102.5
-97.0
-168.5
-96.0
-102.5
-90.0
-85.49999999999999
-87.5
-95.99999999999999
-75.99999999999997
-78.49999999999999
-148.5
-84.0
-90.49999999999997
-81.99999999999999
-92.49999999999997
-81.99999999999999
-86.0
-78.99999999999999
-83.49999999999999
-106.5
-83.99999999999999
-125.49999999999997
-86.99999999999999
-101.99999999999997
-87.5
-90.99999999999999
-83.99999999999997
-86.99999999999999
-82.99999999999997
-89.5
-120.5
-96.49999999999999
-71.99999999999997
-115.49999999999997
-76.49999999999999
-75.49999999999999
-77.5
-91.99999999999997
-156.0
-78.49999999999999
-89.5
-119.0
-137.49999999999997
-110.5
-96.0
-128.5
-93.49999999999999
-87.49999999999997
-79.49999999999997
-106.99999999999997
-98.99999999999999
-138.0
-81.99999999999999
-62.49999999999998
-83.99999999999999
-99.99999999999999
-70.49999999999997
-68.49999999999999
-152.0
-99.99999999999997
-74.99999999999999
-81.99999999999999
-83.49999999999997
-73.0
-80.0
-94.99999999999997
-93.49999999999999
-82.99999999999997
-104.5
-88.5
-74.99999999999999
-85.0
-107.0
-112.49999999999997
-77.99999999999999
-114.99999999999999
-67.5
-91.0
-74.49999999999997
-92.99999999999997
-83.49999999999997
-83.99999999999997
-91.0
-73.99999999999999
-83.49999999999997
-85.49999999999999
-85.5
-72.0
-116.0
-88.99999999999997
-93.99999999999999
-83.0
-77.99999999999997
-81.49999999999999
-87.99999999999997
-70.49999999999999
-126.49999999999997
-96.5
-81.49999999999999
-178.5
-85.99999999999997
-78.99999999999999
-84.99999999999997
-90.0
-82.99999999999997
-84.49999999999997
-75.99999999999999
-73.99999999999999
-79.99999999999999
-86.49999999999999
-81.0
-67.5
-128.49999999999997
-83.99999999999999
-69.99999999999997
-97.0
-123.49999999999999
-141.99999999999997
-86.0
-107.5
-98.99999999999999
-68.49999999999999
-92.5
-81.99999999999999
-73.99999999999999
-89.99999999999997
-91.99999999999997
-77.49999999999997
-82.99999999999997
-89.99999999999999
-78.0
-73.49999999999999
-77.5
-80.5
-88.5
-121.99999999999997
-79.99999999999997
-83.5
-82.99999999999997
-81.0
-80.99999999999997
-90.0
-74.99999999999997
-81.49999999999999
-71.99999999999997
-91.49999999999999
-73.99999999999999
-111.5
-74.99999999999999
-87.49999999999997
-81.99999999999999
-85.0
-78.49999999999999
-74.49999999999997
-82.49999999999997
-80.0
-91.5
-75.49999999999997
-82.0
-78.99999999999999
-74.99999999999997
-80.99999999999999
-75.5
-77.49999999999997
-98.0
-73.49999999999999
-80.0
-86.99999999999997
-71.99999999999997
-85.0
-73.99999999999997
-67.99999999999999
-82.0
-77.49999999999997
-79.99999999999999
-75.49999999999997
-62.49999999999998
-176.0
-74.99999999999999
-83.99999999999999
-76.99999999999999
-67.99999999999999
-75.99999999999997
-75.99999999999999
-84.99999999999999
-80.99999999999997
-83.49999999999999
-143.0
-77.99999999999997
-85.99999999999997
-87.5
-73.49999999999997
-78.99999999999999
-85.49999999999997
-77.99999999999997
-73.49999999999999
-75.49999999999997
-83.0
-81.99999999999999
-87.49999999999999
-80.0
-74.99999999999997
-84.99999999999997
-70.49999999999999
-75.0
-107.99999999999999
-83.5
-72.99999999999997
-85.0
-76.99999999999997
-86.49999999999999
-84.99999999999999
-96.5
-83.0
-104.0
-126.99999999999996
-79.49999999999997
-79.99999999999997
-117.0
-91.0
-82.5
-80.99999999999997
-175.0
-75.0
-69.99999999999999
-74.0
-65.49999999999997
-75.99999999999997
-69.99999999999997
-82.0
-74.49999999999999
-69.49999999999997
-99.0
-106.99999999999999
-77.99999999999997
-80.0
-85.99999999999997
-69.99999999999999
-94.5
-76.49999999999997
-78.49999999999999
-85.99999999999999
-80.99999999999997
-78.99999999999997
-81.49999999999999
-91.5
-75.49999999999999
-119.5
-78.49999999999997
-80.99999999999997
-71.49999999999999
-87.49999999999997
-97.0
-101.5
-75.49999999999999
-73.49999999999999
-71.99999999999999
-93.99999999999999
-76.99999999999997
-74.99999999999997
-105.0
-83.99999999999999
-80.99999999999999
-132.0
-94.0
-80.49999999999997
-89.49999999999999
-86.99999999999999
-87.99999999999997
-113.0
-103.49999999999997
-74.99999999999997
-95.99999999999997
-114.49999999999997
-85.99999999999997
-80.49999999999997
-78.49999999999999
-74.99999999999999
-79.99999999999997
-73.49999999999997
-70.49999999999999
-79.99999999999997
-78.99999999999997
-74.49999999999999
-86.99999999999999
-83.99999999999997
-77.49999999999997
-102.99999999999997
-80.5
-72.0
-82.99999999999997
-77.49999999999997
-71.99999999999997
-84.0
-71.49999999999997
-83.99999999999999
-81.49999999999999
-74.49999999999999
-72.99999999999997
-100.99999999999997
-85.99999999999997
-69.49999999999997
-73.99999999999999
-89.49999999999999
-84.49999999999999
-74.99999999999997
-78.99999999999999
-113.5
-80.5
-81.99999999999997
-79.49999999999997
-100.49999999999997
-93.99999999999999
-146.0
-74.49999999999999
-74.49999999999999
