16.500000000000004
18.0
30.000000000000007
28.0
51.999999999999986
21.500000000000007
18.500000000000004
28.0
15.500000000000002
25.500000000000007
18.500000000000004
28.000000000000007
15.500000000000004
16.0
14.500000000000002
28.99999999999999
19.000000000000004
13.5
27.500000000000007
30.0
42.0
47.5
54.999999999999986
61.5
113.5
17.0
34.99999999999999
46.0
32.00000000000001
43.0
75.99999999999997
33.5
68.0
63.99999999999998
93.49999999999997
104.5
151.0
74.0
59.5
97.49999999999997
160.49999999999994
81.49999999999999
236.99999999999994
210.49999999999994
141.5
83.49999999999997
256.0
257.0
119.5
54.499999999999986
61.49999999999997
86.49999999999999
170.5
184.99999999999994
124.0
181.0
59.99999999999998
133.5
79.0
134.5
135.5
166.49999999999994
150.49999999999997
146.0
107.5
166.99999999999997
156.99999999999997
122.49999999999999
160.99999999999997
110.5
233.49999999999997
161.00000000000003
91.99999999999997
212.5
51.50000000000001
197.99999999999997
275.5
282.5
256.5
262.0
234.0
270.0
272.5
312.5
370.5
370.49999999999994
362.5
440.0
348.9999999999999
355.4999999999999
327.5
389.49999999999994
422.0
374.5
426.5
406.99999999999994
480.0000000000001
454.0
500.0
500.0
500.0
500.0
500.0
500.0
500.0
500.0
500.0
500.0
500.0
500.0
500.0
500.0
500.0
500.0
500.0
500.0
500.0
500.0
500.0
500.0
500.0
500.0
500.0
500.0
500.0
500.0
500.0
500.0
500.0
500.0
384.5
272.49999999999994
302.0
500.0
500.0
500.0
364.0
500.0
500.0
500.0
500.0
500.0
500.0
500.0
500.0
500.0
500.0
500.0
500.0
500.0
500.0
500.0
500.0
500.0
500.0
500.0
500.0
500.0
500.0
500.0
500.0
500.0
500.0
500.0
500.0
260.5
500.0
500.0
500.0
500.0
500.0
500.0
500.0
500.0
500.0
500.0
500.0
500.0
500.0
500.0
500.0
500.0
500.0
500.0
500.0
500.0
500.0
500.0
500.0
500.0
500.0
500.0
500.0
500.0
500.0
500.0
500.0
500.0
500.0
500.0
10.0
9.0
10.0
10.5
12.000000000000002
12.500000000000002
16.500000000000004
38.999999999999986
33.5
26.000000000000007
35.0
35.499999999999986
22.000000000000007
34.00000000000001
29.499999999999993
23.000000000000004
46.49999999999999
39.99999999999999
77.5
91.99999999999999
52.999999999999986
81.99999999999999
121.0
101.99999999999999
87.49999999999999
185.0
169.49999999999994
57.49999999999999
116.5
120.0
168.0
101.0
148.0
145.0
44.99999999999999
125.99999999999999
84.99999999999999
154.49999999999997
156.49999999999997
207.0
184.5
228.0
231.0
222.0
202.49999999999997
188.5
132.99999999999997
286.0
195.5
196.0
234.99999999999997
406.0
217.49999999999997
218.5
155.0
169.5
165.99999999999997
170.49999999999997
195.5
233.50000000000006
236.0
250.0
208.0
333.0
266.5
201.0
269.0
243.5
251.99999999999997
265.5
337.5
277.5
218.0
260.5
288.99999999999994
251.5
359.5
299.5
218.0
195.49999999999997
264.0
189.49999999999997
221.5
222.0
234.5
398.0
281.5
370.0
407.5
272.5
148.0
170.49999999999997
316.5
189.0
294.5
366.4999999999999
430.0
364.5
266.0
177.99999999999997
342.0
201.49999999999997
500.0
401.0
310.0
304.5
495.0
277.0
133.5
135.49999999999997
50.5
130.49999999999997
136.0
197.5
369.9999999999999
265.49999999999994
381.0
213.0
236.0
283.0
226.5
202.0
500.0
430.0
424.0
500.0
457.0
334.0
167.5
232.0
180.99999999999997
461.5
382.0
189.49999999999997
203.5
441.0
404.5
338.0
351.99999999999994
367.5
309.0
356.5
307.4999999999999
442.5
500.0
285.0
271.0
257.5
398.5
321.0
355.0
349.0
372.5
285.0
409.5
201.49999999999997
248.5
173.5
94.99999999999997
184.0
203.0
403.0
430.49999999999994
331.99999999999994
392.0
486.0
418.0
451.5
444.49999999999994
280.5
240.5
397.5
324.99999999999994
403.0
500.0
244.0
211.49999999999997
200.99999999999997
185.99999999999997
219.0
214.5
139.5
175.99999999999997
175.0
182.49999999999994
131.0
150.49999999999997
151.5
177.0
198.5
278.5
251.99999999999997
361.5
345.9999999999999
299.5
306.99999999999994
329.0
240.0
234.5
271.5
10.0
9.0
8.5
9.0
10.0
9.0
10.5
8.5
9.5
9.5
10.0
8.5
9.5
9.0
9.0
9.0
9.5
9.0
9.5
10.0
9.0
10.0
9.0
8.5
9.5
9.0
10.0
11.0
10.0
9.5
10.0
9.0
10.0
10.0
9.5
9.5
10.0
9.5
9.5
10.0
9.0
9.0
10.0
9.5
9.5
9.0
9.5
9.5
11.0
13.500000000000004
13.5
14.0
16.5
36.5
24.000000000000004
16.500000000000004
30.0
21.000000000000007
12.000000000000002
43.5
13.000000000000002
25.500000000000007
19.000000000000007
23.500000000000007
36.49999999999999
13.000000000000002
11.0
33.99999999999999
32.5
35.49999999999999
18.000000000000007
19.500000000000007
11.500000000000002
17.0
15.000000000000002
16.5
30.99999999999999
17.0
44.0
21.500000000000007
19.000000000000007
20.500000000000007
24.500000000000007
14.500000000000004
25.000000000000004
13.5
19.500000000000007
41.499999999999986
34.5
53.499999999999986
41.5
29.000000000000007
30.000000000000007
19.500000000000007
13.5
22.500000000000004
23.0
20.000000000000004
21.500000000000004
23.500000000000007
34.00000000000001
31.500000000000004
27.500000000000004
37.99999999999999
27.000000000000007
27.500000000000007
20.000000000000004
23.500000000000007
30.500000000000004
26.5
22.500000000000007
43.49999999999999
31.000000000000004
43.0
26.500000000000007
37.0
47.499999999999986
49.5
35.5
68.99999999999997
40.0
26.500000000000007
70.99999999999997
27.500000000000007
67.49999999999997
29.500000000000007
48.99999999999998
49.49999999999999
26.000000000000007
21.5
23.000000000000007
27.500000000000007
47.5
38.49999999999999
28.000000000000007
31.999999999999996
66.5
49.49999999999998
42.5
37.50000000000001
32.0
38.0
92.5
52.5
47.999999999999986
45.999999999999986
39.0
68.49999999999997
34.0
30.500000000000004
31.500000000000007
30.000000000000007
39.99999999999999
63.999999999999986
90.99999999999997
41.0
20.5
32.5
24.000000000000007
19.500000000000004
34.49999999999999
22.000000000000007
30.500000000000007
40.5
54.0
46.49999999999997
40.999999999999986
53.99999999999999
85.5
45.0
42.999999999999986
29.500000000000004
69.49999999999999
64.99999999999997
39.99999999999999
48.499999999999986
50.0
25.500000000000007
45.5
50.49999999999999
22.000000000000004
38.0
13.000000000000004
57.49999999999999
18.0
36.0
42.49999999999999
28.000000000000004
23.500000000000007
23.500000000000007
52.0
19.000000000000004
42.5
72.99999999999999
45.49999999999998
61.499999999999986
33.5
57.49999999999997
35.0
48.0
39.49999999999999
40.5
35.0
28.000000000000007
56.499999999999986
29.5
56.999999999999986
43.499999999999986
33.00000000000001
33.0
64.49999999999999
49.0
51.999999999999986
38.5
41.49999999999999
72.49999999999997
48.99999999999999
75.5
45.49999999999999
75.99999999999999
61.5
53.49999999999998
84.49999999999997
79.49999999999997
59.499999999999986
73.99999999999999
64.5
96.99999999999997
49.49999999999999
68.49999999999999
61.99999999999997
60.999999999999986
85.49999999999999
61.999999999999986
80.99999999999999
69.99999999999997
85.0
95.49999999999997
51.999999999999986
62.499999999999986
85.49999999999997
95.49999999999997
77.49999999999997
158.0
90.99999999999997
97.5
63.99999999999998
115.5
126.0
105.5
45.99999999999999
83.99999999999999
133.99999999999997
126.49999999999999
77.49999999999997
54.49999999999997
102.99999999999999
113.49999999999999
101.5
81.99999999999997
142.5
82.49999999999999
102.0
133.49999999999994
95.99999999999997
157.99999999999997
121.49999999999999
113.0
154.0
99.5
91.99999999999999
99.5
71.49999999999999
69.49999999999999
82.49999999999997
114.0
99.49999999999997
81.49999999999997
121.99999999999997
181.5
188.0
145.99999999999997
150.99999999999997
86.49999999999999
92.49999999999999
123.49999999999999
119.99999999999999
116.0
95.49999999999997
165.5
151.99999999999997
221.49999999999994
209.49999999999997
141.0
217.99999999999994
220.0
294.0
181.0
204.49999999999997
170.49999999999997
192.99999999999997
174.0
160.0
165.49999999999997
187.5
161.0
129.0
166.0
153.99999999999997
249.5
215.5
173.49999999999994
251.99999999999997
102.99999999999999
126.99999999999997
180.49999999999994
131.5
146.5
105.49999999999997
176.99999999999997
61.0
52.499999999999986
85.5
118.0
170.49999999999997
107.49999999999999
167.0
372.5
230.99999999999997
180.00000000000003
344.5
189.0
235.99999999999997
393.5
273.5
161.99999999999997
248.5
273.0
264.49999999999994
149.49999999999997
254.99999999999997
228.0
277.5
228.0
186.99999999999994
158.99999999999997
189.5
208.5
221.5
219.5
223.5
246.0
390.5
318.5
318.5
390.0
348.5
433.0
408.0
500.0
367.5
414.0
500.0
500.0
360.5
159.0
439.0
356.5
320.99999999999994
162.99999999999997
272.0
433.5
312.5
420.0
152.99999999999994
274.0
208.0
186.49999999999997
140.0
135.5
225.5
113.99999999999999
100.0
128.5
121.99999999999997
123.99999999999999
147.5
143.0
158.5
230.0
115.49999999999997
186.99999999999997
170.99999999999994
181.99999999999994
182.5
231.49999999999994
158.0
340.99999999999994
290.5
286.49999999999994
8.5
9.0
10.0
9.5
10.0
9.0
10.0
10.0
10.0
9.0
10.5
9.5
9.5
9.0
10.0
10.5
10.5
12.500000000000002
10.0
10.0
11.5
11.500000000000002
11.0
15.500000000000004
18.000000000000004
16.000000000000004
20.500000000000007
16.0
13.000000000000002
19.500000000000004
45.49999999999999
21.500000000000004
23.5
30.500000000000004
39.999999999999986
17.000000000000004
21.000000000000007
34.00000000000001
13.000000000000004
25.500000000000004
20.500000000000007
16.0
20.000000000000004
23.5
19.000000000000004
37.99999999999999
32.5
23.000000000000007
38.5
29.0
13.5
20.500000000000004
25.000000000000007
13.000000000000004
41.999999999999986
25.999999999999993
14.500000000000004
69.0
16.5
37.49999999999999
15.500000000000002
29.500000000000004
21.000000000000004
27.500000000000007
40.5
37.5
43.0
15.500000000000002
51.999999999999986
35.5
94.49999999999997
102.5
76.0
58.999999999999986
47.499999999999986
69.0
68.99999999999997
40.999999999999986
53.999999999999986
49.99999999999998
33.00000000000001
34.0
31.000000000000007
117.49999999999996
101.49999999999999
77.49999999999997
95.5
52.499999999999986
40.0
93.5
56.99999999999998
155.49999999999997
106.49999999999997
90.0
127.99999999999999
110.5
65.99999999999999
112.99999999999997
78.99999999999997
147.49999999999997
102.0
155.5
57.49999999999998
120.49999999999999
161.5
151.49999999999997
107.99999999999999
156.99999999999997
157.49999999999994
135.99999999999997
129.49999999999997
138.0
177.99999999999997
146.49999999999997
98.99999999999999
145.0
143.0
133.5
122.0
82.0
86.99999999999997
104.49999999999999
119.5
95.5
118.0
134.99999999999997
180.5
147.99999999999997
116.5
146.0
167.0
146.99999999999997
190.49999999999997
177.49999999999997
167.5
191.5
163.99999999999997
143.49999999999997
148.49999999999997
190.0
158.0
185.0
244.99999999999994
198.0
214.5
140.99999999999997
167.99999999999997
148.5
129.0
129.0
112.0
128.5
116.5
102.5
107.5
119.5
116.49999999999997
121.0
112.99999999999999
111.49999999999997
117.5
168.0
132.5
133.49999999999997
138.49999999999997
130.5
146.49999999999997
157.49999999999994
154.99999999999994
132.99999999999997
144.0
127.5
145.5
150.0
141.5
179.99999999999994
154.99999999999997
144.99999999999997
154.0
146.99999999999997
131.5
107.0
129.5
122.0
119.0
127.99999999999997
159.49999999999997
233.99999999999994
153.49999999999997
232.0
126.99999999999999
151.0
185.0
169.49999999999997
234.49999999999997
212.99999999999997
272.0
189.5
155.49999999999997
168.5
13.500000000000004
41.0
32.00000000000001
14.500000000000002
16.5
17.000000000000004
37.49999999999999
16.0
13.500000000000004
24.500000000000007
18.0
19.000000000000004
9.5
20.000000000000004
18.500000000000004
19.500000000000004
10.0
19.500000000000004
27.000000000000007
15.500000000000002
22.500000000000004
22.0
17.500000000000007
11.5
16.500000000000004
24.0
17.5
26.000000000000004
33.499999999999986
22.000000000000007
18.500000000000007
25.999999999999996
28.0
50.0
46.999999999999986
28.500000000000007
17.0
19.500000000000004
18.500000000000004
25.500000000000007
20.500000000000007
36.5
24.500000000000007
23.000000000000007
23.500000000000007
19.500000000000004
29.500000000000007
15.500000000000002
18.500000000000004
29.5
18.000000000000007
14.500000000000004
25.000000000000007
22.500000000000007
28.500000000000004
12.500000000000002
23.000000000000007
22.000000000000007
21.000000000000004
16.0
38.5
25.0
23.000000000000007
25.500000000000004
23.500000000000007
45.49999999999999
29.999999999999993
10.0
32.50000000000001
24.000000000000007
15.000000000000004
17.5
28.000000000000004
17.500000000000004
24.5
11.0
25.500000000000007
25.500000000000007
18.000000000000007
16.000000000000004
19.000000000000004
23.000000000000007
31.000000000000007
34.5
27.500000000000004
20.000000000000007
16.500000000000004
16.500000000000004
13.500000000000004
15.500000000000002
18.0
21.000000000000007
15.500000000000004
19.500000000000004
17.5
17.500000000000004
20.500000000000004
23.0
17.0
39.499999999999986
25.000000000000007
14.500000000000002
16.5
13.000000000000002
23.000000000000007
22.500000000000004
27.000000000000007
14.500000000000004
59.5
21.000000000000007
36.0
15.500000000000004
54.499999999999986
29.0
10.0
20.000000000000007
19.000000000000007
20.000000000000004
21.000000000000004
20.500000000000007
40.0
16.500000000000004
24.000000000000007
14.5
40.0
27.5
11.500000000000002
14.500000000000004
22.0
12.000000000000002
19.000000000000004
20.500000000000007
19.000000000000004
24.000000000000004
17.5
29.000000000000007
16.000000000000004
24.500000000000004
19.500000000000004
26.000000000000007
37.99999999999999
14.500000000000004
20.000000000000007
18.000000000000007
18.500000000000007
14.0
14.500000000000002
14.5
17.500000000000004
26.500000000000004
16.5
17.0
33.99999999999999
19.000000000000004
21.500000000000007
51.499999999999986
21.500000000000007
16.000000000000004
26.500000000000007
28.99999999999999
19.500000000000007
13.5
14.0
25.000000000000007
13.000000000000004
27.5
19.500000000000004
27.000000000000007
38.99999999999999
31.49999999999999
19.500000000000007
16.500000000000004
31.499999999999993
20.5
32.0
18.000000000000007
21.500000000000004
12.500000000000002
26.999999999999993
11.0
24.000000000000007
17.500000000000007
20.000000000000004
13.500000000000004
12.500000000000002
24.000000000000007
17.000000000000004
19.000000000000004
16.0
27.000000000000004
52.999999999999986
24.500000000000007
25.000000000000007
27.000000000000004
20.500000000000007
25.5
37.50000000000001
38.0
52.49999999999999
41.99999999999999
16.0
21.0
13.5
27.000000000000007
28.99999999999999
27.000000000000007
17.500000000000004
13.500000000000004
20.500000000000007
39.5
25.500000000000007
40.5
20.000000000000007
22.000000000000004
18.500000000000004
28.000000000000007
16.000000000000004
21.000000000000007
19.500000000000004
17.000000000000004
18.000000000000004
18.500000000000004
36.49999999999999
13.500000000000004
22.500000000000004
17.5
23.000000000000007
23.000000000000007
17.0
17.000000000000004
15.000000000000002
19.000000000000004
18.500000000000004
42.499999999999986
16.000000000000004
35.5
18.000000000000004
24.500000000000007
17.5
31.500000000000004
16.000000000000004
40.999999999999986
24.0
19.000000000000007
15.500000000000004
18.500000000000007
18.0
24.000000000000004
35.0
18.0
23.000000000000007
29.000000000000007
20.0
22.0
33.50000000000001
26.000000000000007
26.500000000000004
22.000000000000007
14.500000000000002
25.500000000000007
32.50000000000001
22.500000000000007
25.5
25.5
28.000000000000007
16.500000000000004
20.5
33.00000000000001
21.000000000000007
17.5
46.999999999999986
19.000000000000004
12.500000000000004
26.500000000000007
12.500000000000002
13.500000000000004
16.000000000000004
50.49999999999999
37.0
14.000000000000004
14.000000000000004
20.000000000000004
20.000000000000004
16.500000000000004
15.000000000000004
44.0
17.500000000000004
36.0
32.00000000000001
32.99999999999999
26.500000000000007
23.500000000000007
34.49999999999999
31.5
37.99999999999999
30.999999999999993
101.99999999999997
72.99999999999997
64.99999999999997
81.0
56.99999999999998
94.49999999999999
45.499999999999986
101.49999999999999
93.99999999999997
44.499999999999986
70.99999999999997
82.5
43.999999999999986
117.5
125.0
65.5
46.999999999999986
22.500000000000007
59.999999999999986
46.999999999999986
26.5
43.5
52.999999999999986
90.99999999999999
56.99999999999999
57.99999999999997
34.99999999999999
26.000000000000007
46.99999999999999
57.499999999999986
26.000000000000007
71.49999999999999
80.49999999999999
50.499999999999986
69.49999999999999
98.5
38.49999999999999
41.5
85.49999999999997
60.99999999999998
148.5
60.49999999999998
71.49999999999997
135.49999999999997
84.99999999999999
100.99999999999999
75.49999999999999
150.99999999999994
60.49999999999998
91.0
75.49999999999999
76.99999999999997
217.49999999999994
67.99999999999997
148.49999999999997
121.99999999999999
141.99999999999997
126.99999999999999
272.0
173.5
59.999999999999986
75.99999999999997
158.5
149.99999999999994
78.0
111.49999999999997
131.0
146.0
44.99999999999999
190.99999999999997
91.49999999999999
188.5
44.99999999999999
103.5
163.99999999999997
58.499999999999986
97.99999999999999
44.5
45.99999999999999
85.5
159.0
194.49999999999997
42.49999999999999
19.500000000000004
87.99999999999999
53.999999999999986
47.999999999999986
26.000000000000007
37.5
27.000000000000004
90.49999999999999
33.50000000000001
17.500000000000007
29.500000000000007
23.500000000000004
61.5
65.49999999999999
82.5
21.000000000000007
56.499999999999986
24.500000000000007
18.500000000000004
24.500000000000007
21.500000000000007
19.000000000000004
26.500000000000007
16.500000000000004
18.0
26.0
17.000000000000007
20.000000000000007
20.000000000000004
18.500000000000004
20.000000000000004
10.5
19.000000000000004
24.0
21.500000000000007
16.0
18.500000000000004
33.0
12.500000000000002
19.000000000000004
28.000000000000007
37.00000000000001
47.499999999999986
27.000000000000007
28.0
17.5
14.000000000000004
22.000000000000007
43.5
15.000000000000002
23.500000000000004
27.0
36.00000000000001
24.000000000000004
15.000000000000002
16.5
22.500000000000004
33.499999999999986
26.5
23.500000000000004
40.49999999999999
33.00000000000001
36.999999999999986
30.500000000000004
38.5
45.49999999999999
16.5
18.5
30.000000000000007
46.999999999999986
31.000000000000007
37.99999999999999
44.5
74.0
36.0
31.500000000000007
56.5
35.00000000000001
42.999999999999986
44.5
37.5
62.499999999999986
48.5
24.000000000000004
27.000000000000004
28.000000000000007
30.99999999999999
45.49999999999999
53.99999999999999
30.500000000000004
53.0
45.5
86.99999999999997
90.99999999999997
61.99999999999997
58.499999999999986
60.49999999999998
64.99999999999999
33.49999999999999
57.5
49.999999999999986
65.49999999999997
38.999999999999986
26.000000000000007
28.000000000000007
26.500000000000007
56.99999999999998
94.5
67.99999999999997
99.49999999999997
82.99999999999999
105.99999999999997
81.5
66.0
146.5
52.999999999999986
118.5
95.5
91.99999999999999
102.49999999999997
65.49999999999997
104.49999999999999
138.49999999999997
104.5
145.0
28.000000000000007
33.5
34.0
27.000000000000007
35.0
45.49999999999999
33.0
29.000000000000007
30.500000000000007
32.50000000000001
62.99999999999999
70.0
127.99999999999997
61.49999999999997
91.49999999999997
150.00000000000003
101.49999999999997
119.99999999999999
82.99999999999999
67.49999999999997
102.5
91.49999999999999
47.999999999999986
90.0
157.0
85.0
75.5
51.5
76.49999999999999
152.99999999999997
109.49999999999997
78.49999999999997
76.49999999999997
140.99999999999997
69.99999999999997
91.49999999999999
42.49999999999999
55.999999999999986
70.5
82.99999999999999
81.49999999999997
61.99999999999999
123.99999999999997
95.99999999999999
141.5
81.99999999999999
127.99999999999997
103.99999999999999
80.49999999999997
42.0
84.49999999999997
56.99999999999998
86.49999999999999
93.0
83.99999999999999
150.0
105.5
104.5
158.49999999999994
142.49999999999997
99.0
107.99999999999999
128.49999999999994
145.49999999999997
93.0
271.0
130.0
139.5
160.0
87.49999999999999
131.99999999999997
139.49999999999997
124.49999999999997
154.99999999999997
170.50000000000003
134.49999999999994
119.5
149.5
177.99999999999997
107.5
133.99999999999997
135.5
109.5
128.5
125.5
154.0
102.0
111.0
210.0
137.0
165.49999999999997
130.5
183.0
113.0
151.0
102.5
176.99999999999994
18.500000000000004
44.49999999999999
15.000000000000004
20.000000000000004
26.0
20.500000000000007
14.500000000000002
26.0
19.500000000000007
19.000000000000004
32.5
30.5
53.5
24.000000000000007
13.5
22.500000000000007
12.500000000000004
26.500000000000007
12.500000000000002
33.0
20.500000000000007
38.5
65.0
22.500000000000007
59.999999999999986
50.999999999999986
52.499999999999986
73.49999999999999
46.999999999999986
53.0
102.49999999999997
43.999999999999986
60.99999999999999
141.49999999999994
59.499999999999986
110.99999999999997
96.49999999999999
194.0
248.99999999999994
124.99999999999997
153.5
110.5
129.5
149.5
182.0
134.0
124.5
185.99999999999994
204.5
161.99999999999997
124.49999999999997
121.0
184.5
333.5
186.49999999999994
217.0
107.5
176.5
213.0
238.5
199.0
203.5
357.5
174.0
110.99999999999997
171.5
110.49999999999997
137.5
118.99999999999999
132.99999999999997
112.5
132.0
129.5
124.49999999999997
135.5
120.99999999999997
211.0
148.5
212.0
202.5
148.49999999999997
131.5
159.99999999999997
147.49999999999997
149.99999999999997
185.5
282.0
241.49999999999997
144.0
192.0
192.0
158.49999999999997
304.99999999999994
174.5
231.5
256.49999999999994
184.5
270.5
305.5
360.0
152.5
308.99999999999994
212.5
268.0
171.0
265.49999999999994
163.99999999999997
206.5
270.99999999999994
197.5
149.5
155.49999999999997
166.0
136.0
112.99999999999997
154.99999999999997
182.0
130.5
125.5
260.5
157.0
172.50000000000003
350.5
200.49999999999997
200.5
295.0
191.0
142.99999999999997
197.49999999999997
179.49999999999997
223.99999999999994
233.50000000000003
143.5
212.5
158.99999999999997
157.49999999999997
145.99999999999997
137.5
137.99999999999997
146.0
120.00000000000003
141.49999999999997
110.5
120.49999999999999
89.49999999999997
107.5
113.0
153.49999999999997
146.49999999999997
161.5
161.49999999999994
206.0
254.99999999999994
177.0
356.0
359.0
146.49999999999997
155.0
140.49999999999997
163.0
139.99999999999997
139.0
113.0
136.0
118.99999999999999
99.99999999999997
76.49999999999997
83.99999999999999
111.5
69.99999999999999
120.0
126.0
138.49999999999997
128.5
113.5
127.5
117.5
134.49999999999997
185.0
169.0
168.99999999999997
156.0
181.0
134.0
194.99999999999997
150.0
190.49999999999997
195.0
156.0
182.0
172.99999999999997
134.5
174.0
212.5
217.0
155.49999999999997
217.99999999999997
224.5
201.5
10.0
10.5
10.0
11.500000000000002
10.0
10.5
12.500000000000002
11.5
13.500000000000004
13.000000000000004
15.500000000000004
17.500000000000004
18.000000000000004
12.5
35.999999999999986
38.999999999999986
17.000000000000004
32.99999999999999
20.500000000000007
34.5
17.500000000000004
26.500000000000004
85.99999999999997
39.0
45.99999999999999
15.500000000000002
48.0
108.49999999999997
27.000000000000004
53.49999999999999
180.0
42.49999999999999
37.99999999999999
85.49999999999999
191.49999999999997
218.5
82.0
48.5
34.49999999999999
73.0
155.99999999999997
91.99999999999999
100.99999999999997
139.99999999999997
112.49999999999999
86.5
128.0
112.99999999999999
183.5
295.5
310.5
314.49999999999994
278.0
221.0
139.5
148.0
179.00000000000003
120.49999999999997
75.0
173.99999999999997
69.5
85.99999999999999
152.49999999999997
151.5
136.0
130.99999999999997
116.5
70.0
167.99999999999997
138.49999999999997
146.5
146.0
154.99999999999997
119.5
146.49999999999997
155.99999999999997
160.49999999999994
157.99999999999997
215.0
229.0
236.49999999999994
275.5
196.5
217.49999999999994
290.0
242.99999999999997
218.0
253.0
199.5
285.0
201.49999999999994
247.5
247.0
225.0
210.5
224.5
172.49999999999997
173.99999999999994
186.5
185.49999999999994
209.49999999999997
167.0
181.49999999999994
215.5
177.49999999999994
204.5
201.5
162.99999999999997
191.0
181.49999999999997
154.49999999999997
167.49999999999994
152.0
171.49999999999994
176.5
156.0
172.49999999999994
198.0
165.0
172.49999999999994
189.49999999999994
207.5
245.5
201.0
221.5
219.0
193.99999999999997
212.0
222.5
227.5
171.49999999999997
175.0
172.99999999999997
199.0
184.5
199.0
265.5
235.5
239.5
237.00000000000003
247.49999999999997
326.49999999999994
374.0
282.0
468.5
500.0
414.0
458.0
434.5
410.0
349.99999999999994
356.0
315.5
394.49999999999994
372.0
282.49999999999994
313.5
331.0
259.0
254.49999999999997
303.5
368.0
336.4999999999999
317.0
398.5
410.5
240.0
403.0
430.5
309.5
330.99999999999994
301.99999999999994
215.0
185.5
246.5
306.99999999999994
234.0
304.99999999999994
280.0
352.49999999999994
455.0
286.99999999999994
278.0
245.50000000000003
290.99999999999994
312.49999999999994
368.5
381.0
445.5
289.0
319.5
307.5
371.5
334.49999999999994
430.5
417.5
356.5
362.5
408.0
251.5
