-500.0
-500.0
-211.0
-183.0
-207.99999999999997
-141.0
-146.99999999999997
-147.0
-129.99999999999997
-96.5
-140.0
-111.5
-134.5
-124.5
-156.99999999999997
-108.49999999999999
-114.5
-114.5
-118.99999999999997
-114.5
-106.0
-122.99999999999999
-169.99999999999997
-150.49999999999997
-331.5
-136.0
-196.0
-137.5
-134.5
-183.0
-116.99999999999996
-137.49999999999997
-125.99999999999997
-265.5
-170.49999999999997
-149.5
-125.49999999999999
-120.99999999999999
-119.0
-111.99999999999997
-164.0
-109.5
-147.99999999999997
-136.5
-103.99999999999999
-113.5
-193.0
-138.99999999999997
-101.5
-93.99999999999999
-197.49999999999997
-126.5
-112.00000000000001
-117.49999999999997
-118.5
-124.49999999999999
-111.0
-127.99999999999997
-100.50000000000001
-172.0
-138.99999999999997
-131.5
-172.99999999999997
-137.5
-152.0
-172.0
-166.5
-138.99999999999997
-127.49999999999999
-144.5
-225.99999999999994
-166.0
-153.99999999999997
-184.0
-139.49999999999997
-154.99999999999997
-108.5
-129.0
-164.99999999999994
-107.5
-188.5
-127.5
-130.0
-136.0
-114.5
-155.99999999999994
-112.49999999999997
-149.49999999999997
-156.0
-132.5
-112.0
-126.49999999999997
-156.0
-161.99999999999997
-94.49999999999997
-93.49999999999999
-135.0
-147.5
-129.0
-131.5
-110.0
-119.5
-116.5
-96.99999999999997
-134.5
-131.0
-116.50000000000001
-116.0
-108.99999999999999
-93.0
-100.5
-97.49999999999997
-119.5
-92.5
-105.5
-144.0
-109.0
-119.99999999999997
-165.5
-132.5
-96.99999999999999
-200.5
-113.5
-179.99999999999994
-108.99999999999999
-144.5
-118.0
-135.0
-128.5
-99.0
-116.0
-118.0
-107.0
-99.5
-151.49999999999994
-500.0
-363.5
-500.0
-500.0
-500.0
-500.0
-500.0
-500.0
-500.0
-500.0
-500.0
-500.0
-500.0
-303.0
-314.0
-223.0
-185.5
-120.49999999999999
-168.99999999999994
-112.0
-110.5
-93.49999999999999
-104.49999999999999
-108.5
-106.5
-93.5
-88.49999999999999
-114.0
-103.49999999999999
-152.0
-137.5
-94.99999999999997
-97.5
-106.5
-98.49999999999999
-94.49999999999999
-87.99999999999999
-90.5
-89.99999999999997
-91.0
-81.99999999999999
-124.49999999999999
-110.5
-95.49999999999997
-98.0
-101.5
-97.5
-303.5
-83.99999999999999
-129.0
-152.0
-110.0
-268.5
-109.5
-378.0
-156.0
-158.5
-122.0
-102.0
-174.99999999999994
-301.0
-190.0
-139.0
-177.99999999999997
-136.5
-115.99999999999997
-136.5
-137.0
-123.49999999999997
-242.0
-149.49999999999997
-229.49999999999997
-116.00000000000001
-119.99999999999997
-122.5
-130.0
-113.0
-121.00000000000001
-109.99999999999999
-105.99999999999997
-103.5
-95.99999999999999
-108.99999999999999
-97.0
-86.99999999999999
-133.5
-78.99999999999999
-290.0
-249.00000000000003
-142.49999999999997
-132.5
-108.5
-101.5
-99.49999999999999
-107.49999999999999
-84.99999999999999
-132.99999999999997
-97.5
-136.0
-140.5
-97.5
-175.0
-113.5
-144.99999999999997
-167.99999999999997
-125.0
-118.49999999999999
-263.99999999999994
-97.5
-116.0
-122.0
-119.0
-105.0
-93.5
-150.0
-98.99999999999999
-85.5
-217.0
-114.0
-193.49999999999997
-125.5
-192.0
-122.99999999999999
-185.5
-218.5
-104.5
-135.0
-117.99999999999999
-99.49999999999999
-112.0
-122.5
-94.0
-126.49999999999999
-116.5
-157.49999999999997
-111.0
-136.0
-120.5
-170.5
-107.49999999999999
-113.49999999999997
-93.99999999999999
-130.0
-114.5
-113.99999999999999
-94.0
-97.0
-117.99999999999999
-136.0
-114.5
-93.99999999999999
-129.5
-132.0
-105.0
-132.5
-92.0
-159.50000000000003
-116.49999999999997
-102.5
-145.49999999999994
-192.0
-156.0
-213.5
-121.0
-106.5
-123.0
-114.5
-139.99999999999997
-102.99999999999999
-107.0
-103.0
-126.49999999999999
-113.00000000000001
-156.0
-217.5
-174.0
-163.99999999999994
-185.49999999999997
-172.0
-137.0
-130.0
-110.5
-133.49999999999997
-154.49999999999997
-201.0
-126.0
-190.0
-161.99999999999997
-134.5
-157.0
-112.0
-128.0
-127.5
-117.49999999999997
-96.0
-123.99999999999997
-101.49999999999999
-78.49999999999999
-152.99999999999997
-154.5
-97.99999999999999
-179.00000000000006
-124.0
-138.5
-101.49999999999999
-136.5
-117.5
-108.49999999999999
-107.00000000000001
-99.49999999999999
-96.99999999999997
-90.99999999999999
-98.0
-94.0
-93.5
-98.99999999999999
-133.49999999999997
-97.49999999999997
-81.49999999999999
-500.0
-142.0
-143.5
-162.5
-84.0
-108.0
-100.0
-107.99999999999997
-143.5
-98.99999999999999
-116.5
-165.49999999999997
-115.0
-176.0
-158.49999999999997
-104.49999999999999
-157.99999999999997
-133.5
-144.5
-122.5
-119.49999999999997
-112.5
-222.0
-178.0
-227.00000000000003
-252.99999999999997
-354.0
-265.0
-395.99999999999994
-378.0
-274.5
-255.5
-267.5
-198.0
-394.0
-500.0
-438.5
-243.50000000000006
-294.5
-289.5
-294.0
-418.0
-248.99999999999997
-290.0
-387.0
-387.5
-166.5
-278.99999999999994
-393.5
-257.5
-187.99999999999997
-231.5
-204.0
-187.5
-193.49999999999997
-313.0
-119.5
-172.5
-132.5
-138.99999999999997
-151.99999999999997
-146.49999999999997
-150.49999999999997
-122.0
-131.0
-207.5
-113.0
-167.49999999999994
-162.49999999999997
-183.0
-161.0
-150.0
-117.0
-170.0
-118.5
-122.5
-105.0
-207.0
-143.99999999999997
-140.5
-178.0
-158.0
-215.5
-225.49999999999997
-143.99999999999997
-128.5
-138.0
-355.0
-121.99999999999999
-108.99999999999999
-113.49999999999999
-109.5
-98.5
-103.99999999999999
-129.5
-95.99999999999999
-92.99999999999999
-94.49999999999999
-97.0
-126.99999999999999
-80.99999999999999
-153.49999999999997
-117.5
-108.49999999999999
-126.99999999999999
-106.49999999999997
-86.99999999999999
-85.5
-107.0
-116.0
-158.49999999999997
-108.5
-128.49999999999997
-124.0
-119.49999999999997
-99.99999999999999
-101.0
-191.5
-107.5
-179.5
-141.49999999999997
-129.0
-145.99999999999997
-158.0
-123.5
-133.49999999999997
-136.99999999999997
-106.5
-112.50000000000001
-114.5
-128.0
-113.0
-116.99999999999997
-121.50000000000001
-188.5
-112.5
-178.5
-156.0
-130.5
-157.5
-159.5
-122.5
-122.99999999999999
-122.0
-120.49999999999997
-104.49999999999997
-136.5
-131.0
-102.0
-139.0
-121.49999999999999
-139.99999999999994
-132.49999999999997
-162.5
-129.5
-120.5
-131.5
-108.0
-117.5
-126.99999999999997
-121.50000000000001
-110.0
-92.99999999999997
-102.5
-106.5
-101.5
-135.5
-123.49999999999997
-136.99999999999994
-112.99999999999999
-106.5
-104.0
-112.0
-103.5
-94.49999999999999
-94.49999999999999
-107.0
-103.99999999999999
-94.0
-102.5
-118.5
-149.5
-96.49999999999997
-100.5
-102.5
-95.5
-87.99999999999997
-86.49999999999999
-127.49999999999999
-107.0
-105.5
-110.99999999999997
-108.5
-117.00000000000001
-102.0
-89.99999999999999
-104.49999999999999
-88.99999999999997
-93.5
-108.99999999999997
-97.5
-98.99999999999999
-84.99999999999999
-98.5
-99.49999999999999
-92.99999999999997
-102.99999999999999
-99.49999999999999
-93.99999999999999
-102.49999999999999
-98.0
-304.5
-106.5
-117.99999999999999
-110.49999999999997
-111.50000000000001
-114.0
-291.5
-314.0
-116.5
-105.0
-110.49999999999999
-103.49999999999999
-94.99999999999997
-88.49999999999997
-127.0
-102.0
-94.99999999999999
-98.0
-130.99999999999997
-87.49999999999997
-94.5
-104.0
-106.5
-89.5
-91.5
-94.49999999999999
-88.49999999999999
-87.49999999999997
-92.99999999999997
-81.99999999999999
-85.99999999999997
-75.49999999999997
-93.0
-90.99999999999999
-91.99999999999999
-109.5
-104.0
-88.49999999999997
-103.5
-95.99999999999997
-91.0
-67.5
-86.49999999999999
-85.0
-80.49999999999997
-109.49999999999997
-111.99999999999997
-110.99999999999997
-70.49999999999999
-105.5
-97.5
-83.99999999999999
-109.49999999999997
-145.0
-101.0
-174.0
-119.00000000000003
-100.5
-97.49999999999997
-108.5
-112.49999999999997
-102.5
-94.49999999999999
-108.5
-109.0
-107.0
-107.5
-83.99999999999997
-106.5
-128.49999999999997
-104.49999999999999
-113.0
-132.0
-114.49999999999997
-138.0
-101.0
-105.0
-118.99999999999997
-83.49999999999999
-108.5
-107.50000000000001
-88.5
-101.5
-105.0
-96.49999999999997
-81.99999999999999
-92.99999999999997
-102.0
-85.49999999999999
-85.99999999999999
-95.49999999999999
-101.0
-87.0
-84.99999999999997
-94.49999999999999
-119.99999999999997
-102.0
-100.99999999999997
-109.5
-105.5
-117.49999999999999
-95.5
-103.99999999999999
-170.0
-107.0
-109.99999999999997
-114.99999999999999
-97.99999999999999
-147.0
-91.99999999999999
-118.49999999999999
-139.0
-120.0
-106.5
-109.5
-89.5
-88.5
-98.99999999999999
-105.99999999999997
-110.49999999999999
-132.99999999999997
-80.99999999999999
-95.99999999999997
-104.5
-112.0
-112.5
-82.49999999999999
-82.49999999999999
-124.99999999999997
-101.0
-86.49999999999999
-78.99999999999999
-89.49999999999997
-90.99999999999999
-129.5
-92.49999999999997
-90.99999999999999
-130.5
-98.5
-127.99999999999997
-88.5
-106.5
-122.5
-98.99999999999999
-86.99999999999997
-90.0
-129.49999999999997
-111.5
-86.49999999999999
-88.99999999999997
-112.99999999999999
-78.99999999999999
-84.5
-95.49999999999997
-115.0
-104.5
-91.49999999999999
-111.50000000000001
-95.0
-89.49999999999997
-101.5
-118.99999999999997
-88.0
-138.49999999999997
-117.0
-99.5
-100.49999999999997
-87.99999999999997
-83.99999999999999
-128.49999999999997
-86.49999999999999
-98.49999999999999
-132.99999999999997
-114.0
-120.00000000000001
-123.99999999999999
-160.49999999999997
-128.99999999999997
-119.99999999999997
-100.49999999999997
-111.0
-106.5
-92.99999999999997
-116.99999999999997
-92.99999999999997
-86.49999999999999
-145.5
-87.5
-87.99999999999999
-106.99999999999999
-101.5
-127.49999999999997
-126.99999999999999
-86.99999999999997
-119.49999999999999
-112.5
-116.49999999999997
-90.49999999999997
-114.49999999999999
-87.49999999999997
-89.49999999999999
-75.5
-103.99999999999999
-71.99999999999997
-124.5
-74.49999999999999
-80.0
-96.5
-93.0
-77.49999999999997
-118.99999999999997
-81.99999999999999
-137.99999999999997
-88.49999999999997
-102.0
-93.5
-113.99999999999997
-99.99999999999997
-91.49999999999999
-98.49999999999999
-94.0
-85.99999999999997
-85.49999999999997
-74.0
-95.5
-79.99999999999997
-131.49999999999997
-109.49999999999997
-105.49999999999997
-83.49999999999999
-81.0
-93.49999999999997
-93.5
-87.49999999999999
-94.5
-82.99999999999999
-96.99999999999997
-81.49999999999999
-92.5
-104.0
-100.99999999999997
-141.99999999999997
-128.99999999999997
-132.99999999999997
-113.5
-93.99999999999999
-107.49999999999999
-114.5
-123.5
-101.0
-91.99999999999999
-102.5
-97.99999999999999
-96.5
-94.99999999999997
-80.99999999999997
-94.0
-98.0
-81.49999999999997
-86.99999999999997
-93.0
-96.99999999999999
-96.99999999999997
-96.99999999999997
-98.49999999999999
-87.99999999999997
-172.5
-93.99999999999999
-99.5
-152.99999999999997
-99.49999999999999
-96.49999999999999
-79.49999999999999
-106.49999999999999
-78.5
-76.99999999999997
-84.99999999999997
-84.49999999999997
-86.99999999999997
-134.0
-116.99999999999997
-136.0
-81.49999999999999
-81.99999999999999
-95.99999999999997
-85.49999999999999
-124.99999999999999
-99.99999999999999
-97.5
-82.49999999999997
-75.99999999999997
-120.99999999999999
-91.5
-92.49999999999997
-114.5
-112.5
-107.0
-142.5
-113.49999999999997
-89.0
-141.5
-96.99999999999999
-109.0
-81.0
-94.49999999999999
-84.99999999999999
-100.0
-99.49999999999997
-92.5
-119.0
-177.0
-97.0
-85.5
-83.99999999999999
-130.99999999999997
-97.5
-105.99999999999999
-84.0
-82.99999999999997
-86.99999999999997
-85.5
-78.49999999999997
-75.49999999999999
-78.99999999999999
-84.99999999999997
-174.5
-87.99999999999997
-88.49999999999997
-112.00000000000001
-101.0
-86.0
-71.49999999999997
-82.99999999999997
-82.0
-137.99999999999997
-92.99999999999997
-86.49999999999999
-80.49999999999997
-83.5
-97.5
-87.49999999999997
-94.99999999999999
-82.99999999999997
-97.5
-76.49999999999997
-82.0
-107.5
-105.5
-86.99999999999999
-93.99999999999999
-91.49999999999999
-122.99999999999997
-91.99999999999997
-103.5
-82.99999999999997
-78.49999999999997
-77.99999999999997
-103.99999999999999
-109.49999999999999
-95.99999999999999
-83.5
-76.99999999999997
-81.99999999999997
-112.99999999999997
-82.49999999999997
-80.49999999999999
-94.99999999999999
-97.5
-94.49999999999999
-82.49999999999997
-102.99999999999999
-98.0
-107.0
-83.99999999999997
-86.0
-74.99999999999999
-84.99999999999997
-96.49999999999999
-97.49999999999997
-92.0
-100.49999999999997
-116.49999999999999
-90.49999999999997
-97.99999999999999
-105.5
-110.5
-93.5
-95.99999999999997
-97.49999999999999
-77.5
-86.99999999999997
-81.99999999999999
-95.5
-82.49999999999999
-76.49999999999997
-110.5
-77.49999999999997
-91.0
-84.49999999999999
-83.49999999999999
-97.0
-76.99999999999999
-132.49999999999997
-98.49999999999999
-105.49999999999999
-73.99999999999999
-114.49999999999999
-90.99999999999997
-93.99999999999999
-94.0
-86.99999999999997
-112.49999999999999
-86.99999999999997
-96.5
-90.49999999999997
-88.99999999999999
-85.0
-95.99999999999999
-96.0
-90.0
-81.0
-83.49999999999997
-101.0
-90.0
-81.0
-86.99999999999999
-114.99999999999997
-93.0
-100.49999999999997
-84.5
-81.49999999999999
-84.99999999999997
-127.49999999999997
-91.49999999999997
-83.49999999999999
