-500.0
-379.5
-334.0
-308.5
-188.49999999999994
-229.5
-219.49999999999997
-165.0
-246.0
-183.0
-145.0
-135.0
-139.0
-106.5
-125.5
-115.99999999999997
-142.0
-119.5
-151.5
-119.5
-153.99999999999997
-380.5
-184.5
-138.5
-243.5
-271.49999999999994
-120.5
-246.0
-470.0
-254.49999999999997
-314.0
-274.5
-349.99999999999994
-163.5
-224.49999999999994
-192.5
-211.5
-120.99999999999999
-191.0
-142.99999999999997
-115.5
-142.5
-172.0
-139.0
-263.49999999999994
-133.0
-118.0
-133.49999999999997
-141.49999999999997
-119.5
-163.99999999999997
-138.0
-186.5
-194.5
-500.0
-500.0
-255.0
-377.0
-161.49999999999994
-128.0
-500.0
-321.0
-274.5
-278.49999999999994
-130.0
-500.0
-136.0
-165.5
-157.5
-168.49999999999997
-115.5
-97.0
-132.0
-144.49999999999997
-155.5
-138.5
-298.0
-173.0
-110.5
-153.99999999999997
-116.5
-125.0
-123.49999999999999
-113.99999999999999
-129.5
-114.5
-172.5
-117.5
-175.49999999999997
-165.99999999999994
-156.49999999999997
-168.0
-134.0
-122.00000000000001
-137.49999999999994
-107.5
-167.99999999999997
-135.5
-272.5
-128.99999999999997
-166.49999999999997
-370.5
-127.49999999999997
-179.99999999999994
-148.49999999999997
-162.5
-160.49999999999997
-130.0
-119.0
-109.5
-134.0
-112.99999999999999
-132.99999999999997
-119.99999999999999
-129.0
-148.5
-98.99999999999999
-162.5
-210.5
-201.0
-97.49999999999997
-152.99999999999997
-129.0
-136.0
-106.5
-136.5
-125.99999999999997
-93.49999999999997
-160.99999999999994
-129.0
-152.0
-92.5
-126.49999999999999
-165.5
-113.99999999999997
-98.0
-125.0
-130.5
-118.49999999999999
-139.5
-147.49999999999997
-136.49999999999997
-102.5
-177.5
-98.49999999999999
-167.99999999999997
-131.0
-107.0
-215.5
-158.5
-121.49999999999999
-221.0
-121.99999999999999
-141.5
-102.0
-157.5
-148.99999999999997
-115.0
-159.49999999999994
-146.49999999999997
-157.99999999999997
-118.99999999999997
-125.0
-97.5
-93.99999999999999
-125.0
-115.50000000000003
-104.5
-116.99999999999997
-97.49999999999999
-97.49999999999997
-89.99999999999997
-86.49999999999999
-101.0
-90.5
-95.49999999999997
-118.00000000000001
-81.49999999999999
-217.5
-290.5
-174.49999999999997
-158.99999999999997
-110.5
-119.00000000000003
-212.5
-98.5
-126.0
-123.0
-116.5
-126.49999999999999
-105.5
-83.99999999999999
-500.0
-500.0
-304.0
-140.5
-132.99999999999997
-98.49999999999999
-133.49999999999997
-118.0
-143.0
-99.99999999999999
-104.0
-85.49999999999997
-111.00000000000001
-88.5
-134.0
-132.49999999999997
-120.49999999999999
-81.0
-282.5
-180.99999999999997
-101.5
-97.49999999999999
-106.5
-89.5
-89.99999999999997
-92.99999999999997
-109.99999999999999
-96.49999999999999
-167.5
-90.49999999999997
-106.5
-119.0
-345.0
-112.5
-115.0
-103.49999999999999
-120.99999999999997
-121.0
-94.0
-108.49999999999997
-119.5
-116.00000000000001
-86.49999999999999
-102.0
-97.0
-154.0
-95.49999999999999
-119.49999999999997
-140.5
-110.5
-127.99999999999999
-137.0
-110.0
-107.5
-96.0
-123.5
-131.99999999999997
-96.49999999999997
-103.99999999999999
-102.0
-105.99999999999997
-102.49999999999999
-100.0
-98.0
-96.49999999999999
-90.49999999999999
-93.0
-102.0
-78.99999999999999
-152.49999999999997
-133.0
-106.5
-108.00000000000001
-109.99999999999999
-110.0
-102.99999999999999
-95.99999999999997
-98.5
-114.5
-77.5
-111.50000000000001
-131.0
-119.5
-93.99999999999999
-129.5
-106.0
-100.5
-118.99999999999999
-143.0
-99.99999999999999
-148.5
-156.0
-334.5
-161.49999999999997
-177.0
-128.5
-377.0
-303.0
-251.0
-228.0
-255.5
-236.50000000000003
-249.49999999999994
-270.0
-296.5
-276.5
-172.49999999999997
-167.49999999999997
-184.0
-196.49999999999997
-164.99999999999994
-152.49999999999997
-173.99999999999994
-123.49999999999999
-185.5
-195.5
-166.49999999999997
-165.49999999999997
-165.49999999999997
-129.5
-113.5
-118.5
-140.49999999999997
-146.99999999999997
-152.49999999999997
-126.0
-137.0
-117.00000000000001
-109.49999999999997
-85.49999999999997
-125.49999999999997
-116.00000000000001
-103.5
-105.0
-115.5
-134.99999999999997
-140.0
-123.99999999999999
-107.49999999999999
-123.5
-110.0
-109.99999999999997
-132.99999999999997
-88.49999999999999
-126.5
-121.99999999999996
-107.00000000000001
-107.5
-108.5
-96.5
-143.0
-125.99999999999999
-372.0
-189.99999999999994
-179.0
-243.5
-146.99999999999997
-144.0
-197.5
-241.49999999999994
-119.00000000000003
-159.5
-171.0
-139.0
-148.0
-143.0
-104.0
-104.5
-157.5
-118.49999999999999
-154.99999999999997
-139.99999999999997
-146.5
-162.99999999999997
-114.0
-122.99999999999997
-104.99999999999999
-306.0
-188.0
-217.49999999999997
-167.0
-135.99999999999997
-112.00000000000001
-183.50000000000003
-118.0
-129.0
-114.5
-128.49999999999997
-137.5
-151.49999999999997
-140.5
-122.5
-130.0
-122.0
-141.49999999999997
-144.49999999999997
-138.99999999999997
-112.5
-165.0
-141.0
-116.5
-212.00000000000003
-252.5
-173.00000000000003
-124.5
-166.99999999999997
-158.99999999999997
-138.49999999999997
-131.49999999999997
-139.49999999999997
-151.49999999999997
-109.0
-225.5
-130.0
-129.99999999999997
-147.99999999999997
-154.99999999999997
-112.0
-212.49999999999997
-135.5
-161.0
-135.5
-133.5
-254.49999999999994
-138.49999999999997
-132.0
-130.49999999999997
-117.00000000000001
-125.99999999999999
-99.5
-147.99999999999997
-80.99999999999997
-139.5
-132.5
-95.5
-188.5
-108.49999999999999
-130.0
-116.99999999999997
-107.5
-112.99999999999999
-88.5
-161.0
-139.99999999999994
-190.0
-121.50000000000001
-172.99999999999997
-114.49999999999997
-146.99999999999997
-116.5
-164.5
-128.49999999999997
-97.0
-104.49999999999999
-106.5
-115.50000000000001
-95.49999999999997
-151.0
-108.99999999999999
-102.49999999999999
-124.49999999999999
-107.0
-115.99999999999999
-108.0
-81.49999999999999
-86.49999999999999
-97.5
-90.5
-87.49999999999999
-94.49999999999999
-126.99999999999999
-102.0
-117.49999999999997
-106.5
-113.49999999999997
-107.5
-84.99999999999999
-102.49999999999999
-123.49999999999997
-87.49999999999999
-137.0
-137.0
-126.49999999999999
-108.99999999999999
-146.0
-123.5
-121.49999999999997
-85.0
-120.5
-116.0
-139.49999999999997
-123.99999999999997
-102.0
-120.49999999999999
-99.99999999999999
-94.49999999999999
-111.99999999999997
-92.49999999999997
-112.50000000000001
-99.5
-98.0
-98.99999999999999
-101.5
-89.49999999999999
-119.0
-107.0
-102.99999999999999
-98.49999999999999
-285.5
-169.5
-104.0
-150.0
-101.5
-140.0
-143.0
-108.0
-131.0
-211.49999999999997
-99.5
-112.0
-98.49999999999999
-116.5
-126.99999999999997
-99.49999999999999
-138.0
-118.99999999999997
-128.0
-113.49999999999999
-195.5
-118.5
-114.0
-115.0
-149.5
-141.5
-98.49999999999999
-116.50000000000001
-109.49999999999997
-95.99999999999999
-110.5
-116.0
-114.0
-125.99999999999997
-95.5
-94.0
-83.5
-136.5
-84.49999999999997
-133.0
-107.5
-159.5
-139.99999999999997
-105.49999999999997
-116.0
-88.49999999999997
-98.49999999999999
-86.0
-106.5
-86.49999999999999
-165.99999999999994
-137.5
-125.5
-104.49999999999999
-147.5
-116.50000000000001
-107.99999999999999
-110.5
-129.5
-99.49999999999999
-118.0
-104.49999999999999
-92.5
-140.0
-102.0
-118.99999999999999
-116.5
-116.99999999999997
-131.49999999999997
-114.5
-97.49999999999999
-129.0
-109.99999999999999
-113.49999999999999
-110.0
-119.99999999999997
-113.0
-110.5
-119.49999999999999
-86.49999999999999
-116.99999999999997
-106.5
-147.5
-113.49999999999999
-105.5
-96.5
-103.49999999999999
-96.5
-93.5
-82.49999999999997
-126.99999999999999
-90.0
-122.99999999999999
-118.0
-107.0
-96.99999999999997
-105.5
-93.99999999999999
-121.49999999999999
-125.49999999999997
-84.49999999999999
-90.99999999999999
-86.49999999999999
-85.99999999999999
-118.5
-90.99999999999999
-90.49999999999997
-117.99999999999999
-152.49999999999997
-98.5
-127.5
-143.99999999999997
-139.0
-128.5
-136.5
-134.5
-126.49999999999999
-109.5
-99.49999999999999
-118.99999999999999
-108.99999999999997
-100.5
-163.0
-100.99999999999997
-103.49999999999999
-100.99999999999999
-98.49999999999999
-88.99999999999997
-100.5
-78.5
-112.0
-115.50000000000003
-103.0
-92.0
-95.49999999999997
-93.49999999999997
-89.99999999999999
-93.99999999999999
-73.99999999999999
-100.5
-87.0
-85.49999999999997
-91.99999999999997
-101.5
-86.99999999999999
-107.5
-93.5
-97.0
-101.0
-103.5
-101.99999999999997
-86.49999999999999
-131.0
-115.0
-103.99999999999999
-110.0
-110.5
-117.5
-135.0
-122.0
-98.0
-102.49999999999999
-99.49999999999999
-85.5
-94.0
-89.99999999999997
-79.49999999999999
-120.00000000000001
-124.99999999999999
-98.0
-98.49999999999999
-94.49999999999999
-113.0
-147.99999999999997
-96.99999999999999
-103.99999999999999
-135.5
-91.49999999999999
-128.99999999999997
-114.99999999999997
-106.5
-101.49999999999997
-113.49999999999999
-97.0
-102.0
-101.5
-94.49999999999999
-119.00000000000003
-106.0
-100.0
-87.99999999999999
-117.0
-111.49999999999997
-88.99999999999999
-110.5
-110.0
-129.0
-101.99999999999997
-116.0
-188.5
-142.0
-130.0
-112.0
-120.50000000000001
-136.0
-104.49999999999999
-112.0
-95.5
-87.49999999999999
-98.99999999999999
-107.0
-103.0
-113.49999999999999
-81.0
-120.5
-97.49999999999997
-80.49999999999997
-160.49999999999997
-124.5
-186.0
-127.99999999999997
-171.49999999999997
-94.0
-149.49999999999997
-167.5
-135.5
-122.49999999999997
-115.0
-236.5
-98.99999999999999
-236.49999999999994
-215.5
-141.0
-241.49999999999997
-152.0
-183.0
-206.0
-327.0
-212.50000000000003
-166.5
-145.5
-119.49999999999999
-114.5
-101.49999999999999
-110.0
-163.0
-95.49999999999997
-89.5
-119.0
-108.5
-93.99999999999999
-116.50000000000001
-93.99999999999999
-126.99999999999999
-125.0
-95.99999999999997
-144.0
-100.0
-108.5
-94.49999999999999
-132.0
-96.49999999999997
-127.00000000000001
-101.0
-189.0
-120.5
-500.0
-461.5
-474.5
-157.99999999999997
-131.5
-126.99999999999997
-120.0
-85.99999999999997
-132.0
-121.0
-103.49999999999999
-373.0
-174.5
-111.5
-122.0
-118.0
-113.99999999999999
-108.99999999999999
-99.49999999999997
-94.0
-99.0
-86.49999999999997
-284.5
-137.0
-168.99999999999994
-111.5
-116.50000000000001
-119.99999999999999
-102.5
-183.00000000000003
-122.5
-141.99999999999997
-148.49999999999997
-133.49999999999997
-132.5
-99.49999999999999
-125.00000000000001
-126.49999999999999
-108.0
-95.99999999999997
-96.49999999999997
-93.99999999999999
-79.99999999999997
-137.0
-110.5
-143.5
-116.50000000000001
-123.5
-172.00000000000003
-122.5
-122.99999999999999
-99.49999999999999
-117.0
-101.5
-102.0
-108.0
-104.0
-132.5
-111.50000000000001
-110.0
-131.0
-113.5
-172.5
-178.0
-162.49999999999994
-142.5
-119.99999999999997
-114.0
-158.49999999999994
-110.0
-190.49999999999997
-131.5
-334.5
-172.49999999999994
-153.5
-121.5
-139.5
-146.0
-164.49999999999997
-141.0
-157.99999999999997
-119.99999999999997
-189.0
-100.49999999999997
-444.0
-376.5
-238.49999999999994
-126.49999999999997
-305.0
-155.0
-195.5
-203.0
-162.99999999999994
-134.0
-185.5
-155.49999999999997
-199.5
-175.5
-142.49999999999997
-149.49999999999997
-178.0
-107.0
-121.99999999999997
-106.99999999999997
-158.5
-101.0
-133.5
-135.49999999999997
-142.5
-161.0
-122.0
-145.5
-131.5
-146.5
-130.0
-125.00000000000001
-131.0
-105.5
-109.99999999999997
-104.0
-100.0
-104.99999999999997
-107.0
-104.49999999999999
-86.49999999999999
-166.5
-118.99999999999999
-129.5
-117.5
-173.50000000000003
-120.0
-142.49999999999997
-113.5
-95.99999999999997
-95.5
-154.0
-85.0
-115.50000000000001
-98.0
-243.49999999999997
-143.5
-110.0
-102.0
-105.5
-87.5
-85.49999999999999
-90.0
-97.5
-83.99999999999999
-88.99999999999997
-84.99999999999997
-117.0
-109.5
-92.49999999999999
-127.49999999999999
-83.49999999999997
-99.0
-97.0
-95.99999999999999
-82.0
-104.99999999999999
-141.0
-100.5
-84.99999999999997
-100.49999999999997
-171.5
-170.0
-136.0
-117.99999999999997
-115.99999999999997
-122.99999999999999
-108.0
-113.5
-141.99999999999997
-184.49999999999997
-145.0
-111.50000000000001
-104.99999999999999
-136.5
-123.5
-131.5
-149.0
-111.0
-130.99999999999997
-90.99999999999997
-239.5
-146.49999999999997
-155.5
-129.49999999999997
-295.5
-164.5
-197.0
-166.49999999999997
-126.5
-130.5
-128.49999999999997
-122.0
-134.99999999999997
-133.5
-147.0
-93.99999999999999
-187.5
-162.5
-117.99999999999999
-142.99999999999997
-132.49999999999997
-145.0
-106.5
-168.0
-130.0
-114.5
-96.99999999999997
-99.49999999999999
-164.0
-95.99999999999997
-84.99999999999997
-97.0
-80.5
-83.99999999999999
-96.5
-114.99999999999997
-154.5
-96.49999999999999
-81.99999999999999
-94.99999999999997
-123.99999999999997
-89.99999999999999
-134.5
-97.5
-110.99999999999997
-107.0
-160.0
-119.49999999999997
-472.5
