16.5
13.5
27.000000000000007
17.500000000000004
23.500000000000007
33.99999999999999
33.5
20.500000000000007
11.0
14.500000000000002
14.5
23.000000000000007
18.500000000000004
47.5
41.99999999999999
12.0
15.500000000000004
15.500000000000002
25.000000000000004
18.0
18.000000000000007
14.500000000000004
13.500000000000004
29.499999999999993
52.0
18.500000000000004
18.500000000000007
22.0
29.000000000000004
21.000000000000004
30.999999999999993
28.000000000000007
16.500000000000004
23.0
43.499999999999986
72.0
31.000000000000007
36.50000000000001
30.500000000000007
43.499999999999986
59.499999999999986
195.49999999999997
35.0
26.500000000000007
43.499999999999986
21.500000000000007
24.0
27.500000000000007
15.500000000000004
15.500000000000002
17.000000000000004
27.000000000000007
19.000000000000004
21.000000000000007
33.0
28.000000000000004
35.5
29.000000000000007
25.500000000000007
15.500000000000004
19.000000000000004
14.500000000000002
35.0
37.0
25.500000000000004
15.500000000000004
25.500000000000007
45.999999999999986
43.5
34.99999999999999
53.99999999999999
89.0
58.999999999999986
97.5
85.49999999999997
52.5
56.499999999999986
51.0
40.0
82.49999999999997
116.49999999999997
306.5
72.49999999999999
101.5
87.0
252.0
77.5
84.5
150.99999999999997
202.0
228.5
185.0
243.5
360.0
212.5
284.5
259.0
455.5
210.0
220.49999999999997
355.49999999999994
482.5
463.0
458.5
500.0
356.49999999999994
500.0
475.0
470.0
498.00000000000006
500.0
500.0
500.0
500.0
500.0
500.0
500.0
500.0
500.0
500.0
500.0
500.0
500.0
500.0
500.0
500.0
500.0
500.0
500.0
500.0
500.0
500.0
500.0
500.0
500.0
500.0
500.0
500.0
500.0
500.0
500.0
500.0
500.0
500.0
500.0
500.0
500.0
500.0
500.0
500.0
500.0
500.0
500.0
500.0
500.0
500.0
500.0
500.0
500.0
500.0
500.0
500.0
500.0
500.0
500.0
500.0
500.0
500.0
500.0
500.0
500.0
426.99999999999994
500.0
500.0
500.0
500.0
500.0
500.0
500.0
500.0
500.0
500.0
500.0
500.0
500.0
500.0
500.0
500.0
500.0
500.0
500.0
500.0
500.0
500.0
500.0
500.0
500.0
500.0
500.0
500.0
11.0
16.000000000000004
21.500000000000007
19.500000000000004
42.499999999999986
28.0
36.99999999999999
27.0
39.5
31.500000000000007
26.500000000000007
11.500000000000002
14.500000000000002
16.500000000000004
25.500000000000007
19.500000000000007
36.0
41.49999999999999
37.49999999999999
18.0
16.500000000000004
32.49999999999999
30.500000000000007
35.99999999999999
71.99999999999999
36.5
20.500000000000007
19.000000000000004
28.0
21.500000000000007
26.500000000000007
28.000000000000007
16.000000000000004
34.99999999999999
33.5
21.000000000000004
35.99999999999999
71.99999999999999
99.5
51.499999999999986
20.5
30.000000000000007
55.499999999999986
64.99999999999999
33.99999999999999
40.0
29.000000000000007
29.000000000000007
25.500000000000007
31.999999999999993
23.500000000000007
23.000000000000007
59.499999999999986
53.99999999999999
44.0
102.99999999999999
66.49999999999999
14.500000000000004
16.500000000000004
18.500000000000007
30.499999999999996
22.500000000000007
21.000000000000004
21.500000000000007
22.0
20.500000000000007
21.000000000000004
23.000000000000004
27.500000000000007
21.500000000000004
12.500000000000004
20.000000000000004
41.49999999999999
25.000000000000007
23.000000000000007
31.499999999999986
34.0
24.000000000000007
52.5
42.49999999999999
19.500000000000004
41.5
21.500000000000004
42.99999999999999
37.0
32.00000000000001
41.5
51.999999999999986
57.999999999999986
35.0
24.000000000000007
21.5
65.99999999999997
50.49999999999997
152.99999999999997
147.5
41.5
36.99999999999999
14.500000000000002
31.500000000000007
35.499999999999986
37.0
30.999999999999993
62.5
145.99999999999997
63.0
145.99999999999997
233.49999999999994
280.5
284.0
368.5
198.5
250.5
234.49999999999994
175.49999999999997
224.0
200.0
400.0
273.0
229.99999999999994
216.99999999999997
274.0
318.99999999999994
373.5
429.0
474.0
400.0
338.0
335.0
461.5
448.0
405.5
475.50000000000006
401.0
477.5
494.00000000000006
389.5
500.0
500.0
500.0
500.0
450.0
500.0
495.50000000000006
416.0
416.5
500.0
500.0
500.0
500.0
500.0
500.0
500.0
500.0
500.0
500.0
500.0
500.0
500.0
500.0
500.0
500.0
500.0
500.0
500.0
500.0
500.0
500.0
500.0
500.0
500.0
500.0
500.0
406.0
500.0
500.0
500.0
500.0
500.0
500.0
500.0
500.0
500.0
500.0
500.0
500.0
500.0
500.0
500.0
500.0
500.0
500.0
500.0
500.0
474.0
500.0
381.5
377.50000000000006
500.0
500.0
9.5
9.0
8.5
9.0
11.0
9.0
10.0
10.5
10.5
9.5
9.5
11.000000000000002
11.0
11.0
10.0
10.0
14.500000000000002
10.0
14.500000000000002
14.000000000000004
12.500000000000002
17.500000000000007
20.000000000000004
20.000000000000004
20.500000000000007
15.000000000000002
21.000000000000007
14.500000000000002
17.5
13.0
20.000000000000004
18.000000000000004
16.500000000000004
30.5
17.500000000000007
26.500000000000007
25.5
18.5
25.0
18.000000000000004
22.000000000000007
15.500000000000004
44.99999999999999
22.500000000000004
18.000000000000007
23.000000000000007
38.49999999999999
18.000000000000004
24.000000000000004
34.49999999999999
28.5
16.000000000000004
54.499999999999986
21.500000000000004
34.499999999999986
25.500000000000007
13.000000000000004
24.500000000000004
28.0
30.000000000000007
30.500000000000007
24.5
30.999999999999993
21.000000000000007
26.500000000000007
25.000000000000007
38.0
17.0
52.499999999999986
19.500000000000004
18.500000000000004
31.500000000000007
24.000000000000007
18.000000000000004
28.500000000000007
38.0
50.499999999999986
19.500000000000004
19.500000000000004
18.0
17.000000000000004
21.500000000000004
28.000000000000004
29.500000000000004
35.00000000000001
25.000000000000007
38.99999999999999
32.0
28.500000000000004
40.0
50.499999999999986
68.49999999999999
25.000000000000004
42.5
39.49999999999999
30.5
41.99999999999999
22.000000000000007
35.0
35.00000000000001
42.5
44.5
41.5
22.000000000000007
53.49999999999999
28.0
35.5
27.999999999999993
28.99999999999999
35.0
58.999999999999986
25.5
31.000000000000004
49.99999999999999
38.49999999999999
38.5
38.5
31.500000000000004
27.500000000000004
24.000000000000007
31.000000000000007
30.000000000000007
38.5
29.500000000000007
18.500000000000004
40.0
39.49999999999999
39.5
55.499999999999986
28.5
30.500000000000007
40.5
49.999999999999986
32.00000000000001
50.5
33.499999999999986
38.5
22.500000000000007
53.499999999999986
59.499999999999986
55.499999999999986
36.5
29.500000000000004
48.99999999999999
33.5
32.50000000000001
60.0
49.49999999999999
26.000000000000007
27.000000000000007
40.0
39.49999999999999
45.99999999999998
35.499999999999986
32.00000000000001
34.5
38.99999999999999
29.0
37.0
33.00000000000001
71.5
53.49999999999998
46.49999999999999
33.499999999999986
36.49999999999999
30.500000000000007
41.999999999999986
42.5
65.49999999999997
56.5
34.49999999999999
28.5
34.49999999999999
28.000000000000007
18.5
39.999999999999986
43.0
30.499999999999993
43.999999999999986
61.99999999999999
47.499999999999986
38.5
48.5
38.0
43.5
35.00000000000001
31.000000000000007
52.499999999999986
32.499999999999986
40.499999999999986
44.99999999999998
52.99999999999999
56.49999999999999
28.000000000000007
38.49999999999999
47.499999999999986
27.500000000000007
36.0
52.5
51.499999999999986
30.5
40.49999999999999
41.5
38.49999999999999
51.999999999999986
49.49999999999999
26.500000000000004
30.000000000000007
26.5
35.99999999999999
42.999999999999986
70.49999999999999
49.49999999999999
53.999999999999986
55.5
44.499999999999986
91.99999999999999
105.5
38.5
31.000000000000004
82.5
56.499999999999986
54.999999999999986
150.99999999999994
70.0
77.99999999999997
66.99999999999997
55.999999999999986
48.5
81.49999999999997
67.49999999999999
74.99999999999997
102.99999999999997
79.99999999999999
64.99999999999999
67.99999999999999
77.49999999999997
104.99999999999997
66.99999999999999
46.5
73.0
60.99999999999997
53.999999999999986
88.0
62.999999999999986
100.49999999999997
69.99999999999999
62.49999999999999
73.49999999999997
69.99999999999999
70.49999999999997
49.49999999999998
55.499999999999986
121.5
74.99999999999999
80.49999999999997
63.999999999999986
98.49999999999997
177.49999999999997
108.99999999999997
38.0
31.000000000000007
28.500000000000007
34.0
39.499999999999986
42.999999999999986
42.0
62.99999999999997
59.999999999999986
88.99999999999997
48.99999999999999
88.49999999999997
62.999999999999986
74.5
63.999999999999986
114.99999999999997
162.5
93.99999999999999
71.49999999999999
94.49999999999999
81.0
131.0
63.499999999999986
73.99999999999997
153.0
54.999999999999986
155.0
71.99999999999997
134.99999999999997
68.0
61.999999999999986
59.499999999999986
72.49999999999999
80.49999999999997
139.5
111.49999999999997
165.5
104.49999999999997
82.99999999999997
162.0
82.99999999999997
80.99999999999997
64.99999999999997
170.0
230.0
174.99999999999994
69.99999999999997
59.99999999999998
103.49999999999999
61.999999999999986
107.99999999999997
61.49999999999998
138.49999999999997
126.5
86.99999999999999
163.5
67.99999999999997
150.99999999999997
119.99999999999999
274.5
234.5
257.5
228.5
391.5
65.49999999999999
293.5
61.99999999999997
254.99999999999994
183.5
236.5
251.5
108.49999999999999
75.49999999999997
333.0
90.0
80.49999999999997
65.49999999999999
68.49999999999997
105.99999999999997
109.0
158.99999999999997
61.99999999999997
56.99999999999999
78.5
42.99999999999999
50.49999999999997
82.5
72.5
242.5
72.99999999999997
239.99999999999997
199.0
286.0
154.0
161.49999999999997
304.0
121.99999999999997
213.0
126.99999999999997
131.49999999999997
209.49999999999997
242.5
177.0
142.0
201.49999999999997
81.99999999999997
83.49999999999999
117.49999999999997
57.0
87.99999999999997
73.99999999999997
56.999999999999986
64.5
60.5
68.99999999999999
67.49999999999997
98.5
82.99999999999997
131.99999999999997
245.99999999999997
99.49999999999999
139.49999999999997
241.5
43.0
37.5
29.500000000000004
36.0
25.500000000000007
33.5
34.5
45.49999999999999
26.000000000000007
39.0
47.5
40.5
34.0
37.0
41.99999999999999
33.5
52.99999999999999
10.0
10.0
10.0
10.5
10.0
10.5
9.0
10.0
10.0
8.5
10.0
10.5
10.0
10.0
8.5
10.0
10.0
9.0
9.5
10.5
10.0
9.5
8.5
10.5
9.0
9.0
8.5
10.0
10.0
9.5
10.0
8.5
10.0
10.0
9.5
11.5
11.5
11.0
10.0
11.0
12.500000000000004
10.5
9.5
10.0
10.5
11.500000000000002
12.000000000000002
11.0
12.000000000000002
14.0
13.000000000000004
11.0
12.500000000000002
12.000000000000002
9.5
12.500000000000004
11.500000000000002
11.0
11.500000000000002
14.000000000000004
14.0
14.000000000000002
13.000000000000004
11.5
17.000000000000004
18.000000000000007
51.499999999999986
21.500000000000007
23.000000000000007
29.000000000000007
30.5
32.5
18.500000000000004
65.5
56.49999999999999
27.000000000000007
20.000000000000007
28.000000000000007
17.500000000000007
29.500000000000007
14.500000000000002
17.0
13.5
57.499999999999986
28.5
22.500000000000007
13.000000000000004
24.000000000000007
32.5
29.5
31.999999999999986
30.500000000000007
23.5
28.5
45.499999999999986
19.000000000000004
36.0
18.000000000000007
30.000000000000007
37.49999999999999
16.500000000000004
13.500000000000004
20.500000000000007
46.49999999999999
22.000000000000007
45.0
48.0
22.000000000000004
33.00000000000001
30.500000000000007
17.5
25.0
16.500000000000004
16.0
20.500000000000007
19.500000000000007
32.999999999999986
44.499999999999986
29.0
87.5
62.499999999999986
39.0
28.000000000000007
29.0
17.000000000000004
17.000000000000004
24.500000000000007
33.5
24.0
34.50000000000001
37.49999999999999
29.500000000000007
27.500000000000007
32.0
56.99999999999998
31.500000000000004
24.500000000000007
24.500000000000007
78.49999999999997
52.499999999999986
33.00000000000001
33.49999999999999
42.999999999999986
25.500000000000004
36.5
89.5
63.999999999999986
28.500000000000007
29.000000000000007
48.999999999999986
20.500000000000007
39.499999999999986
35.99999999999999
40.99999999999999
75.99999999999999
39.00000000000001
35.5
57.499999999999986
56.499999999999986
42.49999999999999
57.0
55.499999999999986
34.50000000000001
24.000000000000007
44.5
45.99999999999999
85.49999999999999
63.0
23.5
26.0
27.999999999999993
55.499999999999986
44.49999999999999
40.999999999999986
35.99999999999999
16.000000000000004
26.500000000000004
22.0
36.49999999999999
23.500000000000007
41.99999999999999
47.999999999999986
31.500000000000007
52.499999999999986
45.499999999999986
63.499999999999986
43.499999999999986
34.5
39.50000000000001
62.499999999999986
75.99999999999999
66.0
32.50000000000001
41.999999999999986
37.5
58.999999999999986
67.99999999999997
55.999999999999986
58.499999999999986
43.499999999999986
8.5
9.5
15.500000000000004
10.0
17.500000000000004
15.000000000000002
18.0
20.5
10.5
17.000000000000004
30.499999999999993
14.000000000000002
18.500000000000004
17.0
15.000000000000002
21.000000000000004
42.49999999999999
23.000000000000007
15.000000000000004
29.0
15.500000000000002
16.500000000000004
32.499999999999986
15.000000000000002
14.5
25.500000000000007
23.000000000000007
38.0
39.0
21.500000000000007
23.5
45.49999999999999
29.999999999999993
23.500000000000007
70.0
42.499999999999986
26.500000000000007
27.000000000000004
31.000000000000004
25.500000000000007
19.500000000000004
39.5
30.000000000000007
57.0
67.49999999999999
47.5
52.5
42.5
39.999999999999986
81.99999999999999
36.5
50.99999999999999
68.49999999999999
53.0
66.0
37.999999999999986
25.0
16.500000000000004
25.5
45.99999999999999
71.49999999999997
36.5
28.000000000000007
45.999999999999986
42.49999999999999
55.999999999999986
35.50000000000001
39.5
30.500000000000007
63.999999999999986
64.99999999999999
79.49999999999999
69.99999999999999
88.99999999999999
76.49999999999997
95.99999999999999
89.5
109.49999999999997
85.49999999999997
123.5
85.99999999999997
62.499999999999986
94.5
88.99999999999999
104.99999999999997
75.99999999999997
90.99999999999999
100.0
102.5
88.99999999999997
109.99999999999999
119.5
81.99999999999997
169.0
122.99999999999999
107.49999999999999
117.99999999999997
169.5
122.99999999999999
171.99999999999997
84.49999999999997
109.5
130.0
144.5
137.5
88.49999999999997
181.0
86.49999999999999
224.99999999999997
149.5
154.5
144.99999999999994
141.5
159.99999999999994
131.5
116.99999999999997
142.49999999999997
147.5
140.0
324.50000000000006
142.0
199.5
119.99999999999997
156.99999999999997
106.49999999999997
160.49999999999997
78.99999999999997
146.0
162.5
138.49999999999997
309.50000000000006
181.49999999999994
139.5
203.5
180.0
180.99999999999994
161.5
172.0
232.49999999999994
136.49999999999997
214.0
335.5
241.99999999999994
126.49999999999999
107.99999999999999
274.5
244.5
373.5
319.0
500.0
222.5
386.0
500.0
213.5
500.0
325.49999999999994
262.0
415.5
500.0
500.0
500.0
500.0
332.0
314.5
500.0
500.0
500.0
500.0
500.0
500.0
500.0
500.0
500.0
500.0
500.0
500.0
500.0
500.0
500.0
500.0
500.0
500.0
500.0
500.0
500.0
500.0
500.0
500.0
282.99999999999994
500.0
500.0
500.0
500.0
500.0
500.0
500.0
500.0
500.0
500.0
500.0
11.0
11.5
12.000000000000002
13.500000000000004
13.500000000000004
11.5
12.000000000000002
13.500000000000004
14.500000000000004
12.000000000000002
15.500000000000002
18.0
15.500000000000004
19.000000000000004
15.000000000000002
15.000000000000002
15.000000000000002
15.500000000000002
14.000000000000004
16.500000000000004
10.5
15.500000000000002
13.000000000000004
12.500000000000002
13.5
17.500000000000004
16.500000000000004
42.49999999999999
90.99999999999997
109.5
109.99999999999999
73.49999999999997
36.50000000000001
21.500000000000004
79.99999999999999
109.49999999999999
150.99999999999997
155.49999999999997
151.49999999999997
179.5
239.0
167.0
182.5
111.49999999999997
152.99999999999997
195.0
159.5
118.99999999999997
102.49999999999999
102.99999999999997
165.0
173.0
259.49999999999994
275.0
267.49999999999994
189.5
231.5
255.99999999999997
235.0
249.0
271.0
132.0
128.49999999999997
76.49999999999999
92.5
90.49999999999999
118.0
193.99999999999994
126.50000000000001
113.0
189.0
155.5
170.5
240.5
362.0
190.0
260.0
207.5
186.0
232.99999999999997
251.5
190.5
281.5
179.0
138.99999999999997
138.49999999999997
120.0
206.0
133.0
150.49999999999997
189.0
124.99999999999999
167.0
126.99999999999999
120.0
127.5
122.0
132.49999999999997
127.99999999999999
198.5
119.5
130.5
192.0
131.99999999999997
142.0
190.00000000000003
123.5
139.49999999999997
134.0
130.0
128.5
181.0
228.0
275.5
214.5
303.0
254.0
457.0
438.0
465.5
429.0
452.0
500.0
446.5
493.5
500.0
500.0
500.0
500.0
500.0
500.0
500.0
500.0
500.0
500.0
500.0
500.0
500.0
500.0
500.0
500.0
500.0
500.0
500.0
394.5
500.0
500.0
500.0
500.0
500.0
500.0
500.0
500.0
459.0
500.0
500.0
500.0
500.0
500.0
500.0
500.0
500.0
500.0
500.0
500.0
500.0
500.0
500.0
500.0
500.0
500.0
500.0
500.0
500.0
500.0
500.0
500.0
500.0
500.0
500.0
500.0
500.0
500.0
500.0
500.0
500.0
500.0
500.0
500.0
500.0
500.0
500.0
500.0
500.0
500.0
500.0
500.0
500.0
500.0
500.0
12.500000000000002
27.000000000000004
118.0
43.50000000000001
29.000000000000007
56.499999999999986
53.999999999999986
33.5
39.0
45.99999999999999
29.000000000000007
29.499999999999993
29.000000000000007
50.999999999999986
42.5
71.99999999999997
52.0
38.0
22.000000000000007
46.0
62.499999999999986
90.99999999999997
49.49999999999999
67.5
32.49999999999999
36.5
54.5
72.49999999999999
35.0
66.49999999999999
61.49999999999997
125.50000000000001
67.99999999999997
33.5
34.5
42.49999999999999
64.5
25.000000000000007
77.0
86.99999999999999
111.99999999999997
73.49999999999999
43.0
48.49999999999999
58.499999999999986
78.0
64.99999999999997
47.499999999999986
55.999999999999986
60.49999999999999
74.0
54.5
50.5
65.99999999999999
118.49999999999999
76.5
106.99999999999997
122.0
82.49999999999997
67.49999999999999
72.0
74.99999999999999
114.99999999999997
53.99999999999997
54.999999999999986
122.99999999999997
83.49999999999999
113.5
130.49999999999994
130.49999999999997
94.49999999999997
85.49999999999997
174.5
141.49999999999997
151.49999999999997
110.99999999999997
101.5
113.5
121.99999999999999
102.99999999999999
121.0
184.0
223.99999999999997
235.99999999999994
182.5
121.0
125.49999999999999
145.99999999999997
242.0
82.5
84.5
120.0
98.99999999999997
125.49999999999997
162.99999999999994
147.5
133.99999999999997
184.5
177.0
200.0
205.0
185.0
396.5
128.49999999999997
244.5
234.0
170.5
215.5
188.0
203.0
286.0
246.49999999999994
289.5
229.5
251.5
204.5
196.0
179.49999999999997
150.0
271.99999999999994
227.5
206.99999999999994
175.49999999999997
333.99999999999994
258.49999999999994
260.5
190.0
228.5
210.0
172.5
316.0
300.5
257.49999999999994
463.5
181.5
260.5
199.49999999999997
151.5
158.5
242.5
210.5
280.5
266.0
277.99999999999994
258.99999999999994
171.49999999999997
348.5
308.0
262.5
243.0
212.0
255.0
203.0
201.5
498.00000000000006
322.0
368.5
275.0
385.5
210.5
277.99999999999994
443.5
202.49999999999997
199.5
333.0
253.49999999999997
247.5
401.49999999999994
353.4999999999999
395.0
319.5
270.5
368.5
208.0
495.50000000000006
253.0
267.5
377.0
311.0
216.5
479.0
500.0
454.0
209.5
464.5
500.0
267.5
245.5
280.5
249.5
253.0
441.0
481.0
210.0
217.0
410.0
395.5
407.5
251.49999999999997
343.0
9.0
23.000000000000007
17.500000000000004
26.500000000000007
43.0
29.500000000000007
22.500000000000007
29.0
18.500000000000004
14.000000000000004
11.0
20.000000000000004
15.500000000000002
26.500000000000007
25.0
17.500000000000004
19.500000000000007
17.5
17.000000000000004
28.500000000000007
22.500000000000007
21.500000000000004
21.000000000000007
25.000000000000007
22.500000000000007
25.0
23.000000000000007
11.5
24.000000000000007
15.500000000000004
12.500000000000004
26.0
19.000000000000004
25.000000000000007
12.500000000000002
33.49999999999999
19.500000000000004
23.500000000000007
17.500000000000004
23.500000000000007
19.500000000000004
17.500000000000004
22.000000000000007
12.000000000000002
34.5
28.000000000000007
24.500000000000007
29.500000000000007
39.499999999999986
22.000000000000004
11.0
46.5
22.500000000000007
24.000000000000004
23.000000000000007
15.000000000000002
25.0
16.000000000000004
16.500000000000004
18.000000000000007
20.000000000000004
14.500000000000002
24.500000000000007
18.5
20.000000000000007
15.500000000000004
15.500000000000002
13.5
17.500000000000004
21.000000000000004
35.50000000000001
17.000000000000004
21.500000000000007
13.000000000000004
11.0
20.500000000000007
29.500000000000004
18.0
33.499999999999986
23.000000000000007
27.0
28.499999999999993
18.500000000000004
15.000000000000004
16.000000000000004
33.99999999999999
11.000000000000002
13.0
19.500000000000004
17.500000000000004
11.5
20.5
24.0
20.5
22.000000000000007
18.500000000000007
14.000000000000002
17.000000000000004
19.000000000000004
18.500000000000007
21.500000000000007
13.500000000000004
18.0
16.500000000000004
35.5
21.500000000000007
31.000000000000004
16.500000000000004
13.500000000000004
10.5
24.500000000000007
31.499999999999993
13.0
16.500000000000004
17.0
17.5
24.000000000000007
32.00000000000001
15.500000000000002
46.49999999999999
19.000000000000004
38.0
12.500000000000004
22.500000000000004
17.5
11.5
16.500000000000004
20.000000000000004
20.500000000000007
26.000000000000007
17.000000000000004
17.500000000000007
31.000000000000004
17.5
14.500000000000004
17.000000000000004
27.000000000000007
32.49999999999999
25.000000000000007
21.000000000000004
32.499999999999986
17.0
21.0
13.000000000000004
16.500000000000004
23.500000000000004
16.000000000000004
19.000000000000004
19.000000000000004
20.000000000000007
12.000000000000002
13.500000000000004
19.000000000000007
13.5
19.000000000000004
21.000000000000007
15.000000000000004
15.500000000000002
28.500000000000007
26.500000000000007
16.000000000000004
44.5
15.500000000000002
14.500000000000002
20.5
16.500000000000004
18.0
23.0
50.499999999999986
20.000000000000004
12.000000000000002
14.500000000000002
21.000000000000004
16.5
13.500000000000004
21.500000000000007
14.500000000000002
17.500000000000004
21.000000000000007
13.000000000000004
21.000000000000007
15.000000000000004
25.500000000000007
21.500000000000007
15.000000000000004
11.5
23.000000000000007
17.500000000000007
35.0
23.000000000000007
27.500000000000004
21.000000000000004
38.49999999999999
17.000000000000004
14.500000000000004
14.0
21.500000000000004
15.000000000000002
18.500000000000007
17.000000000000004
11.500000000000002
28.999999999999993
23.0
13.000000000000002
28.5
12.500000000000002
33.99999999999999
21.500000000000004
19.500000000000004
23.0
19.500000000000004
20.000000000000004
20.500000000000004
18.500000000000004
23.000000000000007
20.500000000000007
19.000000000000004
21.0
25.000000000000007
16.500000000000004
19.000000000000004
33.50000000000001
23.500000000000007
30.000000000000004
14.500000000000002
12.500000000000002
16.000000000000004
12.000000000000002
26.000000000000007
21.000000000000007
26.000000000000004
18.000000000000004
14.0
26.500000000000007
19.500000000000004
31.500000000000007
25.5
25.500000000000007
18.000000000000007
26.5
31.000000000000007
29.000000000000007
18.000000000000007
21.000000000000004
23.500000000000007
26.500000000000007
22.000000000000007
36.0
15.000000000000004
16.500000000000004
16.000000000000004
15.000000000000004
22.000000000000007
24.000000000000004
15.500000000000002
22.000000000000004
23.000000000000004
33.0
16.500000000000004
38.99999999999999
21.500000000000007
12.500000000000002
17.000000000000004
22.500000000000007
19.500000000000004
23.500000000000004
11.500000000000002
22.000000000000007
30.500000000000007
27.500000000000004
16.500000000000004
12.000000000000002
31.999999999999993
14.500000000000002
16.500000000000004
39.50000000000001
22.000000000000004
18.000000000000007
14.5
15.000000000000002
29.000000000000007
17.000000000000007
23.500000000000007
50.499999999999986
25.500000000000007
29.000000000000007
33.0
15.000000000000002
25.000000000000007
20.000000000000004
21.000000000000007
25.500000000000007
24.500000000000007
19.000000000000004
12.500000000000002
49.999999999999986
14.500000000000002
18.000000000000004
13.0
15.500000000000002
17.500000000000007
21.500000000000007
19.000000000000004
18.000000000000004
13.500000000000004
14.000000000000004
33.99999999999999
14.500000000000002
20.500000000000007
23.5
48.499999999999986
11.5
28.500000000000007
13.000000000000002
16.500000000000004
13.000000000000002
17.5
24.500000000000007
23.000000000000004
29.500000000000004
17.5
15.000000000000004
23.500000000000007
32.00000000000001
29.500000000000004
13.500000000000004
32.499999999999986
15.500000000000002
25.500000000000007
15.500000000000004
26.000000000000007
23.500000000000007
22.500000000000007
23.500000000000004
13.500000000000002
29.499999999999993
12.5
38.99999999999999
11.5
18.500000000000004
38.49999999999999
13.0
20.500000000000007
13.500000000000004
42.99999999999999
36.50000000000001
34.49999999999999
11.5
20.500000000000007
12.000000000000002
26.500000000000007
21.500000000000007
15.500000000000002
27.000000000000007
12.000000000000002
20.500000000000007
16.500000000000004
15.000000000000004
13.500000000000004
31.500000000000007
19.000000000000004
18.500000000000007
29.000000000000007
17.500000000000007
17.500000000000004
14.500000000000002
29.999999999999993
17.0
29.999999999999996
13.000000000000004
21.500000000000007
20.000000000000004
15.000000000000002
17.5
35.5
14.500000000000002
24.0
19.000000000000004
17.500000000000004
19.500000000000004
18.500000000000004
20.500000000000007
14.500000000000002
36.499999999999986
20.000000000000007
22.000000000000007
17.500000000000004
14.5
14.500000000000004
23.500000000000007
20.000000000000004
20.5
19.500000000000007
19.500000000000004
18.000000000000007
18.500000000000007
21.000000000000007
30.999999999999996
22.500000000000004
16.500000000000004
