-500.0
-500.0
-500.0
-473.5
-427.5
-314.0
-360.0
-244.99999999999994
-229.5
-183.99999999999994
-161.5
-181.0
-137.5
-151.49999999999997
-237.99999999999997
-256.5
-153.5
-164.99999999999994
-336.5
-256.5
-331.5
-262.5
-164.5
-187.5
-143.99999999999997
-287.0
-279.0
-225.5
-193.5
-255.0
-359.0
-397.5
-196.5
-191.49999999999997
-193.0
-241.99999999999997
-219.0
-345.5
-366.0
-379.5
-341.0
-500.0
-500.0
-500.0
-500.0
-500.0
-500.0
-500.0
-500.0
-500.0
-500.0
-500.0
-500.0
-500.0
-500.0
-500.0
-500.0
-500.0
-500.0
-500.0
-500.0
-500.0
-500.0
-450.5
-312.5
-425.5
-500.0
-395.0
-500.0
-471.5
-428.0
-324.49999999999994
-499.0
-404.0
-420.0
-448.5
-240.0
-222.5
-345.0
-213.0
-357.0
-394.0
-277.5
-235.50000000000006
-185.99999999999997
-221.49999999999994
-276.49999999999994
-193.5
-280.99999999999994
-421.99999999999994
-327.49999999999994
-357.0
-209.0
-338.0
-284.0
-267.0
-453.0
-500.0
-378.5
-369.5
-500.0
-331.49999999999994
-244.99999999999994
-500.0
-500.0
-500.0
-500.0
-500.0
-500.0
-500.0
-500.0
-500.0
-371.49999999999994
-500.0
-378.0
-328.49999999999994
-333.5
-291.99999999999994
-270.0
-210.0
-326.0
-162.49999999999997
-320.0
-369.0
-251.5
-142.99999999999997
-313.5
-188.5
-201.00000000000003
-165.99999999999994
-189.5
-98.99999999999999
-500.0
-396.0
-236.0
-129.49999999999997
-133.0
-98.0
-95.99999999999997
-156.0
-121.49999999999999
-94.99999999999997
-149.49999999999997
-130.0
-104.0
-127.49999999999999
-95.0
-103.5
-118.49999999999999
-109.5
-135.0
-129.49999999999997
-83.49999999999997
-105.5
-233.5
-95.5
-192.99999999999997
-159.0
-104.99999999999997
-156.5
-162.49999999999997
-118.99999999999999
-106.5
-172.5
-128.99999999999997
-92.99999999999997
-173.99999999999994
-129.0
-239.99999999999997
-137.99999999999997
-176.0
-124.0
-211.99999999999997
-188.0
-176.99999999999994
-138.5
-500.0
-234.99999999999994
-167.5
-176.0
-141.0
-126.49999999999999
-113.0
-291.0
-96.49999999999999
-109.0
-97.99999999999999
-200.99999999999997
-100.99999999999997
-115.5
-146.99999999999997
-103.5
-97.49999999999999
-129.99999999999997
-118.49999999999999
-106.5
-106.5
-147.5
-105.49999999999997
-124.0
-166.99999999999997
-156.99999999999997
-127.0
-127.99999999999999
-113.0
-131.0
-133.0
-117.0
-120.0
-160.5
-134.5
-125.0
-110.0
-134.5
-113.49999999999999
-103.49999999999999
-131.5
-96.49999999999999
-136.0
-106.0
-101.99999999999997
-106.5
-117.0
-148.0
-108.99999999999999
-162.0
-113.0
-114.0
-166.0
-143.49999999999994
-149.5
-123.5
-166.99999999999997
-159.99999999999997
-168.0
-154.0
-119.50000000000003
-215.5
-161.49999999999994
-177.0
-117.0
-106.0
-102.49999999999999
-123.99999999999997
-129.49999999999997
-110.0
-130.5
-129.5
-116.0
-123.49999999999999
-99.49999999999999
-371.5
-158.5
-278.0
-145.0
-161.5
-187.0
-134.5
-123.5
-115.0
-99.49999999999999
-79.49999999999999
-146.5
-118.5
-103.0
-101.99999999999997
-94.49999999999999
-124.0
-156.5
-104.5
-133.49999999999997
-116.0
-175.5
-108.0
-114.0
-96.49999999999997
-128.5
-112.5
-101.0
-95.99999999999997
-142.49999999999997
-107.5
-124.5
-136.0
-131.0
-123.0
-145.0
-113.5
-124.0
-111.5
-93.49999999999997
-121.0
-106.0
-93.0
-118.0
-118.5
-101.5
-115.49999999999999
-106.5
-142.49999999999997
-158.5
-118.49999999999999
-152.99999999999997
-137.99999999999997
-125.0
-116.00000000000001
-99.5
-116.0
-104.0
-107.0
-103.5
-90.99999999999997
-118.99999999999999
-109.0
-120.99999999999997
-111.00000000000001
-93.49999999999999
-115.99999999999997
-85.49999999999997
-209.5
-118.0
-101.0
-99.99999999999997
-100.5
-99.99999999999999
-138.5
-179.0
-182.5
-114.0
-209.49999999999997
-184.5
-158.5
-111.5
-106.99999999999999
-122.0
-86.49999999999999
-83.5
-90.99999999999999
-92.5
-89.49999999999999
-119.5
-110.99999999999997
-100.49999999999997
-131.0
-107.49999999999999
-108.5
-122.5
-101.5
-91.99999999999997
-197.49999999999994
-107.0
-230.0
-121.49999999999997
-139.5
-109.99999999999997
-122.00000000000001
-129.49999999999997
-104.0
-138.99999999999997
-92.5
-299.0
-186.0
-157.0
-139.49999999999997
-106.99999999999999
-132.0
-152.99999999999997
-107.99999999999999
-202.0
-136.5
-117.5
-164.49999999999997
-142.0
-110.5
-97.0
-90.49999999999999
-98.0
-133.0
-95.49999999999999
-121.0
-155.0
-144.99999999999997
-185.5
-115.00000000000001
-112.5
-101.0
-134.49999999999997
-113.5
-106.0
-94.99999999999997
-129.5
-156.5
-137.0
-97.5
-124.5
-100.0
-110.5
-139.99999999999997
-136.49999999999997
-89.5
-215.00000000000006
-168.5
-107.99999999999999
-129.0
-86.49999999999999
-158.5
-107.5
-142.99999999999997
-123.0
-105.49999999999997
-137.5
-262.0
-215.99999999999997
-154.5
-129.0
-270.0
-205.0
-240.5
-184.49999999999997
-149.49999999999997
-163.0
-100.5
-115.99999999999999
-163.0
-104.99999999999997
-88.49999999999997
-88.0
-85.0
-87.49999999999997
-119.49999999999997
-126.0
-147.99999999999997
-123.99999999999999
-134.0
-110.0
-186.0
-138.5
-154.49999999999997
-132.5
-132.99999999999997
-120.5
-123.00000000000003
-184.5
-111.5
-133.5
-120.5
-124.99999999999999
-100.5
-113.5
-95.99999999999999
-101.99999999999999
-107.5
-117.99999999999999
-152.0
-111.0
-116.0
-140.49999999999997
-135.0
-116.99999999999999
-172.49999999999994
-143.49999999999997
-118.99999999999999
-97.5
-213.0
-93.5
-148.0
-133.99999999999997
-249.5
-83.99999999999997
-500.0
-147.99999999999997
-174.5
-187.5
-88.99999999999999
-121.00000000000001
-104.49999999999999
-378.99999999999994
-171.5
-161.0
-150.99999999999997
-148.5
-99.5
-106.0
-93.0
-157.5
-126.0
-110.0
-141.5
-138.99999999999997
-104.49999999999999
-276.5
-144.49999999999997
-162.0
-141.0
-145.5
-212.49999999999997
-378.5
-326.5
-139.0
-139.5
-143.49999999999997
-122.5
-103.99999999999999
-102.0
-184.5
-119.0
-414.0
-302.5
-262.0
-147.5
-183.5
-154.0
-228.0
-136.0
-160.0
-86.49999999999999
-197.0
-154.5
-129.0
-103.49999999999999
-165.5
-133.5
-89.5
-221.0
-166.49999999999997
-129.5
-104.49999999999999
-168.0
-212.99999999999997
-114.5
-361.5
-286.5
-159.0
-221.99999999999997
-231.0
-123.0
-174.0
-239.49999999999997
-127.49999999999999
-118.0
-131.0
-100.49999999999997
-121.50000000000001
-360.0
-318.5
-197.99999999999997
-164.5
-205.0
-125.0
-138.5
-156.0
-202.0
-378.0
-115.0
-152.5
-175.5
-254.5
-98.99999999999999
-214.0
-188.0
-122.5
-144.0
-125.49999999999999
-110.0
-84.0
-141.5
-130.0
-124.0
-107.5
-110.5
-93.0
-97.99999999999999
-164.0
-97.0
-106.5
-138.5
-116.00000000000001
-107.99999999999999
-101.0
-108.49999999999999
-108.49999999999999
-88.99999999999997
-83.49999999999999
-131.5
-162.5
-97.49999999999997
-145.99999999999997
-126.99999999999999
-112.00000000000001
-86.49999999999999
-117.99999999999999
-88.99999999999997
-144.0
-147.5
-111.99999999999997
-127.49999999999997
-126.50000000000001
-90.0
-163.0
-155.99999999999994
-102.5
-101.99999999999999
-108.0
-99.5
-79.49999999999999
-135.99999999999994
-165.0
-136.0
-131.99999999999997
-84.0
-130.5
-122.5
-117.0
-86.49999999999999
-133.49999999999997
-146.99999999999997
-144.99999999999997
-168.5
-131.5
-113.0
-161.99999999999997
-94.49999999999999
-121.49999999999999
-107.5
-118.5
-82.49999999999997
-166.0
-122.0
-99.5
-103.99999999999999
-103.49999999999999
-116.00000000000001
-89.49999999999997
-105.5
-117.00000000000001
-111.50000000000001
-119.50000000000003
-117.99999999999999
-92.5
-120.5
-148.99999999999997
-155.5
-106.5
-117.99999999999999
-106.5
-221.5
-104.5
-87.99999999999999
-115.5
-116.99999999999997
-106.5
-145.99999999999997
-147.5
-131.0
-165.49999999999997
-186.99999999999997
-170.5
-164.0
-120.5
-156.99999999999997
-107.49999999999999
-111.49999999999997
-122.49999999999999
-120.49999999999997
-102.99999999999999
-112.5
-103.49999999999999
-92.5
-103.99999999999999
-104.0
-95.0
-101.5
-98.99999999999999
-137.5
-92.5
-92.0
-134.49999999999997
-81.0
-321.5
-154.5
-104.49999999999999
-101.0
-92.49999999999997
-91.99999999999999
-117.5
-128.99999999999997
-94.49999999999999
-97.0
-86.49999999999999
-92.99999999999999
-144.0
-129.49999999999997
-87.99999999999997
-96.5
-84.49999999999999
-156.49999999999997
-130.0
-114.99999999999997
-102.0
-104.49999999999999
-103.0
-93.49999999999999
-175.49999999999997
-146.0
-94.99999999999997
-126.99999999999997
-86.99999999999999
-80.5
-223.49999999999994
-103.99999999999999
-108.49999999999999
-120.49999999999997
-93.49999999999999
-97.49999999999999
-96.0
-87.99999999999997
-95.99999999999997
-141.0
-84.99999999999997
-81.99999999999997
-130.0
-136.5
-118.49999999999999
-106.5
-96.49999999999999
-83.5
-89.49999999999999
-106.5
-119.99999999999997
-112.0
-100.0
-100.49999999999997
-93.99999999999997
-90.49999999999997
-87.99999999999997
-102.0
-86.49999999999997
-112.5
-85.49999999999999
-85.49999999999997
-116.99999999999997
-102.49999999999999
-92.49999999999997
-118.0
-104.0
-102.5
-93.99999999999997
-108.0
-121.5
-86.49999999999999
-116.5
-115.5
-109.5
-97.5
-103.99999999999999
-102.0
-85.99999999999999
-94.5
-131.49999999999994
-93.99999999999999
-105.99999999999999
-105.99999999999997
-97.5
-109.0
-145.0
-126.99999999999999
-104.5
-82.0
-220.0
-112.0
-129.49999999999997
-109.5
-95.5
-123.99999999999999
-92.0
-98.49999999999999
-101.0
-91.99999999999999
-87.49999999999999
-78.99999999999999
-101.5
-124.49999999999997
-111.5
-106.5
-141.99999999999997
-84.99999999999997
-104.5
-94.99999999999997
-90.49999999999997
-92.0
-92.49999999999997
-93.5
-115.0
-96.49999999999997
-96.5
-113.5
-116.5
-101.5
-159.0
-113.5
-88.5
-163.0
-119.99999999999999
-149.99999999999997
-141.5
-137.5
-111.5
-112.5
-120.99999999999997
-119.99999999999997
-105.0
-120.99999999999999
-117.49999999999997
-86.99999999999999
-104.99999999999999
-95.49999999999999
-84.5
-190.0
-101.0
-97.99999999999997
-156.5
-117.49999999999997
-108.0
-131.5
-94.0
-134.0
-97.99999999999997
-295.5
-78.99999999999999
-108.49999999999999
-101.0
-139.99999999999997
-102.5
-131.0
-194.5
-135.0
-116.5
-200.5
-112.5
-151.99999999999997
-108.0
-106.5
-145.99999999999997
-144.5
-103.49999999999999
-93.5
-113.99999999999999
-98.0
-93.49999999999999
-115.0
-99.49999999999999
-102.99999999999999
-91.99999999999997
-91.99999999999999
-105.0
-110.0
-106.0
-107.5
-99.99999999999999
-77.99999999999999
-110.0
-90.49999999999997
-92.99999999999999
-95.99999999999997
-77.99999999999997
-81.49999999999999
-86.99999999999999
-76.99999999999999
-78.49999999999999
-109.5
-101.0
-82.49999999999997
-115.0
-90.49999999999997
-125.0
-128.5
-139.99999999999997
-157.0
-120.5
-106.0
-127.49999999999999
-92.5
-86.49999999999997
-92.5
-118.49999999999999
-102.5
-106.5
-97.99999999999999
-113.5
-104.99999999999997
-92.5
-84.99999999999999
-98.99999999999999
-126.49999999999997
-103.0
-102.5
-92.5
-84.49999999999999
-91.5
-115.50000000000003
-103.0
-103.5
-114.0
-91.0
-76.5
-107.49999999999997
-108.0
-93.0
-161.0
-178.0
-99.0
-102.49999999999999
-117.0
-139.5
-105.5
-111.5
-95.0
-101.99999999999999
-133.0
-102.0
-100.0
-112.0
-109.0
-107.0
-96.49999999999997
-97.99999999999999
-88.5
-92.0
-84.5
-80.49999999999997
-79.49999999999997
-132.5
-91.99999999999997
-112.0
-97.0
-93.5
-116.99999999999997
-98.0
-178.0
-96.5
-101.5
-88.99999999999999
-109.49999999999999
-98.0
-98.0
-89.0
-196.5
-258.99999999999994
-101.99999999999997
-118.5
-141.49999999999997
-97.99999999999999
-105.0
-105.5
-100.0
-103.0
-97.49999999999997
-121.5
-122.99999999999997
-101.49999999999997
-96.5
-131.5
-101.0
-114.99999999999997
-91.49999999999997
-111.0
-90.5
-121.0
-104.49999999999997
-89.0
-109.0
-91.49999999999997
-108.49999999999999
-97.0
-93.0
-134.0
-101.0
-82.49999999999999
-92.49999999999997
-90.49999999999999
-91.99999999999999
-90.5
-128.5
-71.99999999999997
-96.49999999999997
-124.5
-99.99999999999999
-85.0
-118.99999999999997
-91.99999999999997
-104.5
-106.99999999999997
-101.5
-93.0
-112.99999999999999
-113.0
-102.0
-81.99999999999997
-80.99999999999999
-98.49999999999999
