-500.0
-500.0
-500.0
-500.0
-500.0
-500.0
-364.5
-486.0
-350.0
-330.5
-199.5
-220.5
-133.99999999999997
-299.5
-142.0
-155.0
-109.49999999999999
-234.5
-124.5
-162.99999999999997
-117.99999999999999
-185.49999999999997
-197.5
-150.5
-161.0
-230.99999999999997
-195.0
-344.5
-139.0
-142.99999999999997
-135.99999999999997
-127.49999999999997
-103.49999999999999
-105.49999999999999
-104.5
-140.5
-112.5
-112.5
-135.0
-167.49999999999994
-134.0
-154.5
-116.0
-500.0
-401.0
-381.0
-322.5
-190.5
-167.49999999999994
-166.0
-285.99999999999994
-142.99999999999997
-152.99999999999997
-209.5
-149.5
-374.0
-217.5
-184.5
-129.0
-305.0
-114.99999999999997
-112.5
-120.0
-114.99999999999997
-112.0
-106.5
-91.5
-123.99999999999999
-100.5
-113.5
-95.99999999999999
-268.5
-118.5
-141.0
-193.99999999999997
-115.5
-219.99999999999994
-204.0
-184.5
-164.49999999999994
-165.99999999999997
-170.5
-128.99999999999997
-171.5
-235.0
-156.0
-156.49999999999994
-127.99999999999999
-165.49999999999997
-140.99999999999997
-214.5
-180.99999999999997
-200.99999999999997
-244.50000000000003
-161.49999999999997
-142.99999999999997
-130.5
-131.5
-133.5
-121.0
-117.50000000000001
-119.99999999999997
-108.5
-131.49999999999997
-112.49999999999999
-125.0
-124.49999999999999
-142.49999999999997
-138.99999999999994
-107.5
-245.5
-180.5
-121.00000000000001
-123.5
-125.0
-110.5
-101.99999999999999
-113.99999999999997
-109.5
-113.5
-111.0
-88.99999999999999
-183.5
-144.99999999999997
-127.49999999999999
-161.49999999999997
-134.5
-161.0
-127.5
-195.0
-118.99999999999999
-124.5
-418.5
-199.5
-190.0
-138.49999999999997
-176.5
-119.5
-135.0
-156.5
-164.99999999999997
-189.0
-157.49999999999997
-157.5
-125.49999999999997
-144.49999999999997
-135.0
-140.0
-130.0
-133.0
-93.5
-132.5
-117.5
-111.50000000000001
-139.0
-91.99999999999999
-199.49999999999997
-189.0
-116.99999999999997
-112.5
-108.0
-86.49999999999999
-98.99999999999999
-78.99999999999997
-85.49999999999997
-84.49999999999997
-81.49999999999997
-88.49999999999997
-98.0
-81.49999999999997
-103.49999999999999
-94.99999999999997
-95.0
-83.49999999999999
-80.49999999999997
-92.99999999999997
-88.0
-98.0
-92.49999999999997
-106.0
-92.49999999999997
-78.49999999999997
-89.0
-92.0
-98.0
-99.99999999999997
-105.5
-139.99999999999997
-82.99999999999999
-111.5
-100.49999999999999
-114.5
-116.0
-127.0
-105.5
-83.5
-110.5
-110.5
-100.99999999999997
-107.5
-117.5
-102.5
-112.0
-112.49999999999999
-77.99999999999997
-86.49999999999999
-111.49999999999997
-91.99999999999997
-85.0
-112.49999999999997
-110.5
-96.99999999999997
-102.5
-80.49999999999997
-103.5
-91.49999999999999
-90.5
-123.99999999999997
-85.5
-113.0
-116.49999999999999
-125.99999999999999
-119.49999999999997
-95.49999999999999
-115.0
-113.00000000000001
-113.5
-94.99999999999997
-124.0
-108.00000000000001
-131.5
-110.0
-81.49999999999999
-109.0
-100.49999999999997
-90.0
-189.0
-75.99999999999997
-239.99999999999997
-127.49999999999999
-139.99999999999997
-145.5
-115.99999999999997
-137.0
-128.99999999999997
-158.5
-102.5
-166.0
-102.49999999999999
-114.99999999999997
-126.0
-103.5
-132.5
-117.00000000000001
-113.5
-142.49999999999997
-108.5
-172.0
-169.0
-168.0
-135.49999999999997
-146.5
-116.00000000000001
-136.99999999999997
-117.5
-144.49999999999997
-131.49999999999997
-106.5
-126.49999999999999
-98.99999999999999
-110.0
-131.5
-101.5
-202.0
-137.0
-154.5
-135.0
-103.5
-205.0
-161.99999999999997
-161.5
-121.0
-130.5
-141.49999999999997
-114.99999999999997
-134.5
-117.49999999999999
-119.5
-113.5
-107.49999999999999
-99.49999999999999
-108.99999999999999
-89.49999999999997
-122.00000000000001
-114.49999999999997
-135.5
-95.49999999999999
-276.0
-198.0
-247.5
-138.49999999999997
-156.5
-122.49999999999999
-110.0
-137.0
-127.49999999999997
-103.99999999999999
-106.0
-98.49999999999999
-107.5
-131.0
-108.0
-135.5
-212.0
-101.5
-137.5
-152.0
-119.5
-140.0
-124.49999999999997
-103.5
-122.49999999999999
-98.0
-163.5
-113.5
-122.99999999999999
-163.5
-155.99999999999994
-187.5
-163.99999999999997
-138.99999999999997
-138.49999999999997
-179.5
-179.99999999999997
-150.49999999999997
-141.0
-131.5
-149.49999999999997
-178.49999999999997
-116.00000000000001
-156.49999999999997
-148.0
-121.0
-104.5
-103.99999999999999
-102.5
-97.99999999999999
-139.5
-140.5
-114.0
-130.49999999999997
-169.0
-127.0
-139.5
-119.00000000000003
-159.49999999999997
-101.99999999999999
-236.50000000000003
-256.5
-172.99999999999997
-167.5
-123.99999999999997
-131.5
-108.99999999999999
-150.5
-107.5
-102.5
-127.5
-110.0
-167.49999999999997
-133.49999999999997
-145.49999999999997
-96.49999999999997
-231.0
-152.5
-186.0
-143.0
-193.0
-115.00000000000001
-165.0
-160.5
-120.5
-101.99999999999997
-118.0
-142.49999999999997
-116.5
-117.99999999999999
-137.0
-181.50000000000003
-100.0
-383.5
-254.5
-164.99999999999997
-198.5
-165.0
-176.0
-107.49999999999999
-157.0
-142.99999999999997
-184.49999999999997
-160.99999999999997
-184.5
-185.5
-200.5
-240.0
-199.5
-145.99999999999997
-151.99999999999997
-141.0
-128.5
-118.0
-152.0
-160.0
-164.5
-105.0
-185.0
-260.0
-144.5
-119.5
-138.0
-110.5
-115.0
-122.0
-123.99999999999997
-155.99999999999997
-100.0
-160.0
-144.99999999999994
-134.5
-141.5
-170.5
-161.99999999999997
-147.99999999999997
-120.5
-128.5
-93.0
-108.99999999999999
-97.0
-93.49999999999999
-92.49999999999997
-107.50000000000001
-91.99999999999997
-110.0
-111.00000000000001
-99.5
-98.5
-95.99999999999999
-81.99999999999999
-92.5
-110.5
-110.99999999999997
-100.5
-94.5
-99.5
-89.49999999999997
-74.49999999999997
-105.0
-85.99999999999999
-102.5
-85.99999999999999
-108.0
-84.49999999999999
-105.99999999999999
-80.49999999999997
-86.49999999999999
-75.49999999999999
-83.0
-89.0
-289.5
-86.99999999999997
-318.5
-175.0
-173.99999999999997
-196.49999999999997
-121.99999999999997
-144.99999999999997
-122.5
-113.99999999999999
-115.0
-154.0
-116.49999999999997
-129.5
-168.0
-119.99999999999997
-138.49999999999997
-99.0
-128.5
-97.0
-181.0
-112.0
-122.99999999999999
-94.49999999999999
-145.49999999999997
-124.0
-113.5
-114.0
-97.49999999999999
-81.49999999999997
-123.49999999999999
-76.99999999999997
-73.99999999999999
-110.5
-94.49999999999999
-95.49999999999997
-98.5
-105.5
-98.99999999999999
-240.0
-115.99999999999997
-131.5
-101.5
-158.99999999999994
-117.5
-145.5
-159.49999999999994
-257.5
-135.99999999999997
-157.49999999999994
-147.5
-165.0
-150.5
-133.0
-313.0
-156.49999999999994
-168.99999999999994
-111.5
-104.49999999999999
-93.49999999999997
-132.0
-107.99999999999999
-100.49999999999999
-101.5
-98.99999999999999
-101.0
-108.49999999999997
-104.99999999999999
-92.49999999999997
-104.99999999999997
-118.99999999999999
-153.49999999999997
-106.5
-143.99999999999994
-96.5
-82.99999999999997
-112.0
-93.0
-77.99999999999997
-92.99999999999999
-112.0
-87.99999999999997
-90.99999999999997
-98.5
-108.99999999999997
-98.0
-114.49999999999999
-91.49999999999997
-94.99999999999999
-114.99999999999999
-117.49999999999999
-85.49999999999999
-106.5
-145.5
-94.5
-104.5
-139.0
-118.0
-121.5
-170.5
-86.49999999999999
-207.49999999999997
-217.5
-107.5
-99.49999999999999
-97.99999999999999
-92.0
-86.49999999999999
-129.99999999999997
-83.99999999999999
-220.5
-119.5
-102.0
-112.5
-96.49999999999997
-195.5
-214.0
-121.99999999999997
-103.5
-105.99999999999997
-149.5
-140.0
-115.50000000000003
-101.5
-98.0
-136.5
-114.0
-81.49999999999997
-91.49999999999999
-99.99999999999997
-108.49999999999999
-163.5
-100.49999999999997
-90.5
-97.0
-88.99999999999997
-125.5
-99.49999999999999
-105.0
-89.99999999999999
-98.5
-111.00000000000001
-86.99999999999999
-340.5
-181.49999999999997
-147.5
-143.0
-146.49999999999997
-102.0
-107.5
-129.0
-87.0
-152.99999999999997
-98.99999999999999
-95.49999999999997
-165.99999999999994
-115.0
-131.49999999999997
-128.49999999999997
-100.5
-141.0
-98.49999999999999
-106.0
-111.00000000000001
-99.49999999999999
-99.5
-92.0
-85.99999999999999
-98.49999999999999
-117.5
-92.99999999999999
-122.0
-152.0
-142.0
-198.0
-165.0
-179.0
-206.5
-144.49999999999997
-142.49999999999997
-110.0
-120.0
-103.99999999999999
-138.5
-119.0
-93.0
-123.0
-128.0
-93.99999999999999
-100.0
-109.5
-97.99999999999999
-105.0
-170.5
-87.49999999999997
-150.0
-124.0
-128.5
-130.5
-138.99999999999997
-189.5
-112.0
-115.49999999999999
-135.5
-129.0
-93.49999999999999
-101.0
-156.49999999999997
-96.5
-95.99999999999997
-143.0
-138.0
-133.5
-116.00000000000001
-107.5
-101.5
-129.0
-112.5
-110.0
-94.49999999999999
-88.5
-98.49999999999999
-98.49999999999999
-92.5
-92.5
-110.5
-105.5
-91.99999999999999
-98.5
-109.5
-109.49999999999997
-86.49999999999999
-141.0
-109.5
-144.5
-120.00000000000001
-110.99999999999997
-118.5
-123.49999999999999
-102.0
-115.49999999999997
-106.0
-124.5
-103.49999999999999
-97.99999999999999
-111.49999999999997
-95.5
-95.0
-125.5
-109.49999999999999
-108.0
-112.0
-137.0
-103.5
-110.5
-107.0
-90.5
-91.99999999999997
-102.0
-101.0
-102.5
-99.49999999999997
-144.99999999999994
-97.5
-110.0
-133.99999999999997
-114.99999999999999
-103.5
-227.99999999999994
-96.0
-165.99999999999994
-105.5
-127.99999999999999
-121.99999999999999
-116.99999999999997
-100.5
-110.0
-85.99999999999999
-94.0
-96.0
-118.49999999999999
-104.5
-108.0
-90.99999999999999
-106.0
-92.0
-105.5
-99.0
-112.5
-78.99999999999999
-112.5
-124.50000000000003
-117.50000000000001
-125.00000000000001
-101.99999999999997
-119.0
-116.00000000000001
-81.99999999999997
-137.5
-114.5
-124.99999999999997
-105.0
-133.99999999999997
-97.49999999999997
-118.0
-102.99999999999999
-116.50000000000001
-114.0
-100.99999999999997
-84.49999999999997
-88.99999999999999
-98.0
-84.99999999999997
-98.49999999999999
-96.0
-86.99999999999999
-91.0
-139.49999999999997
-93.99999999999999
-130.5
-143.0
-138.49999999999997
-121.49999999999999
-106.5
-104.49999999999997
-89.99999999999997
-138.99999999999997
-97.49999999999997
-352.5
-130.5
-127.99999999999999
-126.99999999999997
-145.0
-136.0
-135.99999999999997
-129.5
-131.99999999999997
-115.5
-115.50000000000001
-140.0
-132.99999999999997
-135.5
-120.49999999999997
-129.5
-126.0
-137.49999999999997
-123.5
-116.99999999999997
-112.0
-126.49999999999997
-122.5
-113.5
-119.5
-114.0
-115.0
-92.5
-125.49999999999999
-103.5
-139.0
-128.5
-112.5
-103.0
-84.5
-147.49999999999997
-85.0
-92.5
-101.5
-89.99999999999997
-90.49999999999999
-97.0
-105.5
-102.5
-102.49999999999999
-89.99999999999997
-103.5
-109.0
-102.0
-120.5
-115.0
-118.99999999999999
-94.49999999999999
-108.49999999999999
-108.99999999999999
-101.0
-92.99999999999997
-97.49999999999999
-109.0
-90.99999999999997
-127.99999999999999
-102.5
-123.99999999999997
-97.5
-136.5
-91.99999999999999
-129.5
-136.99999999999997
-103.99999999999999
-145.99999999999997
-116.5
-131.0
-111.0
-126.5
-111.0
-116.5
-170.49999999999997
-84.5
-102.5
-114.99999999999999
-122.0
-78.0
-178.5
-144.49999999999997
-111.5
-110.0
-118.0
-91.0
-102.5
-79.49999999999999
-98.99999999999999
-121.00000000000001
-112.0
-123.0
-102.0
-130.0
-130.99999999999997
-95.99999999999999
-104.0
-92.99999999999999
-88.49999999999997
-101.0
-83.99999999999999
-302.5
-169.0
-157.49999999999994
-144.0
-99.49999999999999
-110.5
-102.5
-96.49999999999997
-109.0
-95.99999999999997
-110.5
-108.49999999999999
-91.49999999999999
-83.99999999999997
-107.5
-95.49999999999997
-93.5
-121.99999999999999
-78.99999999999999
-83.49999999999999
-99.99999999999997
-102.5
-90.99999999999997
-91.49999999999999
-93.99999999999997
-74.49999999999999
-99.0
-95.49999999999997
-88.5
-103.5
-87.49999999999997
-98.99999999999999
-89.0
-88.0
-93.99999999999999
-81.49999999999997
-77.5
-137.0
-111.50000000000001
-123.49999999999999
-130.5
-104.49999999999997
-148.5
-103.99999999999999
-98.49999999999999
-153.49999999999997
-114.5
-165.5
-101.5
-113.49999999999999
-117.49999999999999
-103.0
-98.49999999999999
-105.0
-96.99999999999997
-97.0
-83.49999999999999
-109.0
-130.49999999999997
-108.49999999999999
-105.0
-78.99999999999999
-107.5
-114.5
-108.49999999999999
-87.49999999999999
-163.0
-136.0
-126.0
-121.99999999999997
-111.0
-110.5
-123.5
-129.5
-137.49999999999997
-145.0
-229.49999999999997
-98.0
-128.49999999999997
-110.0
-85.99999999999999
-99.99999999999997
-103.99999999999999
-91.49999999999999
-95.99999999999997
-83.99999999999999
-93.99999999999999
-119.0
-93.5
-93.99999999999999
-93.99999999999999
-111.0
-97.0
-103.49999999999999
-79.49999999999997
-122.5
-122.5
-128.5
-118.99999999999997
-94.49999999999999
-125.5
