-200.0
-200.0
-200.0
-200.0
-200.0
-200.0
-200.0
-200.0
-200.0
-200.0
-200.0
-200.0
-200.0
-200.0
-200.0
-200.0
-200.0
-200.0
-200.0
-200.0
-200.0
-200.0
-200.0
-200.0
-200.0
-200.0
-200.0
-200.0
-200.0
-200.0
-200.0
-200.0
-200.0
-200.0
-200.0
-200.0
-200.0
-200.0
-200.0
-200.0
-200.0
-200.0
-200.0
-200.0
-200.0
-200.0
-200.0
-200.0
-200.0
-200.0
-200.0
-200.0
-200.0
-200.0
-200.0
-200.0
-200.0
-200.0
-200.0
-200.0
-200.0
-200.0
-200.0
-200.0
-200.0
-200.0
-200.0
-200.0
-200.0
-200.0
-200.0
-200.0
-200.0
-200.0
-200.0
-200.0
-200.0
-200.0
-200.0
-200.0
-200.0
-200.0
-200.0
-200.0
-200.0
-200.0
-200.0
-200.0
-200.0
-200.0
-200.0
-200.0
-200.0
-200.0
-200.0
-200.0
-200.0
-200.0
-200.0
-200.0
-200.0
-200.0
-186.99999999999997
-200.0
-200.0
-193.49999999999997
-200.0
-200.0
-200.0
-200.0
-200.0
-162.5
-200.0
-200.0
-198.0
-180.0
-184.5
-153.99999999999997
-199.0
-135.5
-200.0
-197.5
-176.49999999999997
-141.0
-186.99999999999997
-184.0
-188.49999999999997
-157.0
-158.0
-146.49999999999997
-142.5
-155.49999999999997
-193.49999999999997
-195.0
-200.0
-200.0
-200.0
-200.0
-193.0
-191.99999999999994
-185.49999999999997
-200.0
-200.0
-200.0
-198.0
-200.0
-199.5
-127.00000000000001
-200.0
-200.0
-155.99999999999994
-187.5
-166.5
-186.5
-170.49999999999994
-169.99999999999994
-200.0
-174.0
-200.0
-200.0
-200.0
-200.0
-182.0
-153.0
-158.99999999999997
-158.0
-171.0
-192.5
-125.5
-173.99999999999997
-148.99999999999997
-126.5
-147.0
-143.99999999999997
-134.99999999999997
-120.49999999999999
-132.49999999999997
-156.0
-119.5
-178.5
-200.0
-160.49999999999997
-200.0
-200.0
-200.0
-163.5
-135.0
-125.0
-200.0
