-500.0
-421.5
-418.0
-396.5
-324.5
-257.5
-322.0
-151.99999999999997
-328.49999999999994
-253.5
-223.0
-219.99999999999994
-223.99999999999997
-286.5
-143.0
-256.5
-133.5
-174.0
-118.99999999999999
-152.49999999999997
-119.99999999999997
-155.99999999999997
-342.0
-187.0
-205.49999999999997
-170.0
-146.5
-181.5
-234.0
-184.0
-207.49999999999994
-153.99999999999994
-203.5
-205.5
-191.5
-199.0
-150.0
-175.5
-126.0
-176.49999999999997
-183.0
-186.99999999999997
-140.49999999999997
-239.5
-230.5
-248.99999999999994
-146.5
-146.5
-123.0
-126.0
-126.99999999999999
-103.99999999999999
-111.0
-104.5
-91.99999999999997
-106.0
-123.0
-90.99999999999997
-128.5
-122.0
-107.99999999999999
-122.0
-110.0
-121.00000000000001
-133.99999999999997
-110.0
-133.5
-133.0
-148.5
-154.5
-202.0
-185.99999999999997
-137.5
-111.5
-346.0
-149.5
-190.5
-205.5
-209.49999999999997
-159.99999999999997
-150.49999999999997
-457.0
-263.5
-165.99999999999994
-104.49999999999999
-110.99999999999997
-184.99999999999997
-106.0
-103.99999999999999
-115.0
-113.0
-107.0
-94.49999999999997
-163.99999999999997
-181.99999999999997
-161.0
-161.99999999999997
-177.5
-172.5
-106.5
-150.49999999999997
-139.5
-126.49999999999999
-195.5
-137.5
-162.5
-208.0
-150.99999999999997
-189.0
-136.0
-150.49999999999997
-159.0
-287.99999999999994
-210.5
-173.0
-129.5
-161.0
-143.0
-118.0
-164.0
-131.0
-155.49999999999997
-348.5
-150.49999999999997
-164.5
-290.5
-151.5
-155.49999999999994
-137.0
-154.99999999999997
-143.0
-261.0
-151.99999999999997
-117.99999999999999
-206.0
-162.0
-213.5
-222.0
-191.5
-223.5
-192.5
-282.0
-179.5
-148.5
-172.5
-304.0
-136.5
-184.5
-199.5
-181.5
-150.5
-153.0
-148.0
-167.99999999999997
-209.5
-169.0
-411.5
-161.49999999999997
-251.49999999999997
-203.5
-196.99999999999994
-198.5
-229.0
-375.0
-291.5
-312.0
-228.5
-265.0
-327.0
-263.5
-244.99999999999997
-368.0
-155.99999999999997
-155.5
-162.5
-156.5
-102.49999999999999
-113.49999999999999
-221.99999999999997
-131.0
-133.5
-110.5
-164.99999999999994
-110.5
-147.5
-316.0
-172.50000000000003
-136.5
-177.5
-158.0
-167.99999999999997
-113.49999999999997
-126.0
-102.99999999999999
-126.49999999999999
-101.5
-105.5
-217.49999999999997
-191.0
-198.5
-106.0
-113.0
-120.50000000000001
-112.5
-167.5
-113.0
-107.5
-108.99999999999999
-102.5
-91.49999999999999
-83.99999999999999
-100.5
-99.49999999999999
-102.5
-99.49999999999999
-95.99999999999997
-88.49999999999997
-87.49999999999999
-85.49999999999997
-69.99999999999997
-92.99999999999997
-89.0
-119.49999999999999
-87.49999999999999
-93.99999999999997
-99.49999999999999
-97.0
-103.0
-82.5
-69.49999999999997
-79.49999999999999
-83.49999999999997
-79.99999999999997
-135.0
-96.5
-105.5
-96.0
-108.5
-96.49999999999997
-132.0
-107.0
-94.0
-107.0
-95.49999999999997
-119.0
-104.99999999999999
-118.0
-97.5
-284.0
-119.5
-130.0
-126.99999999999999
-118.5
-100.5
-105.0
-124.49999999999999
-102.5
-131.5
-136.0
-121.0
-110.0
-124.00000000000001
-121.49999999999999
-126.0
-116.0
-109.0
-108.5
-98.49999999999999
-142.5
-138.0
-145.5
-131.5
-224.5
-111.5
-117.5
-150.0
-154.49999999999997
-121.0
-185.0
-131.5
-183.5
-116.0
-107.0
-216.99999999999994
-169.00000000000003
-319.0
-242.99999999999994
-208.49999999999994
-452.5
-428.5
-225.49999999999997
-493.5
-500.0
-452.0000000000001
-310.0
-464.5
-413.0
-339.4999999999999
-214.0
-317.49999999999994
-196.0
-221.5
-213.99999999999997
-165.99999999999994
-197.50000000000003
-151.99999999999997
-319.0
-150.49999999999997
-193.5
-164.99999999999994
-187.49999999999997
-162.99999999999997
-142.49999999999997
-136.99999999999997
-139.49999999999997
-113.99999999999997
-123.0
-112.49999999999997
-101.5
-97.0
-187.5
-105.5
-111.5
-136.49999999999997
-108.49999999999999
-127.5
-114.5
-91.49999999999997
-168.49999999999997
-198.0
-142.0
-107.99999999999999
-192.0
-90.99999999999997
-101.5
-149.99999999999997
-162.0
-97.0
-140.5
-104.0
-143.5
-203.0
-172.99999999999997
-162.99999999999997
-146.99999999999997
-177.0
-110.5
-102.49999999999999
-83.49999999999997
-96.5
-96.0
-81.49999999999999
-166.0
-120.0
-149.5
-107.0
-117.5
-111.0
-116.49999999999997
-278.99999999999994
-103.99999999999999
-124.99999999999999
-103.0
-96.99999999999999
-107.5
-138.0
-86.49999999999999
-112.5
-107.99999999999999
-105.49999999999997
-99.5
-101.5
-94.99999999999997
-108.49999999999999
-107.0
-106.5
-92.5
-100.5
-89.0
-113.0
-100.99999999999997
-113.99999999999997
-141.0
-96.99999999999997
-161.0
-151.49999999999997
-132.5
-114.0
-140.99999999999994
-105.5
-117.5
-93.99999999999999
-132.99999999999997
-130.49999999999997
-99.5
-103.99999999999999
-103.99999999999999
-124.5
-99.0
-121.99999999999999
-113.0
-111.50000000000001
-145.99999999999997
-138.99999999999997
-126.0
-126.99999999999999
-100.0
-109.5
-90.5
-93.5
-90.99999999999999
-95.99999999999997
-137.0
-115.5
-99.49999999999999
-111.0
-114.5
-91.49999999999999
-102.0
-102.5
-110.0
-78.99999999999999
-112.99999999999997
-111.5
-120.00000000000001
-93.0
-113.49999999999999
-109.0
-109.0
-87.99999999999999
-90.99999999999997
-112.99999999999999
-110.99999999999999
-80.5
-99.99999999999999
-88.49999999999999
-87.99999999999997
-96.0
-116.50000000000001
-78.5
-84.0
-102.5
-101.0
-85.49999999999997
-136.5
-78.99999999999999
-81.0
-89.99999999999997
-84.49999999999999
-77.0
-92.5
-95.0
-95.0
-77.99999999999997
-157.0
-99.99999999999997
-94.99999999999999
-121.49999999999999
-100.5
-158.49999999999997
-128.5
-136.49999999999994
-103.0
-109.5
-102.0
-103.0
-82.49999999999997
-97.5
-95.5
-129.49999999999997
-90.5
-95.0
-86.49999999999999
-102.5
-99.0
-78.49999999999997
-124.49999999999997
-101.0
-135.0
-96.49999999999997
-83.49999999999999
-111.0
-134.5
-89.0
-117.0
-88.99999999999997
-112.49999999999997
-88.99999999999997
-82.49999999999997
-96.99999999999999
-126.5
-83.49999999999999
-159.49999999999994
-134.5
-88.5
-104.49999999999997
-96.5
-94.49999999999999
-101.5
-99.99999999999999
-103.49999999999999
-98.99999999999999
-99.0
-85.49999999999997
-111.49999999999999
-74.99999999999997
-141.0
-110.5
-114.0
-124.49999999999999
-98.49999999999999
-93.49999999999999
-110.5
-118.5
-96.5
-116.49999999999997
-140.0
-97.99999999999999
-110.5
-132.99999999999997
-102.0
-103.0
-103.99999999999999
-109.49999999999997
-80.49999999999997
-100.49999999999997
-124.99999999999997
-122.0
-111.99999999999997
-136.5
-95.49999999999997
-152.0
-104.5
-107.50000000000001
-110.5
-97.5
-106.5
-86.49999999999999
-87.99999999999999
-83.5
-83.49999999999997
-68.99999999999999
-92.0
-84.49999999999997
-138.0
-165.5
-107.49999999999999
-105.5
-104.99999999999997
-91.0
-91.99999999999997
-108.0
-110.5
-93.49999999999997
-200.5
-93.49999999999999
-182.5
-136.0
-169.0
-105.0
-153.99999999999997
-132.0
-95.99999999999997
-157.99999999999997
-102.5
-112.5
-133.0
-105.49999999999999
-111.5
-81.99999999999997
-104.5
-104.99999999999997
-108.99999999999999
-107.5
-100.49999999999997
-87.99999999999997
-145.99999999999997
-135.49999999999997
-109.49999999999999
-94.49999999999997
-107.5
-94.49999999999999
-109.49999999999999
-123.49999999999999
-102.49999999999999
-85.49999999999997
-131.5
-128.99999999999997
-110.5
-120.49999999999997
-122.49999999999997
-87.99999999999997
-119.5
-139.0
-119.5
-114.5
-115.0
-107.5
-98.99999999999999
-93.99999999999999
-93.5
-123.49999999999997
-102.0
-122.5
-114.49999999999997
-89.49999999999997
-118.0
-128.5
-146.0
-116.00000000000001
-109.99999999999999
-116.0
-106.5
-104.0
-96.99999999999999
-87.49999999999997
-93.0
-96.0
-102.5
-97.5
-183.5
-112.49999999999999
-118.99999999999997
-108.5
-117.5
-105.0
-107.5
-104.99999999999999
-139.49999999999997
-121.49999999999997
-83.5
-141.5
-105.0
-94.49999999999999
-98.5
-81.99999999999999
-86.49999999999999
-121.49999999999997
-92.5
-86.49999999999999
-94.99999999999999
-86.49999999999999
-85.0
-88.99999999999997
-84.49999999999999
-91.49999999999999
-93.49999999999997
-76.49999999999997
-194.99999999999997
-492.0
-142.5
-130.0
-151.5
-139.0
-108.49999999999999
-137.0
-172.00000000000003
-116.5
-134.49999999999997
-88.0
-111.5
-84.5
-227.0
-87.99999999999997
-107.99999999999999
-98.99999999999999
-99.99999999999999
-101.99999999999997
-85.0
-109.0
-96.99999999999997
-100.0
-89.5
-91.99999999999997
-92.0
-114.0
-98.0
-92.49999999999999
-157.0
-85.49999999999997
-126.99999999999999
-112.99999999999997
-112.5
-122.99999999999999
-110.49999999999997
-95.0
-101.0
-106.0
-87.99999999999997
-87.5
-94.49999999999999
-103.99999999999999
-88.5
-86.99999999999999
-90.99999999999997
-90.49999999999999
-85.49999999999999
-91.99999999999997
-130.0
-114.0
-114.49999999999997
-94.5
-86.99999999999999
-120.99999999999997
-95.5
-91.0
-99.99999999999999
-81.99999999999997
-94.49999999999999
-85.99999999999999
-112.50000000000001
-100.99999999999997
-97.99999999999999
-112.49999999999999
-88.0
-125.99999999999999
-107.5
-105.5
-104.99999999999997
-78.49999999999997
-102.0
-125.0
-121.99999999999997
-90.5
-107.99999999999999
-192.0
-146.0
-120.5
-165.0
-119.99999999999997
-103.99999999999999
-140.0
-144.5
-97.99999999999999
-118.99999999999999
-143.99999999999997
-113.5
-137.0
-136.5
-157.5
-119.0
-110.5
-146.5
-118.99999999999999
-137.5
-109.0
-116.0
-126.00000000000001
-117.0
-94.99999999999999
-145.0
-126.0
-112.0
-93.49999999999997
-107.5
-123.0
-95.5
-122.0
-87.99999999999997
-107.49999999999997
-105.5
-84.49999999999999
-153.0
-126.5
-112.0
-110.0
-100.5
-97.0
-117.0
-85.5
-146.99999999999997
-122.5
-125.5
-119.49999999999999
-164.50000000000003
-107.5
-107.0
-135.0
-115.5
-103.99999999999999
-120.49999999999999
-104.0
-111.5
-92.5
-100.5
-99.5
-103.99999999999999
-93.0
-99.5
-83.49999999999999
-117.0
-106.5
-90.49999999999997
-119.0
-97.5
-102.49999999999999
-97.99999999999999
-100.00000000000001
-86.49999999999999
-136.99999999999997
-160.5
-112.5
-207.5
-136.99999999999997
-126.49999999999999
-118.5
-126.5
-90.99999999999997
-182.49999999999994
-108.5
-130.0
-105.99999999999997
-95.0
-91.0
-117.0
-112.0
-97.99999999999997
-123.99999999999997
-93.0
-98.49999999999999
-111.0
-119.0
-107.0
-118.5
-89.49999999999997
-97.99999999999999
-97.99999999999997
-91.5
-91.49999999999997
-101.99999999999997
-98.5
-86.49999999999999
-129.99999999999994
-82.99999999999997
-85.0
-96.99999999999997
-109.5
-94.49999999999999
-98.0
-108.5
-205.0
-227.5
-90.5
-103.5
-94.99999999999997
-105.0
-104.5
-117.5
-128.99999999999997
-99.49999999999999
-130.0
-114.5
-232.99999999999997
-119.5
-119.5
-85.5
-130.49999999999997
-116.5
-172.0
-113.5
-125.5
-110.5
-115.99999999999997
-97.5
-110.0
-121.0
-92.0
-105.5
-103.0
-108.5
-125.99999999999997
-112.99999999999999
-93.49999999999999
-92.5
-99.49999999999997
-120.99999999999997
-85.99999999999997
-98.99999999999999
-90.0
-84.99999999999999
-131.0
-92.0
-104.49999999999999
-91.99999999999997
-99.5
-85.49999999999999
-75.49999999999997
-112.0
-93.0
-84.49999999999999
-96.99999999999997
-89.49999999999997
-93.5
-79.49999999999999
-96.0
-91.99999999999999
-92.0
-297.0
-117.0
-107.5
-94.49999999999999
-89.99999999999997
-116.0
-104.49999999999999
-113.99999999999997
-116.0
-88.99999999999999
-98.5
-85.0
-135.0
-90.5
-93.99999999999999
-142.5
-102.5
-200.0
-109.99999999999999
-103.5
-103.0
-92.99999999999999
-88.5
-79.49999999999999
-85.5
-91.99999999999997
-79.99999999999997
-78.49999999999997
-134.49999999999997
-84.99999999999999
-94.0
-97.5
-81.0
-95.99999999999997
-124.49999999999997
-104.5
-219.0
-192.0
-500.0
-374.5
-265.5
-178.99999999999994
-225.0
-146.0
-129.99999999999997
-132.49999999999997
-116.99999999999997
-129.49999999999997
-125.49999999999999
-110.0
-94.99999999999997
-90.99999999999997
-121.49999999999997
-101.0
-107.5
-100.49999999999997
-168.99999999999994
-313.0
-167.5
-116.0
-112.5
-121.00000000000001
-112.99999999999999
-181.0
-92.99999999999997
-163.0
-89.99999999999999
-105.0
-104.5
-137.5
-122.5
-164.0
-252.5
-110.5
-103.0
-337.5
-122.0
-231.0
-197.5
-195.5
-120.5
-128.5
-139.0
-117.50000000000001
-118.0
-115.49999999999999
-110.0
-109.5
-99.49999999999999
-113.0
-97.99999999999999
-100.5
-82.49999999999999
-98.99999999999999
-95.49999999999997
-116.49999999999997
-90.99999999999999
-85.99999999999999
-181.0
-101.5
-110.5
-108.5
-93.99999999999999
