27.0
25.5
14.500000000000004
22.000000000000007
23.000000000000007
22.500000000000007
34.50000000000001
33.0
31.000000000000004
20.000000000000004
18.500000000000004
17.500000000000004
14.500000000000004
19.000000000000004
19.000000000000004
20.5
11.500000000000002
18.500000000000004
16.000000000000004
16.500000000000004
24.500000000000007
19.500000000000004
40.0
15.500000000000002
25.500000000000004
23.000000000000007
15.000000000000004
48.5
27.000000000000004
22.500000000000007
29.000000000000007
17.0
26.0
78.49999999999997
67.49999999999999
57.999999999999986
45.5
52.0
37.99999999999999
56.49999999999999
50.999999999999986
35.5
77.49999999999997
170.0
74.0
85.99999999999997
140.5
121.49999999999999
186.99999999999997
227.0
236.0
187.5
122.49999999999997
137.0
225.5
107.5
157.5
218.5
178.5
192.50000000000003
188.49999999999997
148.5
134.49999999999997
124.5
179.99999999999994
202.0
193.99999999999994
111.99999999999997
189.5
313.0
176.0
214.5
179.5
239.0
306.5
225.5
212.5
182.5
158.0
324.0
240.49999999999997
173.99999999999997
268.0
392.5
361.00000000000006
293.0
259.5
368.9999999999999
372.0
356.0
380.0
456.00000000000006
391.0
474.0
455.0
463.5
469.5
500.0
500.0
478.00000000000006
500.0
500.0
500.0
500.0
500.0
500.0
500.0
500.0
500.0
500.0
500.0
500.0
500.0
500.0
500.0
500.0
500.0
500.0
500.0
500.0
500.0
500.0
500.0
500.0
500.0
500.0
500.0
500.0
500.0
500.0
500.0
500.0
500.0
500.0
500.0
500.0
500.0
500.0
500.0
500.0
500.0
500.0
500.0
500.0
500.0
500.0
500.0
500.0
500.0
500.0
500.0
500.0
500.0
500.0
500.0
500.0
500.0
500.0
500.0
500.0
500.0
500.0
500.0
500.0
500.0
500.0
500.0
500.0
500.0
500.0
500.0
500.0
500.0
500.0
500.0
500.0
500.0
500.0
500.0
500.0
500.0
500.0
500.0
500.0
500.0
500.0
500.0
322.5
500.0
500.0
500.0
500.0
500.0
500.0
500.0
500.0
500.0
500.0
500.0
500.0
9.5
10.0
9.5
9.5
10.5
8.0
10.0
9.0
9.0
9.5
8.5
9.0
9.5
10.0
10.0
10.0
9.5
9.5
9.5
9.0
9.5
10.0
8.5
8.5
9.0
9.5
9.0
9.5
8.5
10.0
10.0
9.0
10.0
9.0
8.5
10.0
9.5
10.0
9.0
9.0
9.5
9.0
8.5
10.0
9.5
9.0
9.5
10.0
9.5
9.5
9.5
8.5
9.5
9.0
9.0
9.5
9.5
9.5
10.0
9.0
8.5
9.5
10.0
9.5
10.0
9.0
9.5
9.5
9.5
9.5
9.0
9.5
9.0
8.0
10.0
10.0
10.0
9.5
9.0
9.0
9.5
9.5
9.5
10.0
8.0
9.0
9.0
10.0
9.5
10.0
9.0
9.5
9.0
10.0
8.5
9.0
9.0
9.5
9.0
9.5
9.5
9.0
8.5
10.0
8.5
9.0
9.5
9.5
9.5
10.0
9.0
10.0
9.0
9.0
9.5
9.5
9.0
10.0
10.0
9.5
10.0
9.5
9.0
9.5
8.5
9.0
9.0
9.0
9.5
10.0
8.5
9.5
10.0
9.5
9.0
9.5
10.0
10.5
9.0
9.5
9.0
10.0
8.0
10.0
9.0
8.5
9.0
9.5
8.5
10.0
9.0
9.5
9.5
9.5
10.5
9.5
9.5
9.5
9.5
8.5
9.5
9.0
9.5
9.5
9.5
8.5
9.0
9.0
9.5
9.0
9.5
9.5
8.5
9.5
10.0
9.0
9.5
9.5
9.0
9.5
9.0
9.0
9.0
10.0
10.0
9.5
9.0
8.5
9.0
9.5
9.0
8.0
9.5
10.0
9.5
10.0
10.0
10.0
9.5
9.0
10.0
9.5
10.0
8.5
10.5
9.5
10.0
8.5
9.0
8.5
9.0
9.0
9.5
10.0
10.0
9.0
9.5
9.0
8.5
9.5
8.5
9.0
8.5
9.0
9.5
10.0
9.5
9.5
10.0
8.5
9.0
9.5
10.0
8.5
10.0
9.0
10.0
10.0
10.0
9.5
9.0
9.0
9.5
8.5
9.0
9.0
9.0
9.0
11.0
8.5
9.5
10.0
9.5
9.5
9.0
9.0
9.0
9.5
9.0
9.5
10.0
8.5
10.0
8.5
9.0
9.0
9.0
8.5
8.5
9.5
8.0
8.5
9.0
9.0
9.5
9.0
9.5
10.0
8.5
9.5
9.0
9.5
9.0
9.5
9.5
9.5
8.5
9.5
8.5
9.5
9.0
9.5
9.5
10.0
9.5
9.5
9.5
9.5
9.5
9.0
9.0
9.5
9.5
9.5
10.0
8.5
10.0
9.0
10.0
8.5
10.0
9.5
9.0
9.0
9.5
8.0
9.5
9.0
9.0
9.0
10.0
9.0
9.5
10.0
9.0
8.5
10.0
9.0
10.0
8.5
9.0
9.0
9.0
9.0
10.0
8.5
9.5
10.0
10.0
9.5
9.5
9.0
10.0
9.0
8.5
9.5
10.0
9.5
9.5
9.5
9.0
9.0
9.0
8.5
9.5
8.5
9.5
9.5
9.5
9.0
9.5
9.5
8.5
9.0
9.0
9.0
9.0
10.0
9.0
9.5
9.5
9.0
9.5
8.5
9.5
9.5
9.0
9.5
9.5
9.5
9.5
9.0
9.0
10.0
9.5
9.0
9.0
9.5
8.5
9.5
9.0
8.5
8.5
9.5
10.0
9.5
9.5
9.5
10.0
9.5
10.0
9.5
8.5
9.0
9.5
9.5
10.0
9.0
9.5
10.0
9.5
9.5
9.5
9.0
9.0
10.0
9.0
9.0
9.5
9.0
9.5
9.5
8.0
9.0
8.5
9.0
9.5
10.0
9.5
9.0
9.0
10.5
9.0
10.0
10.5
9.0
9.0
8.5
8.5
9.5
9.5
9.0
9.5
9.5
10.0
10.0
9.5
10.0
10.0
10.0
10.0
10.0
9.0
8.5
9.5
10.0
10.0
9.5
9.0
9.5
9.0
9.0
9.5
9.0
9.5
10.0
10.0
9.5
9.0
9.5
9.0
10.0
9.0
9.0
9.0
9.5
9.5
9.0
9.5
9.0
9.5
9.0
9.5
9.5
10.0
10.0
8.5
10.5
9.0
9.5
9.5
9.5
9.0
9.5
10.0
9.0
10.0
9.5
9.5
9.0
9.5
9.5
10.0
9.5
9.5
9.5
9.5
9.5
9.0
9.0
9.0
9.5
9.5
9.0
10.0
11.0
10.5
9.5
9.5
9.0
9.0
9.5
9.5
9.5
9.0
10.0
9.0
10.0
9.5
9.5
9.0
9.5
10.0
10.0
10.0
9.0
9.5
10.0
9.5
9.0
8.5
8.5
10.0
9.0
9.0
9.0
9.0
9.5
10.0
9.5
9.0
9.5
9.0
10.0
9.0
8.5
10.0
9.5
9.5
9.5
9.0
10.0
9.0
9.0
10.5
10.0
9.5
9.0
8.5
10.0
9.5
9.0
9.5
10.0
9.5
9.5
9.5
9.5
8.5
10.0
10.5
10.0
9.0
10.0
8.5
10.0
8.5
9.5
9.5
10.0
10.0
9.0
8.5
9.5
9.5
9.0
9.5
10.0
9.0
8.5
500.0
18.000000000000007
14.5
20.500000000000007
34.00000000000001
21.500000000000004
26.499999999999993
31.49999999999999
25.500000000000007
14.000000000000004
19.000000000000004
27.000000000000004
25.500000000000007
10.5
15.000000000000002
25.999999999999996
23.000000000000007
24.000000000000007
17.000000000000007
35.0
24.0
25.000000000000007
13.000000000000004
39.0
29.000000000000007
13.500000000000004
17.0
42.0
13.000000000000004
22.500000000000004
15.500000000000002
12.000000000000002
14.000000000000004
22.000000000000007
17.5
32.5
17.000000000000007
14.500000000000002
56.499999999999986
23.500000000000007
24.500000000000007
45.49999999999999
24.500000000000007
31.999999999999993
10.5
20.500000000000007
47.499999999999986
18.500000000000004
30.500000000000007
15.500000000000004
27.5
71.5
41.99999999999999
23.0
14.500000000000002
19.500000000000007
19.500000000000004
28.500000000000007
30.000000000000007
29.500000000000007
37.5
31.5
23.500000000000004
26.999999999999993
23.500000000000007
28.000000000000007
35.49999999999999
23.500000000000007
15.500000000000004
19.500000000000004
15.500000000000004
15.000000000000002
16.500000000000004
18.500000000000004
32.49999999999999
34.999999999999986
22.500000000000004
20.500000000000007
37.0
26.500000000000007
36.5
49.499999999999986
25.500000000000007
38.999999999999986
69.99999999999997
24.000000000000007
13.000000000000004
17.500000000000004
19.000000000000004
17.0
14.000000000000004
30.000000000000007
35.0
46.499999999999986
30.000000000000007
17.500000000000007
35.99999999999999
13.000000000000002
36.0
38.5
34.0
39.0
22.500000000000007
26.000000000000007
22.500000000000007
22.5
10.5
21.500000000000007
33.5
47.499999999999986
36.5
25.000000000000007
38.5
37.5
33.50000000000001
25.000000000000007
17.5
28.000000000000007
24.500000000000007
27.000000000000004
75.5
66.49999999999997
67.49999999999997
92.49999999999999
35.5
63.999999999999986
73.49999999999999
72.5
29.000000000000007
33.5
50.5
38.0
88.99999999999997
33.0
26.500000000000007
50.499999999999986
55.99999999999998
93.49999999999999
125.49999999999997
69.49999999999999
37.5
25.500000000000007
18.500000000000004
34.499999999999986
21.500000000000007
19.000000000000004
78.49999999999999
81.0
40.5
46.0
49.999999999999986
46.999999999999986
34.0
41.49999999999999
32.00000000000001
31.999999999999993
52.99999999999998
108.99999999999999
76.5
106.49999999999997
94.5
147.5
132.0
126.49999999999999
117.5
126.99999999999999
155.5
136.5
139.0
131.0
139.0
130.0
136.0
100.49999999999997
160.0
136.5
139.49999999999997
113.99999999999999
170.0
130.0
209.49999999999997
115.5
162.99999999999997
135.5
222.99999999999997
165.49999999999994
196.49999999999997
176.5
138.99999999999994
162.5
138.5
137.99999999999997
163.0
129.0
162.5
166.99999999999997
158.5
196.5
154.49999999999997
185.5
10.5
14.500000000000004
12.000000000000002
20.000000000000007
16.5
38.0
52.5
136.5
209.49999999999997
145.99999999999997
128.49999999999997
66.99999999999999
121.49999999999997
95.99999999999999
157.0
222.49999999999994
216.5
159.99999999999997
280.0
416.5
163.49999999999997
188.5
341.5
500.0
138.5
208.49999999999997
500.0
500.0
384.5
447.0
173.5
500.0
156.0
158.99999999999994
246.99999999999994
303.5
500.0
500.0
265.5
500.0
293.5
346.0
144.0
158.0
157.99999999999997
189.99999999999994
396.5
387.0
353.5
196.99999999999997
500.0
500.0
331.9999999999999
343.0
500.0
500.0
500.0
500.0
381.0
500.0
500.0
283.49999999999994
489.5
500.0
500.0
500.0
500.0
500.0
500.0
454.5
337.5
500.0
500.0
500.0
500.0
500.0
429.49999999999994
500.0
500.0
500.0
500.0
500.0
500.0
500.0
500.0
500.0
500.0
500.0
500.0
500.0
500.0
500.0
500.0
500.0
500.0
367.9999999999999
500.0
500.0
500.0
500.0
500.0
500.0
500.0
500.0
500.0
500.0
500.0
424.49999999999994
500.0
500.0
431.99999999999994
500.0
500.0
500.0
500.0
500.0
500.0
500.0
500.0
500.0
500.0
500.0
500.0
500.0
500.0
500.0
500.0
500.0
500.0
500.0
500.0
500.0
500.0
500.0
500.0
500.0
500.0
500.0
500.0
494.5
500.0
500.0
500.0
500.0
500.0
500.0
500.0
500.0
500.0
500.0
500.0
500.0
500.0
500.0
500.0
500.0
500.0
500.0
500.0
500.0
500.0
500.0
500.0
500.0
400.49999999999994
17.000000000000004
17.000000000000007
19.500000000000004
16.000000000000004
13.500000000000004
15.500000000000004
16.500000000000004
16.000000000000004
15.500000000000002
20.500000000000007
20.500000000000007
18.5
19.000000000000004
32.5
21.000000000000007
20.500000000000007
27.500000000000007
66.0
106.5
72.0
116.0
30.500000000000007
123.0
118.5
80.49999999999999
138.49999999999997
150.99999999999997
129.0
112.99999999999999
68.0
76.5
143.0
196.49999999999997
186.0
164.49999999999994
14.000000000000004
13.000000000000004
12.500000000000004
13.000000000000002
13.500000000000004
16.0
13.500000000000004
12.500000000000002
13.500000000000004
13.000000000000004
13.500000000000004
13.000000000000004
12.500000000000002
13.000000000000004
13.000000000000004
14.000000000000004
14.500000000000002
14.000000000000004
13.000000000000004
17.000000000000004
15.000000000000002
15.500000000000002
17.0
17.5
14.500000000000004
18.500000000000004
20.000000000000007
19.500000000000004
23.000000000000007
24.500000000000007
25.000000000000007
31.500000000000004
27.000000000000007
34.0
34.50000000000001
30.000000000000004
36.50000000000001
31.000000000000004
36.50000000000001
34.00000000000001
136.99999999999994
124.0
116.00000000000001
114.49999999999997
118.0
114.5
114.49999999999999
102.0
125.0
125.0
118.5
107.99999999999999
116.5
135.0
119.0
139.99999999999997
137.99999999999997
147.49999999999997
138.5
176.49999999999994
141.0
221.0
280.5
305.99999999999994
315.5
281.49999999999994
403.5
434.0
353.0
282.99999999999994
149.5
284.5
254.99999999999997
212.0
167.99999999999997
151.99999999999997
273.0
121.99999999999999
120.5
139.5
140.5
132.5
137.0
121.99999999999997
211.5
166.5
130.0
164.0
190.5
152.99999999999997
186.5
158.99999999999997
144.0
148.49999999999997
155.5
138.49999999999997
143.99999999999994
182.0
126.5
133.99999999999997
153.49999999999997
196.5
215.0
200.5
218.99999999999997
205.5
198.0
148.99999999999997
202.5
194.0
140.99999999999997
133.0
145.49999999999994
139.49999999999997
134.0
141.99999999999997
139.0
138.5
185.0
134.0
140.49999999999997
137.99999999999997
189.0
137.99999999999994
122.5
126.99999999999999
143.49999999999997
130.99999999999997
133.99999999999997
194.0
127.99999999999999
123.0
118.5
141.49999999999997
123.0
122.50000000000001
119.0
115.0
124.5
117.5
128.5
175.5
175.5
177.0
320.49999999999994
379.5
432.5
500.0
500.0
419.0
500.0
500.0
500.0
388.0
500.0
426.0
500.0
500.0
500.0
500.0
500.0
500.0
500.0
500.0
500.0
500.0
500.0
500.0
500.0
500.0
500.0
130.0
133.49999999999997
132.99999999999997
130.0
318.5
118.5
311.5
321.5
415.0
312.5
410.0
500.0
500.0
500.0
313.0
500.0
500.0
500.0
500.0
500.0
444.0
500.0
500.0
500.0
500.0
500.0
21.000000000000007
15.000000000000004
19.500000000000004
10.0
18.0
52.499999999999986
26.000000000000007
25.000000000000004
13.000000000000004
21.000000000000007
22.500000000000004
18.0
19.000000000000004
95.99999999999999
21.000000000000004
28.000000000000004
28.5
54.99999999999997
22.500000000000004
28.000000000000007
26.500000000000007
32.00000000000001
46.999999999999986
23.000000000000007
20.500000000000007
43.499999999999986
23.000000000000004
22.500000000000007
48.49999999999999
37.00000000000001
20.000000000000007
44.0
28.999999999999996
25.500000000000007
18.500000000000004
18.500000000000004
32.49999999999999
46.5
22.500000000000007
80.99999999999997
31.999999999999986
34.499999999999986
44.0
52.499999999999986
59.499999999999986
52.0
41.99999999999999
28.000000000000004
19.000000000000004
31.000000000000004
58.999999999999986
66.0
67.49999999999999
47.499999999999986
47.0
115.99999999999997
59.49999999999998
54.99999999999997
76.99999999999997
47.499999999999986
58.999999999999986
41.0
56.0
79.99999999999999
115.49999999999997
61.0
70.0
76.0
31.500000000000007
34.5
32.50000000000001
39.5
70.99999999999999
59.499999999999986
102.5
78.99999999999997
71.99999999999999
89.0
75.99999999999997
72.49999999999997
123.5
45.49999999999999
78.49999999999999
81.99999999999997
53.99999999999999
83.99999999999999
49.5
54.999999999999986
26.500000000000007
21.500000000000004
25.000000000000007
39.99999999999999
41.99999999999999
44.0
31.500000000000004
35.5
51.0
40.5
74.0
47.499999999999986
64.0
73.99999999999999
75.49999999999999
64.99999999999997
72.49999999999997
71.49999999999997
85.49999999999999
64.99999999999999
71.99999999999999
63.5
98.49999999999997
119.49999999999997
119.99999999999999
43.0
94.5
69.49999999999997
100.5
70.0
158.0
68.49999999999997
61.499999999999986
76.99999999999999
133.99999999999997
135.5
85.5
53.999999999999986
107.49999999999999
105.49999999999997
107.49999999999997
80.49999999999997
67.99999999999999
64.99999999999999
41.0
96.49999999999999
114.49999999999997
125.0
64.5
94.99999999999997
68.99999999999997
72.49999999999997
51.999999999999986
98.49999999999997
82.99999999999999
119.99999999999999
162.49999999999997
105.49999999999997
103.99999999999999
95.49999999999999
91.99999999999999
77.99999999999997
69.0
75.49999999999997
82.99999999999999
191.49999999999997
88.99999999999997
109.0
94.99999999999999
88.99999999999997
122.49999999999999
101.0
126.0
147.99999999999997
125.49999999999996
163.0
103.49999999999999
196.49999999999997
116.0
139.99999999999997
118.49999999999999
188.5
273.0
202.99999999999997
213.99999999999997
162.0
118.0
305.0
212.5
146.99999999999997
250.5
152.0
117.5
155.49999999999997
137.99999999999997
135.49999999999997
124.99999999999997
248.0
282.0
278.0
144.0
194.5
123.5
135.0
144.49999999999997
120.0
190.5
188.5
133.0
176.0
137.0
227.5
340.5
132.49999999999997
150.49999999999997
210.0
20.5
25.500000000000007
20.5
19.500000000000007
17.000000000000004
22.0
19.000000000000004
31.500000000000007
11.0
20.000000000000004
31.5
16.000000000000004
20.000000000000004
48.0
21.500000000000004
17.000000000000004
15.500000000000002
28.0
19.500000000000004
26.500000000000007
22.000000000000007
23.5
57.999999999999986
34.0
39.5
22.000000000000004
21.000000000000004
21.000000000000007
21.000000000000004
22.500000000000004
40.5
15.500000000000002
40.99999999999999
22.000000000000007
16.0
30.0
20.000000000000007
57.99999999999999
17.000000000000004
22.500000000000004
16.500000000000004
26.000000000000007
21.000000000000007
31.500000000000007
30.0
23.0
24.000000000000007
18.0
13.500000000000004
22.000000000000004
26.500000000000007
32.99999999999999
25.500000000000004
13.000000000000004
21.000000000000007
23.500000000000007
18.500000000000004
23.000000000000004
13.5
42.0
19.500000000000007
23.0
13.000000000000004
24.500000000000007
22.000000000000007
21.500000000000004
11.500000000000002
21.000000000000007
19.000000000000004
25.500000000000007
28.999999999999993
16.000000000000004
18.000000000000007
20.500000000000007
36.5
18.0
19.500000000000004
24.000000000000007
18.500000000000004
37.499999999999986
21.500000000000007
21.0
26.5
23.500000000000007
18.0
15.000000000000002
13.000000000000004
11.5
19.000000000000004
38.49999999999999
24.500000000000007
48.99999999999999
30.999999999999993
18.0
19.500000000000004
21.5
28.000000000000007
42.999999999999986
19.000000000000004
24.500000000000007
22.000000000000004
17.500000000000007
35.0
18.000000000000007
41.99999999999999
22.500000000000007
26.5
14.500000000000004
42.5
18.500000000000004
21.500000000000004
19.500000000000004
25.5
61.5
14.500000000000004
30.499999999999986
35.5
35.5
19.000000000000004
26.5
15.000000000000002
22.500000000000007
23.000000000000007
38.0
12.500000000000002
27.500000000000007
15.500000000000004
16.0
23.0
18.500000000000004
24.500000000000007
30.000000000000007
20.500000000000007
33.49999999999999
29.000000000000007
21.000000000000007
36.5
21.000000000000007
21.500000000000004
26.500000000000007
32.99999999999999
17.5
19.500000000000004
40.5
14.500000000000002
18.0
15.000000000000004
25.500000000000007
14.500000000000002
20.000000000000004
32.99999999999999
14.000000000000004
42.99999999999999
27.5
18.000000000000007
22.000000000000004
34.49999999999999
33.0
24.500000000000004
20.0
28.000000000000007
14.500000000000002
15.000000000000002
20.500000000000004
15.000000000000002
19.000000000000004
40.99999999999999
15.000000000000002
42.5
26.500000000000007
37.0
30.999999999999986
39.5
24.000000000000004
23.500000000000004
15.000000000000002
19.500000000000007
20.500000000000007
24.000000000000004
27.500000000000007
30.99999999999999
18.500000000000004
19.500000000000004
27.500000000000007
15.500000000000002
16.000000000000004
25.500000000000007
26.500000000000007
20.500000000000007
17.500000000000007
20.000000000000004
37.50000000000001
21.5
29.000000000000007
30.000000000000004
40.5
87.99999999999997
19.000000000000004
23.000000000000004
16.0
28.5
13.000000000000002
16.000000000000004
15.000000000000002
21.000000000000007
20.000000000000007
19.500000000000007
22.500000000000004
22.000000000000004
12.5
19.000000000000004
38.499999999999986
23.000000000000004
23.000000000000004
41.49999999999999
29.000000000000007
35.99999999999999
14.000000000000004
29.500000000000007
22.000000000000004
33.49999999999999
38.999999999999986
23.5
22.000000000000007
21.000000000000007
50.999999999999986
12.500000000000002
13.500000000000004
14.0
19.500000000000004
14.000000000000002
52.5
24.500000000000007
36.0
26.000000000000007
15.000000000000004
22.000000000000004
28.000000000000007
27.5
21.000000000000007
16.000000000000004
30.499999999999993
37.999999999999986
16.000000000000004
19.500000000000004
21.500000000000004
42.0
37.0
76.49999999999999
74.49999999999999
25.0
37.0
26.0
38.99999999999999
45.99999999999999
55.999999999999986
42.49999999999999
25.5
39.499999999999986
36.5
42.0
68.0
73.49999999999997
35.5
36.49999999999999
56.49999999999999
89.99999999999997
44.5
62.499999999999986
46.5
65.5
45.0
91.0
100.49999999999999
75.5
90.49999999999997
73.0
29.500000000000007
66.5
87.99999999999997
69.49999999999999
52.499999999999986
59.49999999999999
67.49999999999999
56.49999999999999
44.5
59.5
100.99999999999999
45.0
35.5
49.0
23.500000000000007
34.499999999999986
16.000000000000004
41.99999999999999
70.49999999999997
67.5
120.49999999999997
56.99999999999999
120.5
70.49999999999999
61.499999999999986
73.99999999999997
114.5
88.0
110.49999999999999
132.99999999999997
122.99999999999999
170.5
157.99999999999997
187.0
180.5
125.99999999999997
208.0
248.49999999999994
214.0
194.0
142.0
132.99999999999997
145.99999999999997
110.99999999999999
93.49999999999997
127.0
123.99999999999997
100.0
163.49999999999997
128.99999999999997
224.50000000000003
146.5
177.5
132.49999999999997
132.5
140.49999999999997
178.99999999999994
151.5
118.5
136.5
161.0
150.49999999999997
183.49999999999994
250.49999999999994
186.0
190.0
151.49999999999997
166.5
257.0
172.5
175.0
167.49999999999994
176.0
163.99999999999997
187.0
347.99999999999994
240.0
129.5
154.0
200.5
161.49999999999994
500.0
245.99999999999997
150.99999999999997
147.0
353.0
289.5
190.00000000000003
337.5
175.0
118.5
186.5
328.0
232.49999999999994
131.0
212.5
121.00000000000001
248.0
230.49999999999994
166.49999999999997
128.99999999999997
224.99999999999997
200.5
147.0
181.49999999999997
220.0
143.99999999999997
144.99999999999997
138.0
270.5
202.0
154.49999999999997
156.0
209.5
169.49999999999997
184.5
287.5
205.0
193.0
170.99999999999997
257.5
271.0
