19.500000000000004
51.499999999999986
35.999999999999986
21.0
12.500000000000002
19.000000000000004
25.500000000000007
31.499999999999993
25.500000000000007
60.999999999999986
19.000000000000004
27.000000000000004
19.000000000000004
25.5
20.000000000000007
16.000000000000004
24.000000000000004
37.50000000000001
31.5
17.5
46.999999999999986
10.0
18.000000000000007
14.0
42.99999999999999
76.0
78.99999999999999
39.5
26.0
38.999999999999986
46.499999999999986
87.0
59.999999999999986
92.99999999999997
114.99999999999999
55.999999999999986
62.99999999999997
74.5
62.999999999999986
78.49999999999999
88.49999999999997
130.5
137.99999999999997
114.0
128.0
139.99999999999997
132.49999999999997
161.0
214.5
342.9999999999999
274.5
386.99999999999994
357.0
488.5
500.0
470.5
458.5
461.0
500.0
500.0
500.0
500.0
500.0
500.0
500.0
500.0
500.0
500.0
500.0
500.0
500.0
500.0
500.0
500.0
500.0
500.0
500.0
500.0
500.0
500.0
500.0
500.0
500.0
500.0
500.0
500.0
500.0
500.0
500.0
500.0
500.0
500.0
500.0
500.0
500.0
500.0
500.0
500.0
500.0
500.0
500.0
500.0
500.0
500.0
500.0
11.0
25.0
24.000000000000007
48.999999999999986
35.99999999999999
63.499999999999986
94.49999999999999
257.99999999999994
67.5
74.5
77.00000000000001
107.99999999999997
56.999999999999986
41.0
26.000000000000007
23.500000000000007
23.000000000000004
27.000000000000007
23.0
23.500000000000007
43.5
113.0
31.5
88.99999999999997
113.0
255.0
500.0
473.0
388.0
500.0
343.0
500.0
481.0
500.0
500.0
500.0
344.0
500.0
500.0
500.0
500.0
500.0
500.0
500.0
500.0
500.0
500.0
500.0
500.0
500.0
500.0
500.0
500.0
500.0
500.0
500.0
500.0
500.0
500.0
500.0
500.0
500.0
500.0
500.0
500.0
500.0
500.0
500.0
500.0
500.0
500.0
500.0
500.0
500.0
500.0
500.0
500.0
500.0
500.0
500.0
500.0
500.0
500.0
500.0
500.0
500.0
500.0
500.0
500.0
500.0
500.0
500.0
500.0
500.0
500.0
9.5
13.000000000000004
14.0
16.500000000000004
12.000000000000002
16.000000000000004
16.0
20.500000000000007
15.500000000000004
19.000000000000004
26.500000000000007
24.500000000000007
22.500000000000004
54.999999999999986
100.99999999999999
136.0
171.49999999999997
155.5
195.5
396.5
385.5
316.0
355.0
407.5
271.5
317.5
370.0
326.0
500.0
467.5
440.5
433.0
417.5
390.5
482.0
500.0
432.5
295.99999999999994
251.0
362.5
323.49999999999994
363.5
407.0
443.0
336.0
359.0
464.5
257.49999999999994
400.5
349.5
358.5
442.0
325.49999999999994
480.50000000000006
284.0
420.99999999999994
379.0
486.5
434.00000000000006
347.4999999999999
394.5
449.5
289.5
426.0
483.00000000000006
454.0
500.0
500.0
500.0
500.0
500.0
500.0
500.0
500.0
500.0
350.5
500.0
482.5
400.0
500.0
500.0
500.0
500.0
500.0
500.0
500.0
500.0
497.0
500.0
500.0
500.0
500.0
463.5
500.0
500.0
500.0
352.0
373.0
491.50000000000006
500.0
500.0
500.0
500.0
500.0
500.0
500.0
500.0
500.0
500.0
500.0
500.0
495.0
485.0
395.5
437.99999999999994
500.0
429.5
422.0
500.0
500.0
304.49999999999994
500.0
234.5
367.5
482.0
425.0
441.5
500.0
481.0
487.0
471.0
437.0
472.0
491.50000000000006
500.0
500.0
500.0
487.0
299.49999999999994
445.0
430.0
500.0
439.50000000000006
500.0
500.0
500.0
500.0
500.0
500.0
500.0
500.0
500.0
500.0
500.0
500.0
500.0
500.0
500.0
500.0
500.0
500.0
500.0
500.0
500.0
500.0
500.0
500.0
500.0
500.0
500.0
400.5
500.0
500.0
453.5
500.0
500.0
484.5
500.0
500.0
500.0
500.0
500.0
482.0
499.0
500.0
500.0
500.0
500.0
500.0
500.0
500.0
500.0
500.0
500.0
500.0
500.0
497.0
477.0
472.5
500.0
9.0
9.0
10.0
9.0
9.0
10.0
10.5
9.5
9.5
9.5
10.0
9.5
10.0
9.5
10.0
9.0
8.5
10.0
9.5
9.5
10.0
10.0
9.0
9.0
9.5
9.5
9.0
9.5
10.0
9.0
8.5
9.0
9.5
10.0
9.0
9.5
9.0
9.5
9.5
9.5
9.5
10.0
8.5
9.5
10.0
10.0
9.0
9.0
9.0
9.0
9.0
10.5
9.5
9.5
9.0
9.0
9.0
9.5
10.0
10.0
9.0
9.5
9.5
9.5
9.5
9.5
9.0
9.0
10.0
9.0
8.5
9.5
9.5
10.0
9.5
8.5
9.5
9.0
9.0
9.0
8.5
10.0
9.0
8.5
9.0
9.0
10.0
8.5
8.0
8.5
9.0
9.0
10.0
10.0
8.5
8.5
8.5
10.0
8.5
9.0
10.0
8.5
8.5
9.5
10.0
9.0
9.5
9.0
8.5
9.0
9.5
9.0
9.0
9.5
9.5
9.0
9.0
9.0
9.5
10.0
10.0
9.0
9.0
9.0
9.0
8.5
8.5
10.5
8.5
8.5
9.5
9.5
10.0
10.0
9.5
9.5
10.0
9.0
10.0
9.5
10.0
10.0
8.5
11.5
11.0
10.0
13.5
15.000000000000004
11.0
11.5
21.000000000000004
15.000000000000002
21.500000000000004
33.50000000000001
21.500000000000004
27.000000000000007
30.000000000000007
48.5
22.000000000000004
19.500000000000004
12.5
16.000000000000004
23.500000000000004
24.500000000000004
46.49999999999999
14.0
24.500000000000007
25.500000000000007
31.0
17.500000000000004
39.0
15.000000000000004
26.000000000000007
21.000000000000004
40.0
25.500000000000007
30.500000000000004
26.0
28.500000000000007
36.0
34.0
24.000000000000007
20.000000000000004
23.500000000000007
50.49999999999999
43.0
32.50000000000001
33.99999999999999
25.000000000000004
43.5
45.99999999999999
37.0
48.499999999999986
26.500000000000004
25.500000000000007
41.0
62.999999999999986
43.0
51.499999999999986
43.999999999999986
22.000000000000004
33.5
37.5
21.000000000000007
41.5
44.0
42.5
40.999999999999986
58.499999999999986
30.000000000000004
44.5
33.0
21.0
45.99999999999999
40.0
39.499999999999986
43.0
48.5
51.999999999999986
39.50000000000001
42.0
37.5
62.999999999999986
47.999999999999986
53.999999999999986
90.99999999999999
51.499999999999986
47.499999999999986
53.99999999999998
87.49999999999997
50.49999999999999
82.49999999999997
79.99999999999999
51.999999999999986
51.499999999999986
62.499999999999986
53.999999999999986
52.499999999999986
52.99999999999999
42.999999999999986
73.49999999999999
74.49999999999999
69.99999999999997
63.999999999999986
68.49999999999997
51.499999999999986
72.49999999999997
130.99999999999997
69.49999999999997
54.999999999999986
45.99999999999999
69.99999999999997
62.499999999999986
55.499999999999986
56.0
48.0
44.0
45.499999999999986
46.99999999999997
68.99999999999997
51.999999999999986
37.5
52.99999999999998
40.99999999999999
45.499999999999986
44.99999999999998
38.0
50.499999999999986
44.99999999999998
59.999999999999986
45.0
66.49999999999999
50.5
56.49999999999999
44.5
60.499999999999986
48.5
90.0
46.49999999999997
64.49999999999997
46.999999999999986
35.5
48.5
53.99999999999999
74.99999999999999
63.999999999999986
43.499999999999986
59.499999999999986
99.49999999999999
68.99999999999997
53.999999999999986
56.499999999999986
125.49999999999999
49.99999999999998
51.5
54.49999999999997
96.99999999999997
40.0
48.499999999999986
57.99999999999999
77.5
92.0
90.99999999999999
106.5
63.499999999999986
66.99999999999999
124.99999999999999
66.49999999999997
58.999999999999986
109.99999999999997
56.49999999999998
98.99999999999999
52.999999999999986
94.0
53.99999999999997
75.99999999999997
78.0
97.99999999999999
69.99999999999997
84.5
119.99999999999997
70.49999999999999
82.49999999999999
67.99999999999997
70.5
76.99999999999997
58.499999999999986
54.999999999999986
60.0
43.999999999999986
64.99999999999999
59.5
52.499999999999986
48.499999999999986
107.99999999999997
61.99999999999999
86.99999999999999
63.999999999999986
63.499999999999986
85.99999999999999
65.0
70.49999999999999
96.99999999999999
86.0
104.99999999999997
69.5
68.49999999999999
75.99999999999999
81.49999999999997
65.5
69.49999999999997
110.49999999999996
85.5
126.99999999999997
97.99999999999997
149.0
75.49999999999999
96.99999999999999
57.999999999999986
108.99999999999999
79.49999999999999
108.99999999999997
97.99999999999999
107.0
84.49999999999997
111.99999999999997
78.0
88.49999999999999
58.499999999999986
71.49999999999997
107.0
66.99999999999999
62.499999999999986
108.99999999999999
90.99999999999999
144.49999999999997
105.0
83.99999999999999
88.5
146.0
68.99999999999997
117.5
72.49999999999997
103.49999999999999
99.99999999999997
70.49999999999999
76.49999999999997
102.49999999999997
85.49999999999997
77.49999999999997
84.49999999999999
72.99999999999997
84.0
168.49999999999994
94.99999999999997
95.99999999999997
93.99999999999999
119.99999999999997
86.49999999999999
78.49999999999997
9.5
9.5
10.5
9.0
8.5
10.0
9.0
10.5
10.0
9.0
9.5
9.0
10.0
9.0
9.0
10.0
10.0
9.0
10.0
10.5
10.0
10.0
10.0
11.5
10.5
10.5
10.5
15.500000000000004
15.500000000000004
14.500000000000002
16.0
13.0
14.000000000000004
13.000000000000004
19.000000000000007
19.500000000000004
15.000000000000002
13.000000000000004
15.500000000000004
24.500000000000007
18.500000000000004
24.500000000000007
34.0
19.000000000000004
27.000000000000007
26.500000000000007
37.49999999999999
36.5
31.000000000000007
56.99999999999998
83.49999999999999
87.49999999999997
55.499999999999986
39.999999999999986
44.5
81.49999999999997
75.49999999999997
59.499999999999986
76.49999999999997
59.99999999999998
74.99999999999999
90.49999999999997
60.99999999999999
52.99999999999999
65.5
173.0
130.0
156.99999999999997
53.499999999999986
50.499999999999986
49.99999999999998
45.99999999999999
93.0
41.0
79.49999999999999
101.99999999999999
148.49999999999997
167.0
123.0
150.49999999999997
199.5
113.99999999999999
68.49999999999999
70.49999999999999
78.5
89.49999999999997
50.499999999999986
47.499999999999986
36.00000000000001
42.49999999999999
40.5
46.999999999999986
57.49999999999997
82.99999999999999
52.0
78.99999999999997
54.5
72.99999999999997
54.499999999999986
55.499999999999986
63.99999999999998
60.99999999999998
62.499999999999986
96.49999999999999
108.99999999999999
91.49999999999999
61.999999999999986
105.49999999999997
122.49999999999999
156.99999999999997
147.49999999999997
169.5
146.99999999999997
118.0
147.0
116.0
163.5
131.5
161.99999999999997
129.0
118.99999999999997
139.0
152.5
147.5
112.99999999999999
127.49999999999999
114.0
131.5
140.49999999999997
134.0
119.0
126.99999999999997
144.5
161.49999999999994
165.0
133.49999999999997
143.0
197.5
158.49999999999994
150.49999999999997
141.0
135.49999999999997
152.99999999999997
126.50000000000001
145.5
78.5
117.0
126.0
108.0
137.0
127.99999999999999
215.5
121.0
142.5
125.49999999999999
124.0
196.0
208.0
155.49999999999997
141.0
212.0
163.0
191.0
193.99999999999997
140.5
189.0
122.00000000000001
139.0
216.0
184.49999999999994
163.5
234.5
231.99999999999997
183.99999999999997
228.99999999999997
164.0
219.49999999999997
182.99999999999997
202.5
208.5
187.99999999999997
196.5
176.49999999999994
140.99999999999997
259.0
198.5
208.5
191.5
225.0
246.99999999999994
283.0
208.50000000000003
127.99999999999997
237.5
247.99999999999997
187.99999999999997
182.99999999999997
192.5
208.5
201.5
9.0
18.000000000000004
27.500000000000004
20.5
27.500000000000004
29.500000000000007
30.000000000000004
32.5
15.000000000000002
28.000000000000007
28.000000000000007
15.000000000000002
18.500000000000004
32.5
22.000000000000004
16.500000000000004
11.0
24.000000000000007
31.5
17.000000000000004
12.500000000000002
22.500000000000004
35.5
27.500000000000004
23.000000000000007
14.500000000000002
30.500000000000004
20.000000000000004
23.500000000000007
16.5
41.99999999999999
24.0
12.5
30.000000000000004
19.500000000000004
13.000000000000004
39.0
26.000000000000007
18.0
17.500000000000004
29.999999999999993
14.500000000000004
23.000000000000004
15.500000000000002
20.500000000000007
15.000000000000002
16.500000000000004
26.500000000000007
25.000000000000004
26.0
18.000000000000004
24.5
21.500000000000007
26.500000000000007
14.000000000000002
18.0
16.0
29.499999999999986
31.499999999999993
15.500000000000004
13.500000000000004
15.000000000000002
27.000000000000004
24.500000000000004
18.000000000000004
26.500000000000007
19.000000000000004
22.500000000000004
21.500000000000007
16.0
19.000000000000007
26.000000000000004
28.999999999999996
19.000000000000004
31.500000000000007
16.0
27.5
22.000000000000007
14.500000000000004
15.500000000000002
15.000000000000002
13.500000000000004
18.0
29.499999999999993
15.000000000000004
21.000000000000004
22.0
24.500000000000004
16.500000000000004
37.5
36.999999999999986
33.49999999999999
20.000000000000004
25.000000000000004
42.5
33.00000000000001
40.5
15.000000000000002
37.5
34.499999999999986
17.0
18.0
11.500000000000002
16.500000000000004
21.000000000000007
12.500000000000002
27.500000000000007
18.000000000000007
15.500000000000002
18.000000000000007
29.0
22.5
44.5
17.000000000000007
49.0
45.49999999999999
27.500000000000007
25.500000000000004
33.0
15.500000000000002
25.500000000000004
19.000000000000004
17.000000000000004
12.000000000000002
23.5
18.500000000000004
14.000000000000004
13.000000000000004
27.500000000000004
25.000000000000007
15.500000000000004
24.000000000000004
17.000000000000004
21.500000000000007
23.000000000000007
37.5
26.0
20.500000000000007
49.0
16.5
11.500000000000002
13.500000000000004
30.000000000000007
12.500000000000004
16.000000000000004
26.500000000000007
35.5
21.500000000000004
20.0
19.000000000000004
14.0
12.500000000000004
29.999999999999993
33.0
36.99999999999999
19.500000000000004
19.500000000000004
20.500000000000007
27.500000000000004
61.99999999999997
44.5
25.0
12.000000000000002
16.000000000000004
30.999999999999993
27.500000000000004
27.500000000000004
10.0
19.500000000000004
26.500000000000007
15.000000000000002
16.000000000000004
38.50000000000001
33.00000000000001
51.99999999999999
27.500000000000007
21.000000000000004
31.500000000000007
19.500000000000004
18.0
17.500000000000004
15.000000000000002
28.500000000000004
39.5
41.0
10.0
15.500000000000002
42.99999999999999
24.000000000000007
21.000000000000007
23.000000000000004
21.000000000000007
17.000000000000004
34.499999999999986
21.5
44.499999999999986
27.500000000000007
20.5
18.500000000000004
16.0
38.499999999999986
20.5
13.500000000000004
14.0
33.0
15.000000000000004
21.500000000000007
41.49999999999999
30.499999999999986
18.500000000000004
21.500000000000007
30.000000000000007
15.000000000000002
38.49999999999999
20.000000000000007
44.99999999999999
37.99999999999999
98.0
43.5
29.0
39.999999999999986
21.500000000000004
21.500000000000004
33.99999999999999
49.5
31.000000000000004
16.500000000000004
28.499999999999993
18.500000000000007
17.500000000000004
35.5
42.999999999999986
22.000000000000007
39.499999999999986
45.49999999999999
17.0
21.000000000000007
23.500000000000004
26.000000000000007
45.49999999999999
63.99999999999999
101.49999999999997
40.5
36.5
49.99999999999999
48.0
66.49999999999999
27.500000000000007
44.49999999999999
31.999999999999993
59.999999999999986
48.499999999999986
93.0
39.99999999999999
33.0
34.00000000000001
54.499999999999986
76.49999999999999
71.49999999999999
113.99999999999996
113.49999999999999
99.0
74.49999999999999
110.99999999999997
157.5
103.49999999999999
81.99999999999997
45.99999999999999
86.49999999999997
109.5
124.99999999999999
138.5
128.49999999999997
179.49999999999997
185.5
128.0
134.0
148.99999999999997
181.5
307.49999999999994
157.99999999999994
263.5
198.5
308.5
122.5
286.5
107.5
115.0
187.0
203.0
239.50000000000003
293.5
256.5
300.49999999999994
224.0
260.5
299.5
315.5
287.0
389.0
278.0
167.0
256.5
138.99999999999997
406.5
353.0
403.5
337.9999999999999
434.50000000000006
466.0
254.99999999999994
404.5
324.0
347.0
500.0
452.5
303.49999999999994
445.0
500.0
426.0
421.5
490.50000000000006
159.49999999999997
162.49999999999994
156.5
157.49999999999994
156.5
293.49999999999994
500.0
500.0
500.0
500.0
500.0
500.0
484.0
500.0
380.0
500.0
201.49999999999997
244.5
227.99999999999994
291.5
213.0
407.5
375.0
272.99999999999994
349.99999999999994
455.5
494.50000000000006
324.5
500.0
500.0
500.0
500.0
500.0
500.0
500.0
500.0
500.0
500.0
500.0
500.0
326.0
500.0
500.0
452.5
500.0
257.5
296.0
434.0
500.0
500.0
500.0
500.0
500.0
500.0
209.5
352.5
233.49999999999994
194.99999999999997
500.0
500.0
439.0
161.0
176.0
466.5
500.0
500.0
500.0
500.0
500.0
500.0
500.0
500.0
500.0
500.0
500.0
500.0
445.0
422.5
9.5
10.5
9.5
9.5
11.5
13.000000000000004
9.5
12.500000000000002
11.000000000000002
15.000000000000002
13.5
15.000000000000004
14.5
15.000000000000004
12.000000000000002
13.000000000000004
14.000000000000004
13.000000000000004
13.5
15.500000000000002
14.000000000000004
20.5
21.500000000000007
21.500000000000004
24.500000000000007
22.000000000000007
22.500000000000007
21.500000000000007
27.000000000000004
30.500000000000004
29.000000000000007
18.000000000000007
33.5
41.5
33.00000000000001
50.999999999999986
39.0
73.99999999999997
103.99999999999997
106.99999999999997
75.49999999999999
59.999999999999986
86.49999999999999
103.99999999999997
99.5
118.99999999999997
107.49999999999997
135.99999999999997
91.49999999999997
119.0
148.99999999999997
99.49999999999999
103.0
102.5
81.99999999999997
120.50000000000001
92.99999999999999
125.99999999999997
166.0
66.49999999999999
83.49999999999999
69.99999999999999
69.0
60.49999999999998
93.99999999999999
88.5
73.5
64.99999999999997
98.99999999999999
62.999999999999986
64.99999999999997
38.99999999999999
41.0
47.0
44.99999999999998
62.999999999999986
50.99999999999997
47.999999999999986
62.999999999999986
67.49999999999999
69.49999999999999
67.49999999999997
80.99999999999997
81.49999999999997
137.49999999999997
118.5
104.99999999999997
124.49999999999997
100.99999999999997
141.99999999999997
110.0
97.5
78.99999999999999
85.99999999999997
115.49999999999997
81.0
98.0
92.49999999999999
118.99999999999999
194.0
113.5
83.49999999999997
79.99999999999997
68.99999999999997
67.99999999999999
57.999999999999986
58.49999999999999
66.99999999999999
54.499999999999986
59.99999999999998
62.49999999999997
103.5
61.49999999999997
97.5
98.5
76.49999999999997
96.99999999999997
93.99999999999997
143.99999999999997
80.99999999999997
70.49999999999999
58.999999999999986
92.49999999999999
64.49999999999999
75.49999999999997
46.49999999999997
65.99999999999997
60.99999999999999
123.99999999999997
111.49999999999997
139.0
77.5
80.49999999999999
132.0
137.49999999999997
96.99999999999999
93.5
100.99999999999997
255.00000000000003
104.5
143.5
202.0
79.49999999999999
211.0
126.99999999999997
121.50000000000001
135.5
93.0
136.0
118.49999999999997
222.99999999999994
131.99999999999997
152.0
87.49999999999999
139.99999999999997
134.49999999999997
148.99999999999997
183.5
111.5
102.99999999999999
99.99999999999997
202.99999999999997
128.99999999999997
89.99999999999997
145.5
156.99999999999997
141.99999999999997
139.5
129.99999999999997
128.99999999999997
131.49999999999997
320.5
120.0
218.0
153.5
280.0
212.5
95.99999999999997
142.5
153.99999999999997
90.49999999999999
116.49999999999997
99.49999999999997
103.49999999999999
100.99999999999997
146.99999999999997
207.99999999999997
134.0
180.0
289.49999999999994
267.5
132.99999999999997
113.5
90.99999999999997
99.0
138.49999999999997
101.99999999999997
125.99999999999999
122.49999999999997
215.99999999999997
12.500000000000004
14.500000000000002
32.49999999999999
14.000000000000004
22.5
41.99999999999999
30.499999999999996
26.000000000000007
11.0
25.000000000000007
12.000000000000002
18.000000000000004
20.000000000000007
14.500000000000004
17.5
17.0
22.000000000000007
22.500000000000004
28.0
32.5
17.500000000000004
16.000000000000004
18.000000000000007
13.500000000000004
13.5
30.500000000000004
30.999999999999996
16.5
25.500000000000007
16.500000000000004
41.5
16.500000000000004
19.000000000000004
22.500000000000004
23.5
34.5
18.000000000000007
28.5
24.000000000000007
41.5
23.000000000000007
48.999999999999986
32.5
25.500000000000004
25.500000000000007
18.000000000000007
30.0
24.500000000000007
21.000000000000007
18.500000000000004
25.5
23.500000000000007
17.000000000000004
30.999999999999986
27.500000000000007
21.5
22.5
22.000000000000007
22.500000000000007
36.0
21.000000000000007
16.000000000000004
15.500000000000004
15.000000000000004
14.0
19.000000000000004
22.0
25.500000000000007
29.000000000000007
28.500000000000007
13.000000000000004
13.000000000000002
25.0
27.500000000000007
20.500000000000007
50.5
23.000000000000007
15.000000000000004
22.500000000000007
23.000000000000007
20.000000000000004
28.000000000000004
53.5
44.0
25.500000000000007
28.0
36.999999999999986
20.000000000000007
42.99999999999999
41.5
29.499999999999993
29.000000000000007
30.999999999999986
16.500000000000004
23.500000000000004
11.500000000000002
23.000000000000004
17.0
17.000000000000004
13.000000000000004
11.0
21.500000000000007
14.500000000000004
19.000000000000004
13.0
19.000000000000004
26.500000000000007
12.500000000000002
19.000000000000004
13.000000000000004
19.000000000000004
24.000000000000007
20.000000000000007
15.000000000000004
20.5
21.000000000000007
26.5
23.5
14.000000000000004
24.5
21.500000000000007
22.000000000000004
24.500000000000007
27.500000000000004
24.500000000000007
14.500000000000002
17.000000000000004
21.500000000000007
24.000000000000007
13.000000000000004
26.500000000000004
16.000000000000004
27.500000000000004
19.500000000000007
30.000000000000007
15.500000000000002
29.5
25.000000000000007
45.499999999999986
14.500000000000002
22.500000000000007
20.500000000000007
16.500000000000004
48.99999999999999
24.500000000000007
27.500000000000004
32.499999999999986
12.000000000000002
51.499999999999986
33.50000000000001
26.500000000000007
17.0
11.5
14.500000000000002
16.500000000000004
18.5
30.500000000000004
21.5
19.000000000000007
21.000000000000007
20.000000000000007
16.0
16.500000000000004
21.000000000000004
13.500000000000004
28.000000000000007
31.999999999999986
40.499999999999986
21.000000000000004
25.000000000000007
16.5
24.500000000000004
20.0
28.999999999999993
18.000000000000004
20.000000000000007
18.500000000000004
26.500000000000007
20.500000000000004
19.000000000000004
12.500000000000004
31.499999999999993
17.000000000000004
17.000000000000004
41.999999999999986
16.5
18.500000000000004
21.000000000000007
30.000000000000007
40.5
23.500000000000007
24.500000000000007
22.000000000000004
13.000000000000004
23.5
30.500000000000007
31.000000000000004
30.000000000000007
21.500000000000007
21.500000000000007
19.000000000000007
31.49999999999999
15.000000000000004
14.000000000000002
21.0
25.000000000000004
19.000000000000004
21.5
19.000000000000004
16.500000000000004
25.500000000000007
13.000000000000004
21.000000000000007
28.500000000000007
20.5
19.000000000000004
20.000000000000004
20.000000000000004
35.99999999999999
33.499999999999986
61.499999999999986
16.0
17.500000000000007
29.500000000000007
16.500000000000004
56.0
32.99999999999999
41.0
29.500000000000007
26.5
25.500000000000007
33.0
23.500000000000007
29.0
42.499999999999986
22.000000000000007
15.000000000000004
21.500000000000004
20.500000000000007
21.0
18.500000000000004
26.000000000000007
22.000000000000004
69.0
33.50000000000001
19.500000000000007
24.000000000000004
27.500000000000007
32.0
39.5
40.5
44.999999999999986
28.999999999999996
22.000000000000007
25.000000000000007
25.5
26.000000000000004
16.500000000000004
14.0
20.5
15.500000000000004
67.00000000000001
53.49999999999998
33.50000000000001
24.000000000000004
21.5
22.500000000000007
22.000000000000004
65.0
14.500000000000002
12.000000000000002
32.5
33.49999999999999
33.00000000000001
30.500000000000007
34.999999999999986
80.49999999999997
40.0
26.500000000000007
52.0
109.99999999999999
63.499999999999986
47.499999999999986
70.49999999999999
84.99999999999999
57.49999999999999
50.499999999999986
77.49999999999997
80.49999999999999
55.5
54.499999999999986
35.5
42.499999999999986
44.49999999999999
41.49999999999999
28.000000000000007
48.99999999999999
81.49999999999999
44.499999999999986
37.99999999999999
109.49999999999997
120.49999999999997
121.49999999999997
37.5
33.5
31.000000000000007
39.499999999999986
75.0
66.99999999999999
74.99999999999999
172.49999999999997
141.5
106.49999999999999
156.0
210.0
281.0
360.0
427.5
390.5
325.5
283.49999999999994
357.5
140.5
162.5
154.49999999999997
204.5
193.0
202.0
243.99999999999994
304.5
255.0
395.5
326.49999999999994
338.99999999999994
353.5
380.5
365.99999999999994
395.5
258.0
156.99999999999997
278.0
316.5
395.0
266.5
387.5
321.0
289.99999999999994
365.50000000000006
309.49999999999994
353.0
500.0
374.50000000000006
391.5
304.0
348.49999999999994
377.99999999999994
312.99999999999994
453.5000000000001
389.0
255.00000000000003
363.99999999999994
340.49999999999994
275.5
410.0
329.5
362.50000000000006
290.99999999999994
336.99999999999994
360.5
397.5
371.99999999999994
461.0
331.49999999999994
353.49999999999994
327.5
337.0
447.0
393.0
370.99999999999994
398.5
440.5
483.00000000000006
285.5
241.5
492.0
379.5
500.0
406.5
369.5
380.0
355.99999999999994
275.5
343.9999999999999
367.5
370.5
450.5
385.5
228.99999999999997
329.99999999999994
344.5
